,FIRE_NUMBER,VERSION_NUMBER,FIRE_YEAR,FIRE_SIZE_HECTARES,SOURCE,TRACK_DATE,LOAD_DATE,FIRE_STATUS,FEATURE_CODE,FEATURE_AREA_SQM,FEATURE_LENGTH_M,OBJECTID,GlobalID,Shape__Area,Shape__Length,FIRE_URL,geometry
0,2023-07-29 10:30:57,2023072301,2023,1297.6,Non-corrected ground GPS,1690095600000,1690150597000,Being Held,JA70003000,12976019.9663,30777.7755,6,ea3fd293-cd53-4a29-91d7-9386dc67aa40,35821013.4140625,51136.1630753941,https://wildfiresituation.nrs.gov.bc.ca/incidents?fireYear=2023&incidentNumber=C11243,"POLYGON ((-123.387317 53.051025, -123.387335 53.050994, -123.387342 53.050929, -123.387308 53.050881, -123.387304 53.050876, -123.387299 53.050869, -123.387278 53.050819, -123.387237 53.050771, -123.387193 53.050718, -123.387128 53.050677, -123.387058 53.050635, -123.386972 53.050597, -123.38689 53.050547, -123.386794 53.050503, -123.386698 53.050445, -123.386622 53.050403, -123.386529 53.050352, -123.386416 53.050307, -123.386311 53.050273, -123.386223 53.050232, -123.386121 53.050186, -123.386009 53.050152, -123.385832 53.050103, -123.385676 53.050046, -123.385546 53.050005, -123.385435 53.050011, -123.385345 53.050009, -123.385245 53.050021, -123.385151 53.049952, -123.385073 53.049911, -123.384957 53.049895, -123.384866 53.049874, -123.384747 53.04984, -123.38466 53.049766, -123.384534 53.049707, -123.384366 53.049681, -123.384203 53.049618, -123.384089 53.049595, -123.383911 53.049553, -123.383821 53.049547, -123.383732 53.049528, -123.383626 53.049497, -123.38352 53.049433, -123.38339 53.049366, -123.383296 53.049249, -123.383192 53.049173, -123.383116 53.049101, -123.382982 53.048978, -123.38291 53.048925, -123.382823 53.048863, -123.382703 53.048776, -123.382563 53.048629, -123.382473 53.048539, -123.38235 53.048469, -123.382263 53.048404, -123.382168 53.048316, -123.382086 53.048223, -123.381983 53.048145, -123.381914 53.048083, -123.381851 53.048023, -123.381772 53.047956, -123.381686 53.047865, -123.381629 53.047729, -123.381628 53.047617, -123.381597 53.047543, -123.381574 53.047476, -123.381543 53.047408, -123.381541 53.047345, -123.381559 53.047267, -123.381586 53.047198, -123.381631 53.047132, -123.381702 53.047074, -123.381736 53.047027, -123.381793 53.046981, -123.381931 53.0469, -123.382012 53.046858, -123.382223 53.046709, -123.382302 53.04664, -123.382392 53.0466, -123.382394 53.046599, -123.382395 53.046585, -123.382406 53.046576, -123.382445 53.046542, -123.382897 53.046153, -123.382998 53.04606, -123.383052 53.046007, -123.383112 53.04594, -123.383175 53.04588, -123.383252 53.045815, -123.383322 53.045753, -123.383382 53.0457, -123.383423 53.045665, -123.383447 53.045643, -123.383477 53.04563, -123.383508 53.0456, -123.383527 53.045583, -123.383537 53.04556, -123.383552 53.045542, -123.383578 53.045505, -123.383622 53.04545, -123.383673 53.045385, -123.383725 53.045318, -123.38377 53.045255, -123.3838 53.045203, -123.383797 53.045115, -123.383745 53.0451, -123.383708 53.045097, -123.383643 53.045117, -123.383557 53.04516, -123.383478 53.045193, -123.383402 53.045215, -123.383315 53.045217, -123.383215 53.045215, -123.383127 53.045207, -123.38306 53.0452, -123.383005 53.045192, -123.382965 53.045177, -123.382925 53.045145, -123.3829 53.045102, -123.38287 53.045048, -123.38281 53.044983, -123.382742 53.044908, -123.382665 53.044838, -123.382583 53.044782, -123.382495 53.044737, -123.382377 53.044688, -123.382289 53.044653, -123.382075 53.044533, -123.382013 53.044488, -123.381975 53.044452, -123.381943 53.044412, -123.38189 53.044348, -123.381833 53.044278, -123.381793 53.044215, -123.38177 53.04416, -123.381747 53.044097, -123.381705 53.044032, -123.381652 53.043958, -123.381602 53.043887, -123.381552 53.043817, -123.381515 53.043738, -123.381473 53.043657, -123.381442 53.043588, -123.381403 53.043528, -123.381345 53.043482, -123.381272 53.043433, -123.381182 53.043387, -123.38108 53.04335, -123.380978 53.043305, -123.380898 53.043253, -123.380842 53.04319, -123.380793 53.04313, -123.380762 53.043065, -123.380767 53.043, -123.380797 53.042943, -123.380827 53.042895, -123.380832 53.042852, -123.38083 53.042805, -123.380807 53.042755, -123.380758 53.042705, -123.380717 53.04265, -123.380668 53.042602, -123.38061 53.042553, -123.380547 53.042505, -123.380482 53.042457, -123.3804 53.042412, -123.380307 53.042357, -123.380218 53.04232, -123.38013 53.042288, -123.380052 53.04225, -123.379977 53.042207, -123.379915 53.04215, -123.379848 53.042098, -123.379792 53.042047, -123.379762 53.042008, -123.379747 53.041963, -123.379767 53.041898, -123.379803 53.041823, -123.379843 53.041742, -123.379858 53.041652, -123.379833 53.041567, -123.379788 53.04148, -123.379755 53.041422, -123.379735 53.041387, -123.379712 53.041283, -123.379733 53.04119, -123.379773 53.041107, -123.379813 53.041037, -123.379847 53.040953, -123.379847 53.040843, -123.379813 53.04073, -123.379755 53.040613, -123.379692 53.040507, -123.379628 53.0404, -123.379552 53.040318, -123.379497 53.04028, -123.379472 53.040255, -123.379455 53.040239, -123.379407 53.04019, -123.379382 53.040115, -123.379365 53.040018, -123.379355 53.039943, -123.379352 53.039915, -123.379323 53.039812, -123.3793 53.039744, -123.379299 53.039727, -123.379328 53.039627, -123.379393 53.039548, -123.379458 53.039492, -123.379522 53.03943, -123.379573 53.03937, -123.379613 53.039325, -123.37963 53.039277, -123.379637 53.039251, -123.379867 53.039167, -123.380257 53.039026, -123.381245 53.038668, -123.381235 53.038604, -123.381227 53.038557, -123.381218 53.03853, -123.381212 53.038508, -123.381203 53.03849, -123.381217 53.038472, -123.381223 53.038452, -123.381215 53.038427, -123.38118 53.038412, -123.38114 53.038398, -123.381107 53.038388, -123.381107 53.038368, -123.381093 53.038348, -123.381143 53.038352, -123.3812 53.038357, -123.381232 53.038343, -123.381265 53.038332, -123.38131 53.038325, -123.381337 53.038317, -123.38136 53.038305, -123.38139 53.03829, -123.381418 53.038278, -123.381445 53.03827, -123.381475 53.038255, -123.381492 53.038233, -123.381505 53.038215, -123.381545 53.03821, -123.381577 53.038203, -123.381617 53.038203, -123.381655 53.038202, -123.381692 53.038198, -123.381718 53.038187, -123.381742 53.038168, -123.381752 53.038148, -123.381762 53.038125, -123.381767 53.038105, -123.381785 53.03808, -123.381812 53.038065, -123.381848 53.038048, -123.381878 53.03804, -123.381915 53.03803, -123.381932 53.03801, -123.38194 53.03799, -123.381958 53.037972, -123.381975 53.037947, -123.382007 53.037942, -123.382042 53.037942, -123.382077 53.037935, -123.382107 53.037925, -123.382138 53.037908, -123.382177 53.037893, -123.382207 53.037878, -123.382237 53.037872, -123.382275 53.037863, -123.382302 53.037853, -123.382333 53.03784, -123.382368 53.037823, -123.382398 53.037815, -123.382433 53.037805, -123.382462 53.037798, -123.382492 53.037787, -123.382522 53.037768, -123.382547 53.037752, -123.382568 53.037733, -123.382597 53.03772, -123.382633 53.037712, -123.38265 53.037697, -123.382678 53.037683, -123.3827 53.03767, -123.382725 53.037647, -123.382758 53.037645, -123.382788 53.037645, -123.382812 53.037632, -123.382837 53.037605, -123.382887 53.037585, -123.382923 53.037592, -123.38296 53.037605, -123.382988 53.037613, -123.383027 53.037615, -123.383055 53.037622, -123.383092 53.037628, -123.38313 53.037633, -123.383167 53.037637, -123.383203 53.03764, -123.383235 53.03765, -123.38326 53.03766, -123.38329 53.03766, -123.38332 53.037655, -123.383362 53.037657, -123.383392 53.037657, -123.383427 53.037653, -123.383457 53.037647, -123.383492 53.03764, -123.383515 53.037627, -123.383537 53.037612, -123.383567 53.037598, -123.383603 53.037597, -123.383642 53.037592, -123.383673 53.037587, -123.383715 53.037583, -123.383747 53.037582, -123.383775 53.037575, -123.383805 53.037572, -123.383838 53.037563, -123.383875 53.037555, -123.383907 53.037552, -123.383933 53.037543, -123.383965 53.037533, -123.383997 53.037525, -123.384028 53.037512, -123.384053 53.037495, -123.384075 53.03748, -123.38409 53.037462, -123.384122 53.037443, -123.384148 53.037435, -123.384173 53.037422, -123.384195 53.037403, -123.384225 53.03739, -123.384237 53.037368, -123.384263 53.03735, -123.3843 53.037348, -123.384337 53.037352, -123.384375 53.037352, -123.384407 53.037343, -123.384437 53.037338, -123.384468 53.037327, -123.384505 53.037323, -123.384533 53.03733, -123.384562 53.037323, -123.384592 53.037313, -123.384657 53.03733, -123.384682 53.03734, -123.384645 53.037302, -123.384628 53.037287, -123.384633 53.037262, -123.384625 53.037243, -123.384608 53.037227, -123.384628 53.03721, -123.384635 53.037188, -123.384653 53.037172, -123.384663 53.037153, -123.384698 53.037153, -123.384728 53.037153, -123.384758 53.037142, -123.384787 53.03713, -123.384798 53.03711, -123.384807 53.037087, -123.384815 53.037067, -123.384843 53.037058, -123.384877 53.037053, -123.384892 53.037037, -123.3849 53.037015, -123.384928 53.037003, -123.384945 53.03698, -123.38495 53.036948, -123.38496 53.036928, -123.384992 53.03692, -123.385025 53.036915, -123.385058 53.036902, -123.385072 53.036885, -123.38509 53.036863, -123.385118 53.03685, -123.38515 53.03684, -123.385183 53.036825, -123.385205 53.036812, -123.385245 53.036805, -123.385275 53.036805, -123.3853 53.03679, -123.385322 53.036773, -123.38525 53.036733, -123.385247 53.03671, -123.385232 53.036693, -123.385257 53.036665, -123.385258 53.036645, -123.385262 53.036627, -123.385268 53.036605, -123.38529 53.036585, -123.385303 53.036563, -123.385322 53.036543, -123.385337 53.036522, -123.385338 53.0365, -123.38534 53.03648, -123.385317 53.036458, -123.3853 53.036443, -123.385273 53.036425, -123.385263 53.036407, -123.385263 53.036387, -123.385245 53.036372, -123.38521 53.036355, -123.38519 53.03634, -123.385175 53.036323, -123.3852 53.036312, -123.385208 53.036293, -123.385207 53.036273, -123.385193 53.036253, -123.38519 53.036235, -123.38516 53.036227, -123.38513 53.03622, -123.385097 53.036212, -123.385065 53.03621, -123.385032 53.036202, -123.384995 53.036197, -123.384967 53.036183, -123.38493 53.036175, -123.384902 53.03616, -123.384747 53.036148, -123.384722 53.03616, -123.384698 53.036172, -123.384672 53.036182, -123.384635 53.036175, -123.384593 53.036168, -123.384562 53.036178, -123.384523 53.036192, -123.384493 53.036197, -123.384452 53.036197, -123.384422 53.0362, -123.384377 53.036198, -123.384345 53.036192, -123.384307 53.036188, -123.384272 53.036178, -123.384242 53.036173, -123.384213 53.036183, -123.384182 53.036195, -123.38415 53.036197, -123.384117 53.036185, -123.384095 53.036167, -123.38407 53.036155, -123.38404 53.036165, -123.384008 53.036177, -123.383977 53.036183, -123.383945 53.036178, -123.383913 53.036173, -123.383877 53.036175, -123.383837 53.036172, -123.383805 53.03617, -123.383777 53.03618, -123.383792 53.036162, -123.38378 53.036122, -123.383748 53.036113, -123.383718 53.036115, -123.383677 53.036125, -123.383643 53.03613, -123.383602 53.036137, -123.383573 53.036155, -123.383254 53.036161, -123.38226 53.036388, -123.380941 53.037511, -123.380947 53.037498, -123.380932 53.037475, -123.38093 53.037435, -123.380928 53.037413, -123.380927 53.037388, -123.38092 53.037368, -123.380923 53.037345, -123.380923 53.037323, -123.380925 53.037298, -123.380917 53.037272, -123.380912 53.037252, -123.380907 53.037233, -123.380908 53.037208, -123.380928 53.037167, -123.380915 53.037149, -123.380917 53.037138, -123.380918 53.037112, -123.38089 53.037058, -123.380882 53.037035, -123.380858 53.037017, -123.38084 53.036992, -123.380815 53.036973, -123.380803 53.036948, -123.380788 53.036928, -123.380768 53.036898, -123.380743 53.036867, -123.380725 53.036843, -123.380707 53.036823, -123.380682 53.03681, -123.380648 53.036798, -123.380637 53.03678, -123.380623 53.036762, -123.380605 53.03674, -123.380587 53.036722, -123.380558 53.03671, -123.380525 53.036692, -123.38051 53.036672, -123.380477 53.036652, -123.380458 53.036633, -123.380428 53.036612, -123.380242 53.036493, -123.380213 53.036477, -123.380178 53.036462, -123.380152 53.03645, -123.380123 53.036437, -123.380095 53.03643, -123.380072 53.036417, -123.380052 53.0364, -123.380007 53.036398, -123.379967 53.036395, -123.379935 53.036382, -123.379898 53.036385, -123.379867 53.036387, -123.379832 53.036385, -123.379793 53.036395, -123.379753 53.036395, -123.379722 53.036397, -123.379678 53.03639, -123.379643 53.03639, -123.379608 53.036388, -123.379572 53.03639, -123.37953 53.036398, -123.379495 53.036395, -123.379453 53.036397, -123.379412 53.0364, -123.37938 53.03641, -123.379357 53.036423, -123.379323 53.03642, -123.379293 53.036418, -123.379265 53.036425, -123.379227 53.036425, -123.379182 53.036428, -123.37912 53.036453, -123.379077 53.036468, -123.379055 53.036487, -123.379035 53.036505, -123.379005 53.036518, -123.378988 53.036535, -123.379005 53.03656, -123.379025 53.03658, -123.37906 53.036613, -123.3791 53.036638, -123.379128 53.036652, -123.379152 53.036668, -123.379182 53.036692, -123.379205 53.03672, -123.379227 53.036743, -123.37924 53.036773, -123.379244 53.036782, -123.379257 53.03681, -123.379277 53.036848, -123.379283 53.03687, -123.379317 53.036885, -123.379355 53.036897, -123.379373 53.036915, -123.379412 53.036937, -123.379457 53.036962, -123.379488 53.036982, -123.379518 53.036992, -123.379555 53.037018, -123.379598 53.037043, -123.379617 53.037058, -123.379647 53.03707, -123.379687 53.037085, -123.379728 53.0371, -123.379757 53.037112, -123.379792 53.037132, -123.379833 53.03715, -123.379867 53.037163, -123.379897 53.037178, -123.379928 53.037198, -123.379968 53.037215, -123.379993 53.037225, -123.380009 53.037246, -123.38002 53.037262, -123.380052 53.037285, -123.380058 53.03731, -123.380043 53.037333, -123.380042 53.037353, -123.380035 53.037372, -123.38003 53.037393, -123.38002 53.03742, -123.380007 53.037445, -123.379983 53.037467, -123.379953 53.037475, -123.379907 53.03748, -123.379888 53.037483, -123.379843 53.037498, -123.379818 53.03751, -123.379795 53.037523, -123.379775 53.037547, -123.37976 53.037572, -123.379747 53.0376, -123.379747 53.037622, -123.379753 53.037643, -123.379763 53.037663, -123.37979 53.037683, -123.379812 53.037702, -123.379818 53.037727, -123.379833 53.037748, -123.379857 53.037767, -123.379878 53.037782, -123.379895 53.037808, -123.379893 53.037837, -123.379908 53.037857, -123.379908 53.037878, -123.379905 53.037903, -123.379898 53.037927, -123.37987 53.037942, -123.37984 53.037943, -123.379803 53.037945, -123.379775 53.037952, -123.379747 53.03796, -123.379715 53.037968, -123.379672 53.03798, -123.379623 53.03799, -123.379588 53.038003, -123.379543 53.038018, -123.37951 53.03804, -123.379478 53.038047, -123.379437 53.038045, -123.379402 53.03805, -123.37937 53.038058, -123.379337 53.038068, -123.37931 53.038088, -123.379277 53.0381, -123.379243 53.038108, -123.379208 53.03811, -123.379178 53.038117, -123.379143 53.03812, -123.379098 53.03812, -123.379067 53.038097, -123.379048 53.038073, -123.37902 53.03806, -123.379015 53.038042, -123.378982 53.03803, -123.378943 53.038027, -123.378887 53.038027, -123.378848 53.038008, -123.378818 53.038003, -123.378782 53.038007, -123.378747 53.03802, -123.378723 53.038033, -123.378703 53.038053, -123.378658 53.038063, -123.378623 53.038068, -123.378593 53.038082, -123.37856 53.038088, -123.37853 53.038115, -123.378497 53.038122, -123.378453 53.038123, -123.378415 53.038125, -123.37838 53.038135, -123.378343 53.038137, -123.378305 53.038142, -123.378268 53.038158, -123.378243 53.038172, -123.378217 53.03818, -123.378187 53.038193, -123.378147 53.038197, -123.378122 53.038213, -123.378103 53.038237, -123.378087 53.038258, -123.378067 53.038273, -123.378057 53.038293, -123.378065 53.038313, -123.378048 53.038335, -123.378022 53.038348, -123.377993 53.038358, -123.37796 53.038367, -123.377952 53.03839, -123.37793 53.038405, -123.3779 53.03841, -123.37788 53.038427, -123.377863 53.038442, -123.377838 53.038455, -123.377828 53.038477, -123.377813 53.038498, -123.3778 53.03853, -123.377815 53.038568, -123.377795 53.038585, -123.377757 53.038588, -123.377718 53.0386, -123.377688 53.038602, -123.377648 53.038615, -123.37761 53.038623, -123.377583 53.038637, -123.377568 53.038655, -123.37754 53.038665, -123.377497 53.03867, -123.377465 53.038668, -123.377427 53.038663, -123.377397 53.038645, -123.377375 53.038627, -123.377343 53.03861, -123.377325 53.03859, -123.377305 53.038575, -123.37727 53.038565, -123.377237 53.038563, -123.377208 53.038573, -123.377195 53.0386, -123.377167 53.038608, -123.377125 53.038613, -123.377102 53.038632, -123.37708 53.038645, -123.377045 53.038637, -123.377012 53.038627, -123.376982 53.038622, -123.376963 53.038605, -123.376927 53.038595, -123.376893 53.038605, -123.376862 53.0386, -123.376833 53.038587, -123.376765 53.038583, -123.376735 53.038588, -123.376655 53.038612, -123.376625 53.038618, -123.376598 53.038627, -123.376567 53.03862, -123.37653 53.038612, -123.376525 53.038592, -123.37649 53.038597, -123.376458 53.038608, -123.376437 53.038625, -123.376407 53.038628, -123.376372 53.038627, -123.376337 53.038613, -123.376293 53.038603, -123.376262 53.038597, -123.376232 53.038577, -123.376197 53.038568, -123.376162 53.038557, -123.376138 53.038537, -123.376122 53.03852, -123.376083 53.038507, -123.376058 53.038488, -123.376042 53.038473, -123.376028 53.038452, -123.376 53.038443, -123.37597 53.03843, -123.37594 53.03842, -123.375905 53.038415, -123.375893 53.038398, -123.375885 53.03838, -123.375868 53.038363, -123.375817 53.038325, -123.375795 53.038307, -123.375775 53.038288, -123.375738 53.038282, -123.375729 53.038279, -123.375503 53.03829, -123.374265 53.037583, -123.369721 53.037797, -123.369272 53.03779, -123.369218 53.037783, -123.369161 53.037781, -123.369121 53.037765, -123.369082 53.037744, -123.369056 53.037724, -123.369021 53.03772, -123.368972 53.037731, -123.368923 53.037722, -123.368879 53.037723, -123.368842 53.037714, -123.368795 53.037697, -123.368766 53.037666, -123.368744 53.037645, -123.368685 53.037636, -123.368631 53.037627, -123.368595 53.037608, -123.368601 53.037586, -123.368572 53.037579, -123.368553 53.037563, -123.368559 53.037545, -123.368526 53.037536, -123.368488 53.037523, -123.368461 53.037516, -123.368403 53.037508, -123.368355 53.03749, -123.368298 53.037473, -123.368264 53.037452, -123.368212 53.037429, -123.368146 53.037411, -123.368101 53.037395, -123.368059 53.037377, -123.368015 53.037351, -123.367973 53.037331, -123.367929 53.037311, -123.367893 53.037291, -123.367841 53.037265, -123.367798 53.037239, -123.367766 53.037204, -123.367735 53.037189, -123.367691 53.037187, -123.367645 53.037192, -123.367612 53.037187, -123.36762 53.03717, -123.367575 53.037177, -123.367555 53.037159, -123.367521 53.037159, -123.367492 53.037169, -123.367466 53.037157, -123.367352 53.037129, -123.36721 53.03712, -123.367055 53.037121, -123.366876 53.037149, -123.36671 53.037208, -123.36658 53.037256, -123.366371 53.037216, -123.36627 53.037139, -123.366108 53.037009, -123.365926 53.0368, -123.36598 53.036612, -123.366095 53.036494, -123.366153 53.036382, -123.366207 53.036252, -123.366231 53.036149, -123.366296 53.036041, -123.366326 53.035881, -123.366335 53.035746, -123.366369 53.035606, -123.366412 53.03546, -123.366426 53.035332, -123.36642 53.035283, -123.366415 53.035215, -123.366345 53.035134, -123.366242 53.035033, -123.366112 53.034933, -123.366091 53.034935, -123.366101 53.034917, -123.366055 53.034938, -123.365691 53.034746, -123.365687 53.034573, -123.365774 53.034411, -123.36582 53.034228, -123.365887 53.033981, -123.365906 53.033889, -123.365957 53.033733, -123.365966 53.033556, -123.366138 53.033424, -123.366278 53.033294, -123.366367 53.033106, -123.366442 53.032954, -123.366503 53.032825, -123.36658 53.032702, -123.366591 53.032683, -123.366659 53.032563, -123.366714 53.032448, -123.366763 53.032336, -123.36672 53.032227, -123.366643 53.032217, -123.366656 53.032199, -123.366633 53.032177, -123.366454 53.032165, -123.366304 53.032232, -123.366195 53.0324, -123.366108 53.032512, -123.366094 53.032564, -123.366059 53.032622, -123.366044 53.032648, -123.365955 53.0328, -123.365877 53.032954, -123.365814 53.033126, -123.365795 53.033256, -123.365657 53.033396, -123.365547 53.03354, -123.365496 53.033712, -123.365408 53.033899, -123.365189 53.034037, -123.36489 53.034117, -123.364656 53.033974, -123.364617 53.033904, -123.364613 53.033748, -123.364611 53.033556, -123.36465 53.033401, -123.364727 53.033222, -123.364795 53.033063, -123.364904 53.032878, -123.365062 53.032733, -123.36525 53.032619, -123.365267 53.032598, -123.365368 53.032476, -123.365489 53.032317, -123.365627 53.032095, -123.365704 53.031986, -123.365738 53.031951, -123.365782 53.031883, -123.365853 53.03177, -123.365865 53.031681, -123.365908 53.03156, -123.366071 53.031444, -123.366178 53.031283, -123.366259 53.031185, -123.366366 53.03103, -123.366487 53.030885, -123.366538 53.030747, -123.366467 53.030629, -123.366314 53.030516, -123.366138 53.030462, -123.365835 53.030465, -123.365686 53.030476, -123.365674 53.030367, -123.365738 53.030231, -123.365632 53.030137, -123.365426 53.030084, -123.365274 53.030043, -123.365092 53.029946, -123.364887 53.029887, -123.364797 53.029851, -123.364618 53.029842, -123.364451 53.029716, -123.364341 53.029525, -123.364179 53.029386, -123.363944 53.029278, -123.36364 53.029201, -123.363593 53.02903, -123.363453 53.028895, -123.363219 53.028783, -123.362944 53.028696, -123.362734 53.028613, -123.362701 53.028601, -123.362689 53.028584, -123.362582 53.028526, -123.362412 53.028523, -123.362175 53.028637, -123.361932 53.028672, -123.361661 53.028625, -123.361467 53.028518, -123.361506 53.028329, -123.361662 53.028169, -123.361606 53.028072, -123.361403 53.028006, -123.361158 53.027936, -123.36104 53.027849, -123.361004 53.027711, -123.360986 53.027703, -123.360943 53.027711, -123.360966 53.027762, -123.360984 53.027813, -123.360888 53.027963, -123.360702 53.028107, -123.360436 53.028104, -123.360181 53.028027, -123.35996 53.028089, -123.359726 53.028187, -123.359636 53.028344, -123.359513 53.028493, -123.359321 53.028482, -123.359118 53.028394, -123.358959 53.028217, -123.358919 53.028096, -123.358881 53.028031, -123.35871 53.027927, -123.358675 53.02775, -123.35862 53.027547, -123.358659 53.027369, -123.358672 53.027307, -123.358861 53.027115, -123.358669 53.026922, -123.358542 53.026741, -123.35848 53.026664, -123.358479 53.026533, -123.358473 53.026366, -123.358526 53.026192, -123.358387 53.026082, -123.358201 53.026048, -123.358038 53.025965, -123.357957 53.025836, -123.357824 53.025654, -123.357479 53.025616, -123.357346 53.025612, -123.357074 53.025642, -123.356792 53.025681, -123.35652 53.025691, -123.35632 53.025605, -123.356275 53.025473, -123.356202 53.025332, -123.356085 53.02519, -123.35597 53.025013, -123.355946 53.024906, -123.355864 53.024769, -123.355762 53.024741, -123.355617 53.024796, -123.355548 53.024899, -123.355433 53.024968, -123.355229 53.025045, -123.355045 53.025087, -123.354294 53.025108, -123.354162 53.025131, -123.353976 53.025234, -123.353883 53.02538, -123.35387 53.025519, -123.353903 53.02568, -123.353722 53.025854, -123.353596 53.025913, -123.35335 53.025967, -123.353301 53.026085, -123.353172 53.026236, -123.35308 53.026301, -123.352977 53.026344, -123.352858 53.026366, -123.352673 53.026382, -123.352569 53.026388, -123.352447 53.026367, -123.352287 53.026338, -123.352205 53.026319, -123.352178 53.026291, -123.352127 53.026227, -123.352088 53.026094, -123.351975 53.025968, -123.351893 53.025883, -123.35182 53.025802, -123.351721 53.025668, -123.351661 53.025527, -123.351742 53.025374, -123.351809 53.025186, -123.351777 53.025008, -123.351611 53.024945, -123.35142 53.024946, -123.351136 53.024913, -123.35101 53.024903, -123.350933 53.024827, -123.350929 53.024702, -123.350931 53.024503, -123.351004 53.02428, -123.351061 53.024113, -123.351117 53.02397, -123.350946 53.023889, -123.350566 53.023819, -123.350429 53.023786, -123.35021 53.02369, -123.35015 53.023616, -123.350089 53.023541, -123.350181 53.023384, -123.350161 53.023224, -123.350023 53.023089, -123.349967 53.022942, -123.349955 53.022816, -123.349903 53.022685, -123.349913 53.022539, -123.349931 53.022397, -123.349906 53.02235, -123.349906 53.022318, -123.349904 53.022275, -123.349901 53.0222, -123.349886 53.022108, -123.349847 53.022029, -123.349789 53.021981, -123.349821 53.021911, -123.349791 53.021854, -123.349787 53.021807, -123.349759 53.021766, -123.349744 53.021697, -123.349583 53.021713, -123.349538 53.021765, -123.349498 53.021783, -123.349413 53.021834, -123.349264 53.021914, -123.349083 53.021963, -123.348755 53.022021, -123.348593 53.022043, -123.348442 53.022095, -123.348338 53.022148, -123.348229 53.022216, -123.348098 53.022246, -123.347894 53.022274, -123.347767 53.022302, -123.347583 53.022294, -123.347574 53.022182, -123.347547 53.022062, -123.34758 53.021912, -123.347636 53.021741, -123.347465 53.021601, -123.347325 53.021539, -123.34716 53.021425, -123.347033 53.021405, -123.346891 53.021399, -123.346722 53.021414, -123.346553 53.021497, -123.346392 53.021588, -123.346165 53.021622, -123.346075 53.021636, -123.345962 53.021654, -123.345725 53.021525, -123.345739 53.021377, -123.345808 53.021201, -123.345763 53.021044, -123.345638 53.020932, -123.345329 53.020838, -123.345117 53.020807, -123.344955 53.020731, -123.344833 53.020681, -123.344669 53.020629, -123.344523 53.020559, -123.34439 53.020485, -123.344256 53.020419, -123.344061 53.020384, -123.343858 53.020353, -123.343653 53.020374, -123.343536 53.020466, -123.343486 53.020576, -123.343383 53.020642, -123.343241 53.020626, -123.343092 53.020609, -123.342901 53.020586, -123.342699 53.020545, -123.342624 53.020536, -123.342516 53.020526, -123.342484 53.020522, -123.342448 53.020522, -123.342329 53.020506, -123.34215 53.020446, -123.341944 53.020371, -123.341801 53.020332, -123.341671 53.020328, -123.341401 53.020337, -123.341276 53.020323, -123.341128 53.020324, -123.340996 53.020293, -123.340904 53.020231, -123.340666 53.020168, -123.340417 53.020115, -123.340261 53.020057, -123.340024 53.019964, -123.339905 53.019915, -123.339758 53.019855, -123.33952 53.019766, -123.33947 53.019648, -123.339603 53.019415, -123.339692 53.019334, -123.339932 53.019263, -123.340104 53.019244, -123.340207 53.019264, -123.340416 53.019291, -123.340574 53.019229, -123.34071 53.019102, -123.340745 53.019006, -123.340583 53.018978, -123.340475 53.019012, -123.340243 53.018992, -123.339933 53.01898, -123.339637 53.018981, -123.33945 53.018926, -123.33935 53.018789, -123.33929 53.018601, -123.339127 53.018405, -123.33903 53.018336, -123.33886 53.018222, -123.338859 53.018087, -123.338997 53.018015, -123.339103 53.017927, -123.339027 53.01786, -123.338972 53.017829, -123.338498 53.017398, -123.33845 53.017335, -123.338416 53.017193, -123.338376 53.017097, -123.338437 53.017004, -123.338505 53.016928, -123.338534 53.016858, -123.338639 53.016739, -123.338754 53.016647, -123.338796 53.016555, -123.338751 53.016493, -123.33863 53.016462, -123.338599 53.016457, -123.338496 53.016454, -123.338341 53.016428, -123.338225 53.016425, -123.338062 53.016425, -123.337857 53.016406, -123.337735 53.01629, -123.337711 53.016133, -123.337781 53.015903, -123.337786 53.01586, -123.337792 53.015804, -123.337923 53.015665, -123.337972 53.015649, -123.338162 53.01559, -123.338426 53.015579, -123.338602 53.015535, -123.338765 53.01544, -123.338837 53.015334, -123.338862 53.015304, -123.338896 53.015224, -123.339067 53.014996, -123.339287 53.014962, -123.339317 53.014891, -123.339343 53.014831, -123.339521 53.014745, -123.339737 53.014747, -123.339742 53.014755, -123.339772 53.014806, -123.33984 53.014875, -123.339897 53.014938, -123.33998 53.014959, -123.34008 53.014959, -123.340356 53.014996, -123.340655 53.015043, -123.340715 53.015087, -123.340903 53.01509, -123.341091 53.015075, -123.34116 53.01506, -123.341442 53.015099, -123.341696 53.015121, -123.341867 53.015084, -123.341959 53.014995, -123.342027 53.014905, -123.342244 53.014848, -123.342374 53.014808, -123.342357 53.014711, -123.34241 53.014511, -123.342457 53.014451, -123.342534 53.01432, -123.342591 53.014177, -123.342601 53.014151, -123.34277 53.014039, -123.342982 53.014044, -123.343169 53.014092, -123.343179 53.014095, -123.343415 53.014096, -123.343664 53.014085, -123.343823 53.014099, -123.34397 53.014089, -123.344136 53.014098, -123.344331 53.014121, -123.344492 53.014076, -123.344511 53.01405, -123.344583 53.014024, -123.344705 53.014047, -123.344804 53.014118, -123.344868 53.014183, -123.344934 53.014269, -123.344973 53.014353, -123.345061 53.014439, -123.345175 53.014494, -123.345312 53.014557, -123.346426 53.014694, -123.346769 53.01495, -123.34689 53.015273, -123.347059 53.01572, -123.346719 53.01642, -123.346269 53.01702, -123.346399 53.01774, -123.347629 53.01822, -123.352889 53.01917, -123.356579 53.01974, -123.358359 53.02005, -123.359869 53.02054, -123.361179 53.02114, -123.363459 53.0225, -123.364619 53.02314, -123.365729 53.02377, -123.366719 53.02441, -123.367659 53.02497, -123.368559 53.02539, -123.369459 53.02566, -123.370319 53.02546, -123.370869 53.02499, -123.371749 53.02377, -123.371989 53.02303, -123.371409 53.02151, -123.371669 53.02087, -123.372589 53.02057, -123.373579 53.02079, -123.374549 53.02119, -123.375679 53.02143, -123.376849 53.02143, -123.377869 53.02103, -123.378569 53.02045, -123.379289 53.01996, -123.380369 53.01985, -123.381429 53.02025, -123.382479 53.02076, -123.383639 53.02119, -123.384879 53.0215, -123.386229 53.02157, -123.387649 53.02129, -123.388137 53.021104, -123.388797 53.021083, -123.38882 53.021063, -123.388837 53.021045, -123.388839 53.021035, -123.388875 53.021025, -123.388892 53.021002, -123.388922 53.020983, -123.388965 53.020983, -123.388995 53.020983, -123.38903 53.020992, -123.38907 53.021002, -123.389105 53.021008, -123.389127 53.021025, -123.389167 53.02103, -123.389205 53.021022, -123.389235 53.021023, -123.389277 53.021017, -123.389319 53.02101, -123.389352 53.021003, -123.389385 53.020997, -123.389415 53.020997, -123.389459 53.02101, -123.389474 53.02103, -123.389497 53.021048, -123.389529 53.021052, -123.389562 53.021043, -123.389599 53.021033, -123.389632 53.021037, -123.389675 53.02103, -123.389714 53.021032, -123.38975 53.02103, -123.389785 53.02102, -123.38983 53.021018, -123.38986 53.02103, -123.389887 53.021043, -123.389897 53.021063, -123.3899 53.021085, -123.389902 53.021103, -123.389919 53.02112, -123.389947 53.02113, -123.38998 53.02114, -123.390084 53.021138, -123.390077 53.021117, -123.390059 53.021098, -123.390077 53.02108, -123.390114 53.021073, -123.39014 53.02106, -123.390177 53.021072, -123.390215 53.021077, -123.390234 53.021092, -123.39025 53.021113, -123.390282 53.021128, -123.39032 53.021118, -123.390367 53.021117, -123.390395 53.021105, -123.390429 53.02109, -123.390429 53.021068, -123.390464 53.021043, -123.390484 53.02102, -123.390499 53.020998, -123.390527 53.020983, -123.390542 53.02096, -123.390559 53.020945, -123.39055 53.020923, -123.390567 53.020892, -123.390587 53.020875, -123.390612 53.020847, -123.390637 53.020825, -123.390687 53.020817, -123.390725 53.020812, -123.390725 53.02079, -123.390749 53.020775, -123.390774 53.020763, -123.390802 53.020753, -123.390832 53.020735, -123.390867 53.020723, -123.390889 53.020707, -123.390883 53.020696, -123.390871 53.020681, -123.390854 53.020667, -123.390849 53.020648, -123.390855 53.020623, -123.39089 53.020615, -123.39091 53.020597, -123.390924 53.020575, -123.390959 53.02056, -123.390985 53.020548, -123.391017 53.020542, -123.391052 53.020528, -123.391095 53.020513, -123.391124 53.020507, -123.391142 53.020487, -123.391187 53.020478, -123.391187 53.020478, -123.391214 53.020487, -123.391237 53.0205, -123.391267 53.020487, -123.391289 53.020472, -123.39129 53.02045, -123.391297 53.020427, -123.3913 53.020407, -123.391304 53.020382, -123.391334 53.020385, -123.391369 53.020377, -123.391389 53.020362, -123.3914 53.020338, -123.391409 53.02032, -123.391419 53.020293, -123.39145 53.020282, -123.391487 53.020275, -123.391522 53.020267, -123.39155 53.020255, -123.391572 53.020242, -123.391595 53.02022, -123.391596 53.020214, -123.391597 53.0202, -123.391565 53.020185, -123.391569 53.020167, -123.391575 53.020127, -123.391544 53.020123, -123.391524 53.020108, -123.391492 53.0201, -123.391457 53.020108, -123.391422 53.020098, -123.391399 53.02011, -123.391395 53.020092, -123.391412 53.020073, -123.39141 53.020055, -123.391412 53.020032, -123.39143 53.020013, -123.391462 53.020005, -123.39147 53.019985, -123.391479 53.01996, -123.391477 53.019937, -123.391445 53.01992, -123.391439 53.019902, -123.39144 53.019882, -123.391452 53.019865, -123.391485 53.01985, -123.391484 53.019827, -123.39146 53.019815, -123.391442 53.019797, -123.391422 53.019777, -123.391409 53.019757, -123.39141 53.019738, -123.39141 53.019718, -123.391414 53.019673, -123.391399 53.019653, -123.391414 53.01963, -123.391439 53.019617, -123.391472 53.019622, -123.391502 53.019613, -123.391532 53.019597, -123.391555 53.019583, -123.391585 53.01958, -123.391627 53.019578, -123.39166 53.019568, -123.391685 53.01955, -123.391685 53.019525, -123.391732 53.01949, -123.39176 53.019477, -123.391792 53.01946, -123.391825 53.019448, -123.391855 53.019438, -123.391889 53.019437, -123.39192 53.019443, -123.39195 53.01945, -123.39198 53.019453, -123.39201 53.019457, -123.392044 53.019453, -123.39208 53.019445, -123.392109 53.019465, -123.392144 53.019475, -123.392182 53.019477, -123.39223 53.01947, -123.392255 53.01948, -123.392292 53.019473, -123.39234 53.01947, -123.392375 53.01947, -123.392415 53.01947, -123.39246 53.019473, -123.392474 53.019455, -123.392474 53.019435, -123.392479 53.019417, -123.392485 53.019398, -123.392485 53.01938, -123.39248 53.019358, -123.392444 53.019355, -123.392419 53.019312, -123.392424 53.01929, -123.392439 53.019267, -123.392449 53.019247, -123.392477 53.01923, -123.392485 53.019202, -123.392482 53.019175, -123.392447 53.019162, -123.392407 53.019175, -123.392375 53.019182, -123.392344 53.019177, -123.392309 53.019178, -123.39227 53.019183, -123.392224 53.019178, -123.392199 53.019168, -123.392169 53.019165, -123.39213 53.019168, -123.392095 53.019167, -123.392057 53.019167, -123.392024 53.019162, -123.391982 53.01915, -123.391949 53.01914, -123.39192 53.019132, -123.39189 53.019133, -123.39186 53.019128, -123.391819 53.019122, -123.391785 53.01912, -123.391752 53.019123, -123.391725 53.019108, -123.391695 53.019092, -123.3917 53.019068, -123.391702 53.019048, -123.391725 53.019027, -123.391759 53.019028, -123.391797 53.019023, -123.391834 53.019025, -123.391874 53.019022, -123.391904 53.01902, -123.39194 53.019013, -123.39197 53.019012, -123.392005 53.019005, -123.392042 53.019, -123.39208 53.018998, -123.39211 53.018993, -123.392152 53.018993, -123.392182 53.018993, -123.392212 53.018992, -123.392295 53.018977, -123.392324 53.018963, -123.392327 53.018945, -123.39232 53.018925, -123.392302 53.018907, -123.392322 53.018883, -123.392344 53.018868, -123.392364 53.018843, -123.392369 53.018822, -123.392385 53.018802, -123.392427 53.018768, -123.392465 53.018753, -123.392481 53.018743, -123.392503 53.01872, -123.392509 53.018712, -123.39253 53.018688, -123.392555 53.018678, -123.392584 53.018672, -123.392632 53.018662, -123.392664 53.01865, -123.39269 53.018635, -123.392702 53.018615, -123.39268 53.0186, -123.392699 53.018583, -123.392714 53.018563, -123.39274 53.018548, -123.392767 53.018537, -123.392772 53.018515, -123.392797 53.0185, -123.392825 53.01849, -123.392852 53.018473, -123.392874 53.018455, -123.392902 53.018438, -123.392929 53.018422, -123.392939 53.0184, -123.39295 53.01838, -123.392949 53.018362, -123.392967 53.018343, -123.392975 53.018325, -123.392992 53.018305, -123.39299 53.018278, -123.392992 53.01826, -123.393012 53.018245, -123.393024 53.018225, -123.393027 53.018207, -123.393044 53.018185, -123.393035 53.018167, -123.393014 53.018153, -123.393014 53.018153, -123.393022 53.01813, -123.393025 53.018112, -123.393027 53.018102, -123.393029 53.018092, -123.393019 53.018068, -123.39302 53.018045, -123.39303 53.018027, -123.393024 53.018007, -123.392987 53.017995, -123.392957 53.017988, -123.392942 53.01797, -123.392954 53.017953, -123.392974 53.017937, -123.392981 53.017922, -123.393075 53.017889, -123.393089 53.017883, -123.39312 53.017885, -123.393152 53.017888, -123.393189 53.017893, -123.393224 53.017907, -123.393252 53.017915, -123.39327 53.017933, -123.39328 53.017957, -123.393297 53.017972, -123.393332 53.017993, -123.393364 53.017997, -123.39338 53.018015, -123.393389 53.018033, -123.393389 53.018052, -123.393382 53.018075, -123.393354 53.018088, -123.393335 53.018103, -123.393329 53.018123, -123.393329 53.018127, -123.39333 53.018143, -123.393314 53.018158, -123.393299 53.018182, -123.393312 53.018208, -123.393319 53.018233, -123.393345 53.018245, -123.393374 53.018257, -123.393367 53.018282, -123.393357 53.018302, -123.393334 53.018317, -123.393299 53.018325, -123.393269 53.018335, -123.393257 53.018357, -123.393262 53.018378, -123.393259 53.0184, -123.393264 53.01845, -123.393252 53.018467, -123.393239 53.018487, -123.393222 53.018508, -123.393212 53.018532, -123.393207 53.018552, -123.393217 53.018577, -123.393227 53.018603, -123.393245 53.018628, -123.39326 53.018648, -123.393267 53.018668, -123.393252 53.018685, -123.393249 53.018707, -123.393244 53.018727, -123.393235 53.018747, -123.39321 53.018765, -123.393217 53.018783, -123.393229 53.018802, -123.39323 53.01882, -123.393217 53.018838, -123.393214 53.018862, -123.393209 53.018887, -123.393225 53.018907, -123.393222 53.018933, -123.393218 53.01895, -123.393215 53.018963, -123.393199 53.018982, -123.39317 53.018992, -123.39313 53.019002, -123.393097 53.018998, -123.393067 53.019002, -123.393074 53.01902, -123.39309 53.01904, -123.393109 53.019058, -123.393104 53.019083, -123.393092 53.019112, -123.393069 53.019123, -123.393047 53.019138, -123.393062 53.019165, -123.393059 53.019192, -123.39304 53.019212, -123.393022 53.019227, -123.393012 53.019248, -123.393007 53.019273, -123.393012 53.019292, -123.393027 53.019308, -123.393045 53.019328, -123.393052 53.019348, -123.393024 53.019363, -123.392995 53.019382, -123.392969 53.0194, -123.392954 53.019418, -123.392919 53.019432, -123.392897 53.019447, -123.392867 53.01946, -123.392852 53.019483, -123.392829 53.019497, -123.392812 53.01952, -123.39281 53.019545, -123.392807 53.019578, -123.392803 53.019605, -123.392795 53.01965, -123.392795 53.019672, -123.3928 53.019693, -123.392804 53.019717, -123.392814 53.019735, -123.39281 53.019755, -123.3928 53.019773, -123.392787 53.019793, -123.392784 53.019812, -123.392772 53.019833, -123.392755 53.019848, -123.392727 53.01986, -123.392717 53.01988, -123.392719 53.019898, -123.3927 53.019922, -123.392702 53.019942, -123.392685 53.019958, -123.392652 53.019975, -123.39263 53.019995, -123.392625 53.02002, -123.392625 53.020043, -123.392602 53.020057, -123.392585 53.020077, -123.392565 53.0201, -123.392539 53.02012, -123.392527 53.02014, -123.392547 53.020173, -123.392565 53.020193, -123.392585 53.02022, -123.392597 53.02024, -123.3926 53.020258, -123.392595 53.02028, -123.39258 53.020297, -123.392557 53.020315, -123.392529 53.02033, -123.392514 53.020357, -123.392485 53.020372, -123.392474 53.020392, -123.392459 53.020412, -123.392422 53.020412, -123.392407 53.020428, -123.392397 53.020448, -123.392394 53.020472, -123.39241 53.020492, -123.392439 53.020503, -123.39247 53.02052, -123.392487 53.020542, -123.392492 53.020562, -123.392485 53.020583, -123.392469 53.020598, -123.392442 53.020612, -123.392422 53.02063, -123.392412 53.020652, -123.392395 53.020675, -123.39237 53.020692, -123.39236 53.020718, -123.392369 53.020738, -123.392384 53.02076, -123.392402 53.020777, -123.392432 53.020793, -123.392447 53.020812, -123.392487 53.020823, -123.392519 53.020818, -123.392549 53.020805, -123.392575 53.02079, -123.392594 53.020772, -123.392624 53.020755, -123.392644 53.020733, -123.392684 53.020718, -123.392714 53.020712, -123.39275 53.020703, -123.392785 53.020683, -123.392812 53.020668, -123.392847 53.02066, -123.392864 53.02064, -123.392875 53.020612, -123.392905 53.020595, -123.392922 53.02058, -123.392929 53.02055, -123.392964 53.020543, -123.392994 53.020528, -123.393024 53.020525, -123.393042 53.020507, -123.393072 53.020497, -123.39311 53.020483, -123.393105 53.020463, -123.393115 53.020443, -123.39313 53.020427, -123.393155 53.020402, -123.393165 53.020378, -123.393195 53.020382, -123.393219 53.02037, -123.393237 53.020353, -123.393267 53.020348, -123.393297 53.02034, -123.393334 53.020337, -123.393365 53.020333, -123.393399 53.020342, -123.393429 53.02033, -123.393465 53.020327, -123.393485 53.020305, -123.393505 53.020285, -123.393544 53.02029, -123.393555 53.020307, -123.39359 53.020318, -123.393619 53.020325, -123.393652 53.020337, -123.3937 53.020362, -123.393715 53.02038, -123.393724 53.020402, -123.393717 53.020422, -123.393699 53.020437, -123.393682 53.020452, -123.393664 53.020475, -123.393642 53.02049, -123.393642 53.02052, -123.39364 53.02054, -123.393614 53.020555, -123.39358 53.020568, -123.393555 53.02058, -123.393545 53.020603, -123.393552 53.020622, -123.393575 53.020635, -123.393595 53.020653, -123.393592 53.020672, -123.39356 53.020677, -123.393559 53.020698, -123.393535 53.020717, -123.393477 53.020745, -123.39345 53.020755, -123.393419 53.020743, -123.393387 53.020738, -123.393349 53.020745, -123.393317 53.020755, -123.393287 53.020767, -123.393259 53.020773, -123.393224 53.02078, -123.393199 53.020795, -123.393182 53.020812, -123.393185 53.020833, -123.393194 53.020852, -123.393202 53.020873, -123.39321 53.020893, -123.39322 53.020912, -123.39322 53.020932, -123.393214 53.020955, -123.393214 53.020975, -123.393237 53.02099, -123.393257 53.021012, -123.393262 53.02103, -123.393259 53.021053, -123.393247 53.02107, -123.393275 53.021082, -123.393305 53.021093, -123.393309 53.021118, -123.393289 53.021142, -123.393257 53.021145, -123.393227 53.021132, -123.393187 53.021132, -123.393159 53.021147, -123.393134 53.021165, -123.393122 53.021182, -123.393119 53.021203, -123.393129 53.02123, -123.393125 53.021252, -123.393132 53.021275, -123.393135 53.021302, -123.393125 53.021325, -123.393097 53.021333, -123.393072 53.021343, -123.393065 53.021363, -123.393055 53.021395, -123.393044 53.021413, -123.393025 53.021428, -123.393015 53.021438, -123.392985 53.021458, -123.39298 53.021482, -123.392982 53.0215, -123.392977 53.021523, -123.392977 53.021543, -123.392977 53.021565, -123.39296 53.021583, -123.392949 53.021603, -123.392924 53.021617, -123.392899 53.021638, -123.392894 53.021657, -123.392889 53.021678, -123.392887 53.021697, -123.392879 53.021717, -123.392859 53.021732, -123.39284 53.021747, -123.392829 53.021772, -123.39283 53.02179, -123.392825 53.021812, -123.392804 53.02183, -123.392772 53.021822, -123.392742 53.021827, -123.392722 53.021843, -123.392697 53.021858, -123.39267 53.021872, -123.392639 53.021882, -123.392617 53.021895, -123.392582 53.021902, -123.392537 53.021908, -123.392507 53.021917, -123.392477 53.021932, -123.392449 53.021945, -123.392425 53.021958, -123.39241 53.021977, -123.392395 53.022, -123.392364 53.022017, -123.392345 53.022032, -123.392382 53.022068, -123.392364 53.022092, -123.392334 53.0221, -123.392302 53.022102, -123.392289 53.022118, -123.392255 53.02213, -123.392237 53.022158, -123.392245 53.022178, -123.392225 53.022198, -123.392207 53.022213, -123.392197 53.022232, -123.392209 53.022252, -123.392222 53.022272, -123.392234 53.022288, -123.392244 53.022312, -123.392255 53.02233, -123.39223 53.022348, -123.392199 53.022347, -123.392167 53.022335, -123.392134 53.022323, -123.3921 53.022328, -123.392105 53.022348, -123.39211 53.022367, -123.392114 53.022393, -123.392124 53.022417, -123.392155 53.02242, -123.392187 53.022432, -123.392217 53.022448, -123.392232 53.022467, -123.392247 53.022483, -123.392264 53.022508, -123.392282 53.022532, -123.3923 53.022553, -123.39231 53.022577, -123.392304 53.022597, -123.392312 53.022618, -123.392314 53.02264, -123.39231 53.02266, -123.392325 53.022683, -123.3923 53.022702, -123.39228 53.022722, -123.392279 53.022748, -123.392274 53.022773, -123.392267 53.022792, -123.392252 53.022812, -123.392225 53.022827, -123.392189 53.022838, -123.392164 53.022853, -123.392134 53.022867, -123.392102 53.022878, -123.392089 53.02286, -123.39208 53.022838, -123.392067 53.022822, -123.392027 53.02279, -123.39201 53.022775, -123.391985 53.022762, -123.391957 53.022752, -123.391932 53.022738, -123.391909 53.022723, -123.391874 53.022712, -123.391847 53.022695, -123.391817 53.022682, -123.391785 53.02267, -123.391765 53.022655, -123.391747 53.022637, -123.391727 53.022613, -123.39171 53.022597, -123.39168 53.022577, -123.391655 53.02256, -123.39163 53.02255, -123.391617 53.022554, -123.391597 53.022559, -123.391595 53.02256, -123.39157 53.022575, -123.391523 53.022602, -123.391515 53.022608, -123.391497 53.022625, -123.391469 53.022643, -123.391449 53.022663, -123.391427 53.022682, -123.391402 53.0227, -123.391375 53.02272, -123.391354 53.02274, -123.391329 53.022757, -123.391299 53.022775, -123.391285 53.022793, -123.391292 53.022813, -123.391305 53.022832, -123.391324 53.022853, -123.391332 53.022877, -123.39135 53.022895, -123.391364 53.022915, -123.391384 53.022965, -123.391392 53.022988, -123.391419 53.023002, -123.391445 53.02301, -123.391477 53.02302, -123.391519 53.023037, -123.391555 53.023053, -123.39158 53.023077, -123.391602 53.023092, -123.391605 53.023093, -123.391629 53.023103, -123.391654 53.023115, -123.391674 53.023132, -123.391702 53.023148, -123.39173 53.023165, -123.391754 53.023187, -123.391772 53.023205, -123.391785 53.02323, -123.391788 53.023253, -123.391789 53.023257, -123.39179 53.023282, -123.391794 53.023302, -123.391802 53.023325, -123.391804 53.023343, -123.391814 53.023362, -123.391825 53.023382, -123.391849 53.0234, -123.391879 53.023418, -123.3919 53.023435, -123.391915 53.023455, -123.391934 53.023473, -123.391955 53.023492, -123.391974 53.023513, -123.391989 53.023535, -123.392004 53.023552, -123.392027 53.023575, -123.392049 53.023595, -123.392077 53.023608, -123.39211 53.023622, -123.392145 53.023635, -123.392175 53.023648, -123.3922 53.023667, -123.392224 53.023685, -123.392242 53.023708, -123.392264 53.023733, -123.392262 53.023752, -123.39226 53.023777, -123.392259 53.023795, -123.392262 53.02382, -123.392269 53.023838, -123.392279 53.02386, -123.392297 53.023887, -123.392309 53.023908, -123.392324 53.023927, -123.392344 53.023943, -123.392355 53.023965, -123.392377 53.023988, -123.392389 53.02401, -123.392397 53.024032, -123.392415 53.024055, -123.392437 53.024078, -123.392454 53.024097, -123.392464 53.024118, -123.392477 53.024137, -123.392499 53.024157, -123.392524 53.024178, -123.39255 53.024197, -123.392572 53.024215, -123.392595 53.024228, -123.392619 53.024242, -123.392642 53.024262, -123.392669 53.02428, -123.392705 53.024302, -123.39274 53.024308, -123.39278 53.024313, -123.392819 53.02432, -123.392844 53.024333, -123.39287 53.024347, -123.392897 53.024355, -123.392929 53.024363, -123.39296 53.024363, -123.392995 53.024357, -123.393017 53.024343, -123.393045 53.02433, -123.393049 53.024312, -123.393075 53.024292, -123.393092 53.024275, -123.393109 53.02425, -123.393117 53.02423, -123.393124 53.02421, -123.393129 53.024192, -123.393132 53.02417, -123.393137 53.02415, -123.393139 53.024125, -123.39314 53.024102, -123.393137 53.02408, -123.393139 53.024062, -123.393162 53.024045, -123.393162 53.024023, -123.393157 53.023997, -123.393157 53.023983, -123.393216 53.023863, -123.393217 53.023862, -123.39325 53.02385, -123.393282 53.023833, -123.393315 53.023838, -123.393347 53.023852, -123.393394 53.023858, -123.393434 53.023852, -123.393465 53.023845, -123.393495 53.02383, -123.393534 53.023815, -123.393575 53.023798, -123.393599 53.02378, -123.393612 53.02376, -123.393619 53.023737, -123.393624 53.023718, -123.393607 53.023695, -123.393584 53.02368, -123.393555 53.023657, -123.393524 53.023647, -123.393502 53.02363, -123.393475 53.023608, -123.393454 53.023593, -123.393425 53.023575, -123.393384 53.023567, -123.393369 53.023551, -123.393364 53.023547, -123.393345 53.023532, -123.393317 53.023513, -123.3933 53.023492, -123.393285 53.023468, -123.39327 53.023448, -123.393254 53.023428, -123.393252 53.023407, -123.393267 53.023387, -123.393285 53.023363, -123.393307 53.023342, -123.393334 53.023318, -123.393354 53.023302, -123.393372 53.023272, -123.393375 53.02326, -123.393377 53.02325, -123.393384 53.02323, -123.39338 53.023205, -123.393382 53.023177, -123.393384 53.023147, -123.393384 53.023122, -123.393377 53.023103, -123.393367 53.023085, -123.393357 53.023067, -123.393355 53.023063, -123.393332 53.023042, -123.393309 53.02302, -123.393299 53.022993, -123.393289 53.022968, -123.393292 53.022938, -123.393309 53.022917, -123.393325 53.022892, -123.39335 53.022875, -123.393374 53.022855, -123.393399 53.022832, -123.393427 53.022813, -123.393472 53.022802, -123.393505 53.022795, -123.393544 53.022785, -123.393575 53.02278, -123.39361 53.022773, -123.393649 53.022773, -123.393679 53.022788, -123.39369 53.022799, -123.393702 53.022812, -123.393715 53.022833, -123.393737 53.022848, -123.393765 53.022862, -123.393797 53.022885, -123.393832 53.022907, -123.39385 53.022922, -123.393877 53.022938, -123.393907 53.022953, -123.393935 53.022965, -123.393965 53.022992, -123.394034 53.02301, -123.394085 53.023023, -123.394117 53.02303, -123.394155 53.02304, -123.394185 53.02305, -123.394214 53.02306, -123.394264 53.023065, -123.394309 53.023062, -123.394347 53.023058, -123.39438 53.023062, -123.394414 53.023063, -123.394414 53.023063, -123.394447 53.023065, -123.39449 53.023067, -123.39452 53.023072, -123.39456 53.023083, -123.394597 53.023093, -123.394625 53.023103, -123.39466 53.023127, -123.394685 53.023143, -123.394714 53.02316, -123.394742 53.023177, -123.394769 53.023188, -123.394794 53.023205, -123.39482 53.023215, -123.394855 53.023222, -123.394894 53.023238, -123.394925 53.02325, -123.394954 53.023263, -123.394972 53.023288, -123.394995 53.023307, -123.395022 53.023328, -123.395047 53.023362, -123.395067 53.02338, -123.395088 53.023402, -123.395089 53.023403, -123.395097 53.023422, -123.395114 53.023438, -123.395137 53.02345, -123.39517 53.023463, -123.395204 53.023478, -123.395237 53.023495, -123.39527 53.023505, -123.3953 53.023508, -123.395335 53.023502, -123.395377 53.023498, -123.395405 53.023492, -123.395445 53.023473, -123.395457 53.023452, -123.395472 53.023432, -123.395477 53.023412, -123.39547 53.023392, -123.395472 53.023363, -123.395469 53.02334, -123.395459 53.023322, -123.39545 53.023297, -123.395433 53.023269, -123.395435 53.023231, -123.395546 53.023213, -123.395547 53.023213, -123.395619 53.023212, -123.395652 53.023203, -123.395707 53.023198, -123.395744 53.023193, -123.395789 53.023197, -123.395835 53.023198, -123.395872 53.023192, -123.395914 53.02318, -123.395937 53.02316, -123.395959 53.023133, -123.395977 53.023117, -123.395992 53.023093, -123.396001 53.023074, -123.396002 53.023072, -123.39602 53.023053, -123.396052 53.023035, -123.396075 53.023017, -123.396122 53.023003, -123.396135 53.022998, -123.396179 53.02298, -123.396202 53.022965, -123.396239 53.022948, -123.396264 53.022937, -123.396299 53.022927, -123.3963 53.022927, -123.396339 53.022915, -123.396372 53.022907, -123.39641 53.022902, -123.396444 53.022892, -123.396451 53.022889, -123.396482 53.02288, -123.396507 53.022857, -123.396514 53.022837, -123.396533 53.022822, -123.396557 53.022815, -123.396588 53.022822, -123.396625 53.02283, -123.396658 53.022838, -123.396687 53.022847, -123.396717 53.022855, -123.396758 53.022868, -123.396792 53.022885, -123.396818 53.022893, -123.396868 53.022902, -123.396903 53.022908, -123.396938 53.022922, -123.396968 53.022932, -123.396981 53.022938, -123.396998 53.022947, -123.397227 53.022981, -123.400053 53.023217, -123.400403 53.022841, -123.400563 53.022683, -123.40075 53.02186, -123.400756 53.021832, -123.400779 53.021732, -123.401512 53.021341, -123.402685 53.021518, -123.402994 53.021733, -123.403305 53.021949, -123.403386 53.022043, -123.403415 53.022077, -123.40356 53.022246, -123.403619 53.022315, -123.403746 53.022464, -123.403776 53.022498, -123.403766 53.022518, -123.403723 53.022601, -123.403577 53.022881, -123.403527 53.022987, -123.403666 53.024052, -123.404169 53.024287, -123.404197 53.0243, -123.405365 53.024847, -123.405482 53.024902, -123.405581 53.024948, -123.4059 53.025201, -123.406897 53.025993, -123.407995 53.026865, -123.408641 53.027378, -123.408981 53.027648, -123.409457 53.028025, -123.410241 53.027975, -123.411117 53.027426, -123.411508 53.027219, -123.412198 53.026852, -123.413481 53.026532, -123.413643 53.026492, -123.414981 53.026556, -123.416597 53.027092, -123.417495 53.027094, -123.420071 53.026982, -123.420373 53.026969, -123.420741 53.026953, -123.421253 53.02675, -123.421745 53.026714, -123.421966 53.02676, -123.422065 53.026693, -123.422075 53.02664, -123.422077 53.026565, -123.422108 53.026482, -123.42216 53.026418, -123.422212 53.026372, -123.422247 53.026327, -123.422275 53.026273, -123.422315 53.02622, -123.422362 53.026145, -123.422373 53.026082, -123.422363 53.02602, -123.422363 53.025958, -123.422387 53.025908, -123.422438 53.02585, -123.422493 53.025803, -123.42254 53.025768, -123.422598 53.025747, -123.422658 53.025727, -123.42273 53.02571, -123.422805 53.025693, -123.422902 53.02568, -123.422997 53.025658, -123.423087 53.025643, -123.42318 53.025647, -123.42329 53.025658, -123.423378 53.025647, -123.42345 53.025608, -123.423505 53.025565, -123.423557 53.025513, -123.423597 53.025463, -123.423612 53.025418, -123.423623 53.025358, -123.423623 53.025292, -123.423635 53.025226, -123.423635 53.025227, -123.423745 53.024757, -123.423798 53.024698, -123.423877 53.024618, -123.424035 53.024548, -123.42426 53.02447, -123.42427 53.024467, -123.424513 53.024395, -123.424755 53.024322, -123.424977 53.02426, -123.42519 53.024203, -123.425368 53.024167, -123.425485 53.024163, -123.425592 53.024172, -123.42571 53.024162, -123.425817 53.02413, -123.425923 53.024082, -123.426043 53.024035, -123.426153 53.023983, -123.426225 53.023928, -123.426275 53.023868, -123.426395 53.023792, -123.426613 53.023715, -123.426788 53.023648, -123.426972 53.023573, -123.427158 53.023497, -123.427368 53.023408, -123.427514 53.023347, -123.427645 53.023293, -123.427835 53.02322, -123.428078 53.023123, -123.428332 53.023032, -123.428598 53.02293, -123.428895 53.022805, -123.4292 53.022682, -123.429497 53.022547, -123.42977 53.022418, -123.43005 53.022297, -123.430305 53.022187, -123.430545 53.022068, -123.430631 53.022024, -123.43077 53.021953, -123.430902 53.021895, -123.430983 53.021892, -123.431058 53.021912, -123.431102 53.021962, -123.431137 53.022025, -123.431179 53.022075, -123.431197 53.022095, -123.431202 53.022163, -123.431202 53.022243, -123.431208 53.022307, -123.431265 53.022342, -123.43138 53.022337, -123.43151 53.022337, -123.431662 53.022352, -123.431785 53.022367, -123.431903 53.022382, -123.432012 53.022415, -123.432088 53.022467, -123.432155 53.022522, -123.43222 53.022578, -123.432273 53.022627, -123.432335 53.022692, -123.43242 53.022753, -123.432497 53.022818, -123.432577 53.022893, -123.432649 53.022955, -123.432655 53.02296, -123.432688 53.023022, -123.432693 53.023082, -123.4327 53.023145, -123.432698 53.023156, -123.432683 53.023223, -123.432635 53.023307, -123.432583 53.02341, -123.432535 53.023518, -123.432475 53.023608, -123.432428 53.02369, -123.43238 53.023772, -123.432335 53.02384, -123.4323 53.023892, -123.432273 53.023932, -123.432252 53.023972, -123.43224 53.02402, -123.432227 53.024082, -123.432203 53.02414, -123.432185 53.0242, -123.432173 53.024263, -123.432157 53.024322, -123.432137 53.024387, -123.432125 53.024457, -123.432117 53.024515, -123.432105 53.024573, -123.432097 53.024638, -123.432087 53.024703, -123.432068 53.024765, -123.432062 53.024835, -123.432053 53.024913, -123.43205 53.024987, -123.432023 53.02506, -123.432 53.025133, -123.432005 53.025212, -123.432015 53.025305, -123.432007 53.025388, -123.43199 53.025483, -123.431993 53.025582, -123.432007 53.025663, -123.432048 53.025725, -123.43211 53.025788, -123.432157 53.025847, -123.432208 53.02591, -123.432295 53.025983, -123.432382 53.026062, -123.432458 53.026155, -123.43257 53.02625, -123.432692 53.026343, -123.432832 53.026463, -123.432868 53.026493, -123.43297 53.026573, -123.433085 53.026645, -123.433134 53.026663, -123.433193 53.026685, -123.433273 53.02674, -123.43334 53.026813, -123.433395 53.026875, -123.433417 53.026943, -123.433419 53.02701, -123.43342 53.027025, -123.433418 53.027123, -123.433398 53.027223, -123.43337 53.027317, -123.433352 53.027407, -123.433353 53.027503, -123.433352 53.027608, -123.433362 53.027702, -123.433402 53.027772, -123.433487 53.027853, -123.433582 53.027917, -123.433665 53.027965, -123.433727 53.028005, -123.433767 53.02803, -123.433813 53.028057, -123.433857 53.028083, -123.433907 53.02812, -123.43395 53.028152, -123.433992 53.02819, -123.434005 53.02823, -123.433876 53.028392, -123.433913 53.028483, -123.433937 53.02868, -123.433838 53.028763, -123.43383 53.028788, -123.433735 53.02895, -123.433752 53.02906, -123.433448 53.029172, -123.433349 53.029197, -123.433342 53.029197, -123.433268 53.029208, -123.433197 53.029235, -123.433118 53.029275, -123.43306 53.029315, -123.433017 53.029342, -123.432982 53.029373, -123.432945 53.029405, -123.43292 53.029442, -123.432898 53.029477, -123.43288 53.029512, -123.432865 53.02954, -123.432838 53.029587, -123.432837 53.029595, -123.432828 53.02962, -123.43281 53.029636, -123.43275 53.029741, -123.43262 53.029968, -123.432438 53.030102, -123.431713 53.030305, -123.431032 53.030567, -123.430985 53.030582, -123.430657 53.030692, -123.430505 53.030743, -123.430382 53.030805, -123.430273 53.03083, -123.430183 53.030818, -123.430107 53.030798, -123.430023 53.030782, -123.429959 53.030771, -123.429932 53.030767, -123.429887 53.030767, -123.429824 53.030756, -123.429755 53.030745, -123.429555 53.030678, -123.42938 53.030625, -123.429232 53.030585, -123.429085 53.030563, -123.428985 53.030557, -123.428887 53.030563, -123.428802 53.030572, -123.4287 53.03058, -123.428595 53.0306, -123.428507 53.030623, -123.428398 53.030657, -123.428293 53.030687, -123.428177 53.030728, -123.428052 53.030765, -123.427925 53.030792, -123.427787 53.03081, -123.427635 53.030827, -123.427502 53.03083, -123.42741 53.030812, -123.42732 53.03078, -123.427233 53.030747, -123.427173 53.030725, -123.427135 53.03072, -123.427124 53.030733, -123.427115 53.030743, -123.427105 53.030788, -123.427113 53.030867, -123.42711 53.03095, -123.427067 53.031033, -123.427003 53.031103, -123.426927 53.031162, -123.426835 53.031208, -123.426723 53.03126, -123.426582 53.031323, -123.426453 53.031393, -123.426315 53.031462, -123.426218 53.031512, -123.426143 53.031562, -123.426105 53.031622, -123.426102 53.031692, -123.426087 53.031757, -123.426067 53.031835, -123.426043 53.031915, -123.425978 53.031985, -123.425947 53.032002, -123.425885 53.032037, -123.425767 53.032087, -123.425647 53.032142, -123.425528 53.03221, -123.425397 53.032268, -123.42527 53.032307, -123.425221 53.032309, -123.425112 53.032313, -123.424928 53.032308, -123.424775 53.03234, -123.424638 53.032378, -123.424467 53.032402, -123.424267 53.032425, -123.424077 53.032452, -123.423893 53.03247, -123.423753 53.032498, -123.423638 53.032528, -123.423495 53.03254, -123.42335 53.032505, -123.423238 53.032457, -123.423118 53.032433, -123.423013 53.032453, -123.422897 53.032497, -123.422755 53.032532, -123.422583 53.032577, -123.422452 53.032633, -123.422302 53.032677, -123.422132 53.032678, -123.421947 53.032688, -123.42176 53.03271, -123.421595 53.032728, -123.421463 53.032725, -123.421348 53.032718, -123.421198 53.032693, -123.421078 53.032655, -123.42105 53.03264, -123.42066 53.033239, -123.421007 53.033403, -123.421173 53.033433, -123.421267 53.033462, -123.421353 53.033497, -123.421391 53.033514, -123.42145 53.033542, -123.421547 53.033583, -123.42163 53.033612, -123.421713 53.033623, -123.4218 53.033638, -123.421848 53.033658, -123.421847 53.033695, -123.421803 53.033753, -123.421743 53.033817, -123.42167 53.033872, -123.421587 53.033915, -123.421507 53.033953, -123.421438 53.033975, -123.421362 53.034, -123.421293 53.034035, -123.421252 53.034065, -123.421193 53.034113, -123.421137 53.034148, -123.421075 53.03419, -123.421012 53.034213, -123.420963 53.034242, -123.420912 53.03428, -123.420855 53.034338, -123.420812 53.034388, -123.420765 53.034437, -123.420722 53.0345, -123.420677 53.03456, -123.42061 53.034618, -123.420512 53.034658, -123.420442 53.034674, -123.42042 53.034678, -123.420345 53.034697, -123.420277 53.034707, -123.420203 53.034717, -123.420152 53.034745, -123.420108 53.034773, -123.420123 53.034853, -123.420165 53.034977, -123.420232 53.035198, -123.42033 53.035432, -123.420435 53.035678, -123.420545 53.035928, -123.420652 53.036185, -123.420723 53.036349, -123.420763 53.036466, -123.420819 53.03663, -123.421249 53.03766, -123.421559 53.038179, -123.421832 53.038367, -123.4217 53.038414, -123.421422 53.038513, -123.42137 53.03853, -123.421322 53.038548, -123.4213 53.038563, -123.421292 53.038582, -123.421283 53.03862, -123.421272 53.038658, -123.42126 53.038693, -123.421253 53.038723, -123.421255 53.038758, -123.421263 53.038783, -123.421268 53.038807, -123.421275 53.038833, -123.421297 53.038868, -123.421327 53.038905, -123.421355 53.03894, -123.421385 53.038972, -123.421423 53.039002, -123.421455 53.039037, -123.421493 53.039065, -123.421533 53.03909, -123.421578 53.039107, -123.421635 53.039123, -123.421692 53.039145, -123.421758 53.039168, -123.421818 53.039198, -123.421877 53.039218, -123.421945 53.039227, -123.422028 53.039235, -123.422118 53.039248, -123.422203 53.03927, -123.422272 53.039303, -123.422335 53.039333, -123.42238 53.039347, -123.42238 53.039347, -123.422405 53.039358, -123.422483 53.039375, -123.422527 53.039395, -123.422603 53.03943, -123.422682 53.039477, -123.422772 53.03952, -123.422857 53.039572, -123.42293 53.03962, -123.423008 53.039665, -123.423055 53.039723, -123.42309 53.039792, -123.42309 53.039842, -123.423132 53.039912, -123.423157 53.039972, -123.42318 53.040035, -123.423223 53.040098, -123.423272 53.040162, -123.423313 53.040218, -123.423363 53.040257, -123.423407 53.040297, -123.423453 53.040342, -123.423503 53.040398, -123.423553 53.040437, -123.423558 53.040497, -123.423556 53.040513, -123.423548 53.040563, -123.423525 53.040623, -123.423523 53.040703, -123.42353 53.040783, -123.423547 53.040855, -123.423573 53.040927, -123.42363 53.040968, -123.423697 53.041008, -123.423763 53.041032, -123.42384 53.041057, -123.423907 53.041082, -123.42398 53.041087, -123.424068 53.041093, -123.424165 53.041093, -123.424263 53.041112, -123.424287 53.041117, -123.424371 53.041185, -123.424362 53.041227, -123.424337 53.0413, -123.424273 53.041373, -123.424197 53.041433, -123.424103 53.041488, -123.424035 53.041522, -123.423983 53.041553, -123.423938 53.041572, -123.42389 53.041592, -123.423843 53.041608, -123.423815 53.041638, -123.423827 53.041673, -123.423868 53.041705, -123.423947 53.041728, -123.42405 53.041725, -123.42416 53.04171, -123.424283 53.041693, -123.424398 53.041678, -123.424508 53.041692, -123.424597 53.041715, -123.424667 53.041758, -123.424723 53.041817, -123.424775 53.041882, -123.424792 53.041942, -123.424775 53.042013, -123.424755 53.042087, -123.424733 53.04216, -123.42473 53.042207, -123.424743 53.042268, -123.424757 53.042308, -123.424805 53.042325, -123.424867 53.042327, -123.424933 53.042322, -123.425023 53.042323, -123.425123 53.042332, -123.425217 53.042332, -123.425293 53.04233, -123.42537 53.04234, -123.425463 53.042322, -123.425535 53.04231, -123.42563 53.042303, -123.425742 53.042293, -123.425843 53.042283, -123.425938 53.042273, -123.426048 53.04225, -123.426158 53.042242, -123.426293 53.042218, -123.42642 53.042197, -123.426537 53.042173, -123.426622 53.042152, -123.4267 53.042152, -123.426775 53.042175, -123.426843 53.042205, -123.426917 53.04224, -123.426987 53.042292, -123.426997 53.042301, -123.427125 53.042413, -123.427148 53.042462, -123.427173 53.042522, -123.427208 53.042573, -123.427257 53.042605, -123.427327 53.042643, -123.427408 53.042682, -123.427472 53.042732, -123.427538 53.042775, -123.4276 53.042805, -123.427617 53.042813, -123.42766 53.042855, -123.427705 53.0429, -123.42771 53.042953, -123.427703 53.043003, -123.427704 53.043011, -123.427708 53.04305, -123.427708 53.043051, -123.427612 53.043158, -123.427153 53.04348, -123.426915 53.043633, -123.426668 53.04379, -123.426355 53.043915, -123.426058 53.044013, -123.425825 53.04411, -123.425673 53.044177, -123.425572 53.044213, -123.42547 53.04424, -123.425335 53.044258, -123.425148 53.044272, -123.424932 53.044278, -123.42472 53.04428, -123.424483 53.044293, -123.424225 53.044338, -123.423913 53.044442, -123.423525 53.04459, -123.423037 53.044758, -123.422525 53.044942, -123.42209 53.0451, -123.421698 53.04528, -123.421328 53.045465, -123.421186 53.045538, -123.42094 53.045663, -123.420547 53.045873, -123.420143 53.0461, -123.419728 53.046323, -123.419305 53.046542, -123.418908 53.04676, -123.418581 53.04693, -123.418507 53.046968, -123.418128 53.047185, -123.41776 53.047385, -123.417417 53.047557, -123.417082 53.04772, -123.417046 53.047737, -123.416765 53.047867, -123.416475 53.047997, -123.416243 53.048147, -123.416115 53.048325, -123.41608 53.048517, -123.416118 53.048733, -123.416207 53.04896, -123.416302 53.04921, -123.416326 53.049352, -123.416347 53.04947, -123.416345 53.049715, -123.416308 53.049908, -123.416283 53.050027, -123.416263 53.05005, -123.416262 53.050188, -123.416295 53.05017, -123.416375 53.050145, -123.416418 53.050113, -123.416468 53.050078, -123.416517 53.050052, -123.416533 53.050025, -123.416555 53.05001, -123.416583 53.049988, -123.416658 53.04995, -123.416768 53.049927, -123.416847 53.049875, -123.416943 53.049818, -123.41708 53.04979, -123.417087 53.049788, -123.417208 53.049748, -123.417282 53.049673, -123.417405 53.049583, -123.417552 53.04949, -123.417707 53.049428, -123.417837 53.049412, -123.417958 53.04942, -123.418087 53.049457, -123.418213 53.049505, -123.418312 53.049543, -123.418383 53.049562, -123.41848 53.049582, -123.418587 53.049588, -123.418708 53.0496, -123.418732 53.049598, -123.418815 53.049593, -123.418908 53.049603, -123.418995 53.049602, -123.419093 53.049607, -123.419203 53.049612, -123.419288 53.049617, -123.419385 53.049627, -123.419465 53.049635, -123.419498 53.049638, -123.419535 53.04965, -123.419615 53.049668, -123.41967 53.049672, -123.419775 53.049715, -123.419862 53.049725, -123.419948 53.049725, -123.420003 53.049705, -123.420015 53.049688, -123.420016 53.049682, -123.420062 53.049665, -123.420074 53.049648, -123.420077 53.04962, -123.420092 53.049581, -123.420127 53.049543, -123.420157 53.049496, -123.420194 53.04946, -123.420232 53.049422, -123.420237 53.049416, -123.420259 53.04937, -123.420279 53.049315, -123.420294 53.04927, -123.420312 53.049236, -123.420342 53.049196, -123.420364 53.049146, -123.420405 53.049098, -123.420445 53.049046, -123.420515 53.04899, -123.42061 53.048935, -123.420735 53.04889, -123.420869 53.048868, -123.420997 53.048853, -123.421042 53.04884, -123.42113 53.04883, -123.421252 53.048835, -123.42138 53.048828, -123.421464 53.048811, -123.421565 53.0488, -123.421675 53.048806, -123.421755 53.048795, -123.421874 53.04881, -123.422014 53.048823, -123.422105 53.048825, -123.422214 53.048848, -123.422335 53.048875, -123.422417 53.048905, -123.422474 53.048943, -123.422519 53.048983, -123.42255 53.049021, -123.422559 53.049058, -123.42256 53.049088, -123.422587 53.049151, -123.422594 53.049215, -123.422619 53.049285, -123.422642 53.049356, -123.422687 53.049435, -123.422694 53.049495, -123.422674 53.049538, -123.422617 53.049585, -123.42253 53.049626, -123.422479 53.049688, -123.422449 53.049743, -123.422409 53.049791, -123.42237 53.049813, -123.422312 53.049878, -123.42224 53.049931, -123.422184 53.049993, -123.422124 53.050056, -123.422084 53.050113, -123.422054 53.0502, -123.422055 53.050288, -123.422059 53.050355, -123.422057 53.050386, -123.422064 53.05044, -123.422032 53.050528, -123.421995 53.050615, -123.421957 53.050711, -123.421902 53.050785, -123.421902 53.050845, -123.421942 53.050888, -123.422004 53.050938, -123.422065 53.050991, -123.422105 53.051041, -123.422105 53.051103, -123.422089 53.051163, -123.422069 53.051226, -123.422024 53.051291, -123.421965 53.051351, -123.42188 53.051398, -123.421757 53.051426, -123.421639 53.051468, -123.421562 53.051486, -123.421495 53.051525, -123.421452 53.05155, -123.421422 53.051585, -123.42139 53.051616, -123.421357 53.05162, -123.421332 53.051633, -123.4213 53.051665, -123.421339 53.05177, -123.421305 53.051806, -123.42127 53.051841, -123.421219 53.051863, -123.421162 53.05188, -123.421107 53.051885, -123.421067 53.0519, -123.421014 53.051908, -123.420967 53.051908, -123.42092 53.051918, -123.420857 53.05193, -123.4208 53.051941, -123.420744 53.051956, -123.420709 53.051978, -123.420675 53.051995, -123.420654 53.05201, -123.420625 53.05202, -123.4206 53.052031, -123.420562 53.052045, -123.420524 53.052063, -123.42046 53.052088, -123.420374 53.052115, -123.420282 53.052116, -123.420175 53.052106, -123.42009 53.052106, -123.420046 53.052112, -123.42002 53.052115, -123.419952 53.052096, -123.419884 53.052095, -123.419817 53.052091, -123.419744 53.05209, -123.419679 53.05209, -123.419627 53.052088, -123.419595 53.052103, -123.419532 53.052108, -123.419482 53.052123, -123.41945 53.052118, -123.419425 53.052108, -123.419385 53.0521, -123.41935 53.052091, -123.419317 53.052088, -123.419209 53.05204, -123.41919 53.052063, -123.419159 53.052071, -123.419127 53.052075, -123.419077 53.052083, -123.419055 53.052116, -123.419055 53.052138, -123.419062 53.05216, -123.419059 53.052183, -123.419069 53.05222, -123.41906 53.052251, -123.41906 53.052291, -123.419062 53.052315, -123.419062 53.052342, -123.41907 53.052363, -123.419074 53.052391, -123.419059 53.052415, -123.419032 53.052425, -123.419062 53.052456, -123.419105 53.05249, -123.419144 53.052526, -123.419195 53.052581, -123.419227 53.052618, -123.419262 53.052633, -123.419295 53.052643, -123.419365 53.052653, -123.419417 53.052681, -123.419625 53.05278, -123.41969 53.052811, -123.41973 53.052855, -123.419746 53.052863, -123.419792 53.05289, -123.419864 53.052923, -123.419944 53.05295, -123.42001 53.052986, -123.420069 53.053003, -123.420142 53.05304, -123.42021 53.05308, -123.420279 53.05314, -123.420307 53.053161, -123.420305 53.053185, -123.420257 53.053225, -123.420232 53.05327, -123.420182 53.053321, -123.42012 53.053365, -123.420082 53.053426, -123.420049 53.053453, -123.420014 53.053503, -123.419984 53.053556, -123.419962 53.053593, -123.419947 53.053621, -123.419939 53.053663, -123.419937 53.053691, -123.419959 53.053723, -123.419989 53.053761, -123.420015 53.053815, -123.420049 53.053861, -123.420104 53.053916, -123.420139 53.053961, -123.420152 53.053992, -123.42019 53.054023, -123.420224 53.054031, -123.420264 53.054013, -123.420324 53.054011, -123.420367 53.054003, -123.4204 53.05399, -123.420432 53.053973, -123.420485 53.05397, -123.420534 53.053956, -123.420599 53.053946, -123.420649 53.053933, -123.42071 53.053901, -123.420764 53.053856, -123.420817 53.05383, -123.420879 53.053818, -123.420959 53.053811, -123.421045 53.053806, -123.421134 53.0538, -123.421199 53.0538, -123.421264 53.053785, -123.421319 53.053786, -123.421399 53.053815, -123.42149 53.053873, -123.421572 53.05393, -123.42165 53.053978, -123.421752 53.054038, -123.421829 53.054083, -123.42192 53.054121, -123.422015 53.054156, -123.422107 53.054178, -123.422199 53.05419, -123.422275 53.054191, -123.422362 53.054173, -123.422445 53.054138, -123.422479 53.054091, -123.422485 53.05404, -123.422469 53.053995, -123.422465 53.053953, -123.42247 53.05393, -123.42247 53.05389, -123.422472 53.053848, -123.422472 53.053796, -123.422492 53.05375, -123.422527 53.053698, -123.422585 53.053653, -123.422629 53.053606, -123.422667 53.053574, -123.422677 53.053565, -123.422769 53.05354, -123.42293 53.053523, -123.423077 53.05352, -123.423224 53.053511, -123.423394 53.053511, -123.42356 53.053516, -123.423614 53.053519, -123.423697 53.053514, -123.423802 53.053528, -123.423879 53.053533, -123.424024 53.053541, -123.424144 53.053551, -123.424272 53.053546, -123.424419 53.05353, -123.424453 53.053529, -123.424599 53.053523, -123.424755 53.053536, -123.424769 53.053538, -123.424897 53.053553, -123.425049 53.053573, -123.425187 53.053588, -123.425297 53.05362, -123.425311 53.053625, -123.425407 53.05366, -123.42552 53.053701, -123.425574 53.053718, -123.425668 53.053745, -123.425774 53.05377, -123.425897 53.053801, -123.426012 53.05382, -123.426035 53.053827, -123.4261 53.053846, -123.426197 53.053881, -123.426275 53.053903, -123.426277 53.053904, -123.426667 53.054003, -123.426732 53.054023, -123.426784 53.05404, -123.426835 53.054065, -123.426894 53.054093, -123.426954 53.05413, -123.427009 53.05416, -123.427059 53.054188, -123.4271 53.054223, -123.427135 53.054265, -123.427125 53.054305, -123.427105 53.054345, -123.426992 53.05451, -123.426987 53.054525, -123.426977 53.054565, -123.426969 53.05462, -123.426974 53.054675, -123.426999 53.054731, -123.427007 53.05478, -123.42701 53.054831, -123.427015 53.054916, -123.427042 53.054985, -123.427077 53.05504, -123.427096 53.055058, -123.427129 53.05509, -123.427169 53.055158, -123.427197 53.055226, -123.427215 53.055291, -123.427289 53.05541, -123.427357 53.055468, -123.427434 53.05553, -123.427499 53.055598, -123.427535 53.055671, -123.427539 53.055743, -123.427542 53.05581, -123.427557 53.055875, -123.427562 53.055933, -123.427548 53.055963, -123.427602 53.05619, -123.427625 53.056248, -123.427632 53.056308, -123.427635 53.056368, -123.42766 53.056428, -123.427684 53.0565, -123.427785 53.05666, -123.42786 53.056715, -123.42788 53.056758, -123.427904 53.056811, -123.427939 53.056843, -123.427952 53.056885, -123.42796 53.056935, -123.427944 53.056996, -123.427934 53.05707, -123.427919 53.057145, -123.42792 53.05722, -123.427932 53.057291, -123.427932 53.057368, -123.42791 53.057461, -123.427865 53.057573, -123.427767 53.057678, -123.427674 53.057758, -123.427545 53.057853, -123.427452 53.057941, -123.427395 53.05802, -123.427385 53.058115, -123.427415 53.058208, -123.427475 53.058308, -123.427515 53.058428, -123.427517 53.058468, -123.427519 53.058515, -123.427532 53.058573, -123.427537 53.058616, -123.427515 53.058635, -123.427452 53.058661, -123.427427 53.058671, -123.427429 53.058696, -123.427444 53.058738, -123.427437 53.05879, -123.42743 53.058855, -123.427415 53.058958, -123.427387 53.05906, -123.427339 53.059138, -123.427269 53.05925, -123.427234 53.059318, -123.427205 53.05938, -123.427169 53.05946, -123.4271 53.059533, -123.426982 53.059578, -123.426794 53.059593, -123.426657 53.059588, -123.426532 53.05955, -123.426529 53.059548, -123.426439 53.0595, -123.426325 53.059456, -123.426205 53.059431, -123.42608 53.059433, -123.425955 53.059448, -123.42581 53.059493, -123.425685 53.059521, -123.425575 53.059536, -123.42546 53.059525, -123.42536 53.059511, -123.425312 53.0595, -123.425317 53.059481, -123.425329 53.059425, -123.425269 53.059408, -123.425162 53.059393, -123.425055 53.05939, -123.424937 53.059388, -123.424807 53.059385, -123.424689 53.059375, -123.424577 53.05935, -123.424449 53.05933, -123.424334 53.059331, -123.424224 53.059343, -123.424165 53.059354, -123.424125 53.059361, -123.424032 53.05939, -123.42394 53.059421, -123.423853 53.059465, -123.423789 53.059501, -123.423709 53.059538, -123.423635 53.05956, -123.423545 53.059545, -123.423439 53.059516, -123.423349 53.059493, -123.423244 53.05947, -123.423155 53.059471, -123.423119 53.059471, -123.423105 53.059455, -123.423089 53.059435, -123.423055 53.059433, -123.422947 53.059431, -123.422842 53.059443, -123.422722 53.059443, -123.422612 53.059418, -123.422512 53.059375, -123.422437 53.059311, -123.422367 53.059241, -123.422307 53.059181, -123.422237 53.059131, -123.422159 53.059088, -123.42208 53.05906, -123.422007 53.059043, -123.421942 53.059046, -123.421874 53.059051, -123.4218 53.059061, -123.421717 53.059068, -123.421627 53.059071, -123.42153 53.059061, -123.42144 53.059055, -123.42137 53.05905, -123.421277 53.059021, -123.421197 53.058996, -123.421125 53.058983, -123.421079 53.058976, -123.420977 53.058943, -123.420944 53.058931, -123.420899 53.058928, -123.42086 53.058926, -123.420822 53.058926, -123.420774 53.058911, -123.420719 53.058896, -123.420659 53.058881, -123.420595 53.058855, -123.420544 53.058808, -123.420485 53.05876, -123.42042 53.058716, -123.420342 53.05867, -123.420272 53.058613, -123.420189 53.058546, -123.420097 53.058468, -123.419999 53.058393, -123.419899 53.058335, -123.419782 53.058288, -123.419667 53.058263, -123.419539 53.058253, -123.419415 53.058237, -123.419295 53.058203, -123.419192 53.058148, -123.419094 53.058078, -123.419017 53.058003, -123.41896 53.057941, -123.418945 53.057925, -123.418901 53.057898, -123.41869 53.057832, -123.418552 53.0578, -123.41842 53.057773, -123.418295 53.05775, -123.418185 53.05772, -123.41809 53.05768, -123.417994 53.057625, -123.417905 53.057567, -123.41781 53.057505, -123.417679 53.057465, -123.41754 53.05742, -123.417399 53.05739, -123.417245 53.057368, -123.417114 53.057347, -123.416994 53.057265, -123.416842 53.057192, -123.416684 53.057148, -123.416565 53.057118, -123.416435 53.057093, -123.416325 53.05709, -123.416232 53.057092, -123.41614 53.057107, -123.41603 53.05713, -123.415934 53.057148, -123.4158 53.05719, -123.41569 53.057268, -123.415574 53.057365, -123.41546 53.057447, -123.415429 53.057462, -123.41537 53.05749, -123.415284 53.057528, -123.415159 53.057573, -123.414987 53.057608, -123.414805 53.057603, -123.414659 53.057573, -123.414522 53.05753, -123.414382 53.057493, -123.414227 53.057453, -123.414176 53.057445, -123.414062 53.057428, -123.41388 53.05743, -123.41368 53.057448, -123.413499 53.057485, -123.413364 53.0575, -123.4132 53.05751, -123.413014 53.057495, -123.412857 53.05748, -123.412747 53.05746, -123.412664 53.057449, -123.412545 53.0575, -123.411037 53.05735, -123.409679 53.056905, -123.407851 53.056075, -123.406456 53.055442, -123.406252 53.055511, -123.406189 53.055557, -123.406134 53.055619, -123.40604 53.055669, -123.405935 53.055705, -123.405829 53.055728, -123.405724 53.055768, -123.405617 53.055807, -123.405491 53.055831, -123.405368 53.055842, -123.405245 53.055863, -123.405142 53.055901, -123.405049 53.055958, -123.40493 53.055996, -123.404825 53.056022, -123.404714 53.056052, -123.404607 53.056077, -123.404479 53.056101, -123.404365 53.056105, -123.40429 53.056106, -123.404151 53.056102, -123.404047 53.056099, -123.403968 53.056075, -123.403784 53.056011, -123.40367 53.055954, -123.403558 53.055888, -123.403371 53.055814, -123.403204 53.055754, -123.403022 53.055716, -123.402904 53.055697, -123.402701 53.055651, -123.402553 53.055606, -123.402457 53.055526, -123.402385 53.055392, -123.402354 53.055279, -123.402176 53.055207, -123.402036 53.055264, -123.401939 53.055322, -123.401851 53.055329, -123.401791 53.055334, -123.401651 53.055312, -123.401554 53.055288, -123.401509 53.055264, -123.401264 53.054965, -123.400285 53.053773, -123.400109 53.053766, -123.399912 53.053763, -123.39977 53.053765, -123.399637 53.053761, -123.399505 53.053769, -123.399427 53.053821, -123.399395 53.053841, -123.399235 53.053764, -123.399249 53.053712, -123.399271 53.053614, -123.399326 53.053513, -123.399482 53.053452, -123.399584 53.053396, -123.399553 53.053299, -123.399404 53.053235, -123.399302 53.053174, -123.399191 53.053136, -123.399058 53.053099, -123.398892 53.053103, -123.39878 53.053125, -123.398672 53.053161, -123.398566 53.053206, -123.398451 53.053231, -123.39829 53.053204, -123.398149 53.053149, -123.397987 53.053088, -123.397871 53.053072, -123.397673 53.053021, -123.397507 53.052959, -123.397383 53.052939, -123.39723 53.052937, -123.39713 53.052974, -123.397026 53.053013, -123.396887 53.053043, -123.396698 53.053073, -123.396489 53.053104, -123.396281 53.053131, -123.396123 53.053112, -123.395971 53.053075, -123.395865 53.053034, -123.39574 53.052982, -123.395603 53.05293, -123.395457 53.052878, -123.395321 53.052822, -123.395226 53.052807, -123.395105 53.052809, -123.394902 53.052858, -123.394816 53.052864, -123.394642 53.052889, -123.394496 53.052933, -123.394465 53.052942, -123.394328 53.052988, -123.39415 53.052953, -123.394081 53.052918, -123.394045 53.052906, -123.393978 53.052872, -123.392938 53.052347, -123.392857 53.052368, -123.392783 53.052403, -123.392697 53.052448, -123.392612 53.052494, -123.392506 53.05253, -123.392411 53.052604, -123.392281 53.052681, -123.392184 53.052719, -123.392079 53.052756, -123.391862 53.052797, -123.391748 53.052848, -123.391623 53.052901, -123.391535 53.052925, -123.39149 53.052926, -123.391352 53.0529, -123.391218 53.052858, -123.391148 53.052785, -123.391098 53.052709, -123.391054 53.052611, -123.391018 53.052514, -123.39095 53.052435, -123.390867 53.052364, -123.390761 53.052337, -123.390634 53.05232, -123.390491 53.0523, -123.390343 53.052304, -123.390194 53.052325, -123.389975 53.052358, -123.389788 53.052397, -123.389634 53.052411, -123.389506 53.052446, -123.389393 53.052449, -123.389265 53.052449, -123.389141 53.052439, -123.388934 53.052433, -123.388849 53.052436, -123.388693 53.052432, -123.388483 53.052402, -123.38834 53.0524, -123.38816 53.052412, -123.387968 53.052377, -123.387778 53.052318, -123.387696 53.052196, -123.387631 53.052114, -123.387557 53.052035, -123.387518 53.051957, -123.387477 53.051896, -123.387458 53.051834, -123.387454 53.051748, -123.38743 53.051635, -123.387421 53.05154, -123.387401 53.051469, -123.38734 53.051342, -123.387327 53.051229, -123.387309 53.051132, -123.387292 53.051069, -123.387317 53.051025))"
1,2023-07-29 10:30:57,2023071601,2023,2784.7,Non-corrected ground GPS,1689490800000,1689565119000,Being Held,JA70003000,27846836.4042,27453.394,7,48908ae9-836a-49bb-82c1-018b6fb612b2,76075941.453125,45373.9439710598,https://wildfiresituation.nrs.gov.bc.ca/incidents?fireYear=2023&incidentNumber=C11290,"POLYGON ((-122.91118 52.83341, -122.9091 52.83279, -122.90808 52.83244, -122.90709 52.83207, -122.90611 52.83169, -122.9051 52.83135, -122.90401 52.83112, -122.90288 52.83104, -122.90179 52.83117, -122.90081 52.83156, -122.89986 52.83193, -122.89882 52.8322, -122.89764 52.83233, -122.89642 52.83222, -122.89524 52.83192, -122.89414 52.83148, -122.89305 52.83101, -122.89195 52.83053, -122.89093 52.83002, -122.89004 52.82942, -122.88924 52.82878, -122.88861 52.8281, -122.88807 52.8274, -122.88747 52.82672, -122.88673 52.82607, -122.88577 52.82554, -122.88474 52.82507, -122.88382 52.82455, -122.88307 52.82394, -122.88252 52.82327, -122.8819 52.82258, -122.88104 52.82194, -122.87999 52.82137, -122.87887 52.82087, -122.87773 52.82041, -122.87663 52.81994, -122.87568 52.81936, -122.87503 52.81859, -122.87499 52.81781, -122.87509 52.81704, -122.87545 52.81627, -122.87591 52.81553, -122.87651 52.81484, -122.87725 52.81424, -122.87811 52.81372, -122.87897 52.81323, -122.88036 52.81256, -122.88213 52.81245, -122.88293 52.81186, -122.88327 52.81119, -122.88318 52.81049, -122.8829 52.80981, -122.88212 52.80925, -122.88113 52.80893, -122.88011 52.80864, -122.87921 52.80838, -122.87842 52.80806, -122.87785 52.80764, -122.87731 52.80725, -122.87637 52.80703, -122.87561 52.80732, -122.87519 52.80779, -122.87503 52.80831, -122.87493 52.80879, -122.87464 52.80921, -122.87405 52.80951, -122.87319 52.80965, -122.87223 52.80955, -122.87135 52.80922, -122.8707 52.80872, -122.87023 52.80812, -122.86989 52.80747, -122.86968 52.80679, -122.8696 52.8061, -122.86967 52.80541, -122.86988 52.80473, -122.87023 52.80406, -122.87066 52.80338, -122.87098 52.80268, -122.87125 52.802, -122.87154 52.80131, -122.87193 52.80064, -122.87228 52.79996, -122.87267 52.79929, -122.87311 52.79865, -122.87358 52.79803, -122.87408 52.79745, -122.87451 52.79686, -122.8748 52.79626, -122.87485 52.79561, -122.87451 52.79498, -122.87384 52.79443, -122.87298 52.79391, -122.87212 52.79338, -122.8712 52.79286, -122.87051 52.79226, -122.87012 52.79155, -122.86987 52.79079, -122.86971 52.79003, -122.86967 52.78928, -122.86982 52.78859, -122.87039 52.78799, -122.87123 52.7875, -122.87216 52.78711, -122.87313 52.78697, -122.87452 52.78695, -122.87541 52.78711, -122.87622 52.78736, -122.87735 52.78784, -122.87802 52.78821, -122.87863 52.78861, -122.87905 52.78905, -122.87953 52.78995, -122.88007 52.7903, -122.88096 52.79037, -122.88205 52.79011, -122.88275 52.78949, -122.88318 52.78876, -122.88348 52.78802, -122.88372 52.78728, -122.88391 52.78653, -122.88405 52.7858, -122.88414 52.78512, -122.88431 52.7845, -122.88477 52.784, -122.88544 52.78359, -122.88619 52.78331, -122.88704 52.7832, -122.88781 52.78323, -122.88845 52.78345, -122.88886 52.7838, -122.88904 52.78414, -122.88908 52.78449, -122.88905 52.78489, -122.8892 52.78534, -122.88974 52.78571, -122.89057 52.78586, -122.89153 52.78593, -122.89247 52.78601, -122.89332 52.78611, -122.89406 52.78623, -122.89465 52.7864, -122.895 52.78664, -122.89521 52.78694, -122.89545 52.78728, -122.89617 52.78745, -122.89702 52.78747, -122.89795 52.78748, -122.89885 52.78766, -122.89972 52.7879, -122.9004 52.78823, -122.90064 52.78865, -122.9005 52.78909, -122.90022 52.78949, -122.89991 52.78987, -122.8997 52.79024, -122.8998 52.79061, -122.90009 52.79095, -122.90053 52.79125, -122.90122 52.79144, -122.90204 52.79147, -122.90285 52.79136, -122.90365 52.79126, -122.90444 52.79123, -122.90524 52.79118, -122.90602 52.79105, -122.90709 52.79064, -122.90772 52.79031, -122.90819 52.78992, -122.90879 52.78945, -122.90923 52.78949, -122.90971 52.78966, -122.91032 52.78972, -122.91103 52.78959, -122.91171 52.78931, -122.91231 52.78894, -122.9129 52.78857, -122.91349 52.78823, -122.91403 52.78791, -122.91458 52.78763, -122.91519 52.78741, -122.91582 52.78719, -122.91646 52.78696, -122.91709 52.78673, -122.91771 52.78653, -122.91834 52.78639, -122.91905 52.78631, -122.91981 52.78618, -122.92048 52.78584, -122.92111 52.78547, -122.92185 52.78524, -122.9226 52.78526, -122.92323 52.78548, -122.9238 52.78579, -122.92449 52.78604, -122.92533 52.78615, -122.92629 52.78608, -122.92722 52.78587, -122.92816 52.7857, -122.92908 52.78565, -122.92985 52.78582, -122.9305 52.78616, -122.93125 52.78645, -122.93216 52.78656, -122.93308 52.78651, -122.934 52.78648, -122.93492 52.78658, -122.93575 52.78679, -122.93645 52.7871, -122.93689 52.78751, -122.93701 52.78799, -122.93691 52.78846, -122.93672 52.78891, -122.93651 52.78935, -122.93627 52.7898, -122.93605 52.79027, -122.93587 52.79076, -122.93577 52.79128, -122.93572 52.79178, -122.93574 52.79227, -122.9358 52.79279, -122.93591 52.79332, -122.93597 52.79385, -122.93587 52.79437, -122.93567 52.79488, -122.93543 52.79567, -122.93538 52.79621, -122.9354 52.79674, -122.93549 52.79726, -122.93568 52.79776, -122.9361 52.7982, -122.93696 52.79873, -122.93771 52.79897, -122.93861 52.79908, -122.93958 52.79911, -122.94061 52.79911, -122.94168 52.79909, -122.94273 52.79908, -122.94376 52.7991, -122.94475 52.79915, -122.94574 52.79913, -122.94672 52.79905, -122.94771 52.79905, -122.94874 52.79913, -122.94979 52.79923, -122.95082 52.79932, -122.95182 52.79947, -122.9528 52.79958, -122.95375 52.79967, -122.95468 52.79973, -122.95558 52.79978, -122.95645 52.79983, -122.95727 52.79988, -122.95803 52.79995, -122.95871 52.79998, -122.95926 52.79986, -122.95958 52.79959, -122.95966 52.79927, -122.95958 52.79891, -122.95936 52.79852, -122.95897 52.79814, -122.95844 52.79776, -122.95779 52.79738, -122.95709 52.79699, -122.95646 52.79654, -122.95617 52.79599, -122.95633 52.79545, -122.95695 52.79504, -122.95782 52.79478, -122.9588 52.79455, -122.95977 52.79425, -122.96067 52.79394, -122.96155 52.79365, -122.96248 52.79352, -122.96341 52.79337, -122.9644 52.79332, -122.96541 52.79334, -122.96737 52.79352, -122.96835 52.79355, -122.96929 52.7935, -122.97021 52.79347, -122.97111 52.79349, -122.97199 52.79346, -122.97285 52.79345, -122.97364 52.79345, -122.97448 52.7935, -122.97578 52.79343, -122.97659 52.79338, -122.9773 52.7935, -122.97784 52.79377, -122.97835 52.79436, -122.9787 52.79511, -122.97886 52.79567, -122.97881 52.79625, -122.97849 52.7968, -122.97804 52.79732, -122.97753 52.79783, -122.97709 52.79835, -122.97678 52.7989, -122.9766 52.79945, -122.97658 52.79998, -122.97638 52.80002, -122.97623 52.80058, -122.97609 52.80114, -122.97598 52.80173, -122.9759 52.80237, -122.97578 52.80301, -122.97559 52.80365, -122.97541 52.80426, -122.97513 52.80484, -122.97479 52.8054, -122.97437 52.80591, -122.97386 52.80637, -122.97334 52.80684, -122.97308 52.80736, -122.97314 52.80793, -122.97325 52.80851, -122.97322 52.80909, -122.97292 52.80965, -122.97239 52.81014, -122.97177 52.81058, -122.97116 52.81099, -122.9705 52.81132, -122.96973 52.81153, -122.96894 52.81176, -122.96826 52.81212, -122.96778 52.81257, -122.96755 52.81311, -122.96767 52.81405, -122.96773 52.81502, -122.96726 52.81593, -122.96654 52.8164, -122.96566 52.8168, -122.96427 52.81729, -122.96333 52.81764, -122.96249 52.81809, -122.96172 52.81858, -122.961 52.81908, -122.96029 52.81958, -122.95954 52.82008, -122.95873 52.82055, -122.95789 52.821, -122.95712 52.82144, -122.95646 52.82195, -122.95614 52.82254, -122.95619 52.82315, -122.95635 52.82374, -122.95654 52.82431, -122.95645 52.82488, -122.95601 52.82542, -122.95545 52.82594, -122.95484 52.82641, -122.95411 52.82669, -122.95332 52.8267, -122.95267 52.82647, -122.95227 52.82613, -122.95199 52.82574, -122.95151 52.82547, -122.95081 52.82541, -122.95003 52.82561, -122.94933 52.82599, -122.94865 52.82639, -122.94798 52.82682, -122.94735 52.82732, -122.94678 52.82784, -122.94621 52.82839, -122.94563 52.82893, -122.94506 52.82946, -122.94453 52.82998, -122.94405 52.83052, -122.94349 52.83104, -122.94289 52.83158, -122.94234 52.83214, -122.94184 52.83272, -122.94135 52.83328, -122.94093 52.83381, -122.94039 52.83426, -122.93964 52.83446, -122.93887 52.83434, -122.93823 52.83402, -122.93764 52.83362, -122.93692 52.83328, -122.93608 52.83307, -122.9351 52.83306, -122.93413 52.83317, -122.93324 52.83337, -122.93237 52.83361, -122.93149 52.83383, -122.93056 52.83395, -122.92918 52.834, -122.92836 52.83391, -122.9275 52.8337, -122.92668 52.83347, -122.92544 52.83334, -122.92438 52.83376, -122.92403 52.83429, -122.92375 52.83487, -122.92323 52.83537, -122.92247 52.83568, -122.92153 52.83581, -122.92053 52.83584, -122.91951 52.83585, -122.91849 52.83588, -122.91756 52.83578, -122.9166 52.8356, -122.9158 52.83523, -122.91497 52.83483, -122.91409 52.83445, -122.91315 52.83408, -122.91219 52.83373, -122.91118 52.83341))"
2,2023-07-29 10:30:57,2023071701,2023,339.3,Non-corrected airborne GPS,1689577200000,1689639844000,Under Control,JA70003000,3392736.3605,10509.7824,8,ecb027c5-9bb0-44fa-b118-c023275f7649,9337669.1640625,17435.7783930026,https://wildfiresituation.nrs.gov.bc.ca/incidents?fireYear=2023&incidentNumber=C11319,"POLYGON ((-124.61892 52.97825, -124.61923 52.97776, -124.6195 52.97727, -124.61971 52.97679, -124.61964 52.97633, -124.61909 52.97599, -124.61812 52.9758, -124.61703 52.97574, -124.61601 52.97563, -124.61512 52.97545, -124.61431 52.97525, -124.61347 52.97513, -124.61286 52.97513, -124.61193 52.97523, -124.61132 52.97528, -124.61043 52.97525, -124.61 52.97506, -124.60974 52.97477, -124.60954 52.97421, -124.60918 52.97361, -124.60852 52.97307, -124.6078 52.97248, -124.60743 52.97176, -124.60757 52.97095, -124.60803 52.97024, -124.60861 52.96964, -124.6092 52.96907, -124.60962 52.96847, -124.6098 52.96783, -124.60958 52.96719, -124.60899 52.96661, -124.6083 52.96602, -124.60756 52.96548, -124.60673 52.96505, -124.60595 52.96469, -124.60552 52.96426, -124.60559 52.96375, -124.60627 52.96326, -124.60748 52.96295, -124.60896 52.9629, -124.61049 52.963, -124.61201 52.96324, -124.61348 52.96355, -124.61481 52.96393, -124.61606 52.96433, -124.61731 52.9647, -124.61857 52.96497, -124.6199 52.9651, -124.62128 52.96504, -124.62266 52.96488, -124.62401 52.96464, -124.62529 52.96427, -124.62646 52.96379, -124.62737 52.96316, -124.6279 52.96241, -124.62796 52.9616, -124.62753 52.96085, -124.62675 52.96025, -124.62602 52.95971, -124.62553 52.95915, -124.62539 52.95854, -124.62574 52.95798, -124.62646 52.95754, -124.62749 52.95742, -124.62858 52.95768, -124.62944 52.95828, -124.63001 52.95901, -124.63055 52.95979, -124.63104 52.96059, -124.63134 52.96141, -124.63133 52.9622, -124.63101 52.9629, -124.63055 52.96355, -124.63026 52.96424, -124.63059 52.96494, -124.63142 52.96549, -124.63248 52.96584, -124.63355 52.96607, -124.6346 52.96622, -124.63567 52.96627, -124.63671 52.96626, -124.63774 52.96624, -124.63878 52.9662, -124.63984 52.96625, -124.64074 52.96652, -124.64117 52.967, -124.64094 52.96754, -124.64032 52.96803, -124.63959 52.96848, -124.63889 52.96896, -124.6384 52.96949, -124.63833 52.97005, -124.63887 52.97053, -124.63986 52.97081, -124.64102 52.97087, -124.64215 52.971, -124.64323 52.9713, -124.64408 52.97179, -124.64446 52.97244, -124.64452 52.97317, -124.64463 52.97395, -124.6448 52.97477, -124.64338 52.97288, -124.64339 52.97324, -124.64347 52.97387, -124.64342 52.97449, -124.64328 52.9751, -124.643 52.97567, -124.64263 52.97624, -124.64217 52.97675, -124.64132 52.97705, -124.64032 52.97706, -124.63935 52.97696, -124.63842 52.97683, -124.63751 52.97671, -124.63664 52.97669, -124.63585 52.97683, -124.63523 52.97719, -124.63491 52.97774, -124.6347 52.97836, -124.6344 52.97896, -124.63385 52.97949, -124.63299 52.97977, -124.63207 52.97984, -124.63121 52.97976, -124.63049 52.97953, -124.63004 52.97915, -124.62972 52.97875, -124.62932 52.97839, -124.62863 52.97823, -124.62782 52.97835, -124.62701 52.97861, -124.62616 52.97886, -124.62528 52.97912, -124.62436 52.97935, -124.62339 52.97949, -124.62245 52.97959, -124.62147 52.9796, -124.62046 52.97969, -124.6195 52.9799, -124.61862 52.97996, -124.61798 52.97983, -124.61774 52.97952, -124.618 52.97912, -124.61849 52.97871, -124.61892 52.97825))"
3,2023-07-29 10:30:57,2023071701,2023,32.0,Non-corrected airborne GPS,1689577200000,1689640260000,Under Control,JA70003000,319726.4071,2596.5009,9,7d67f76a-5c9a-4af6-a5b3-4a4e350b8be6,880952.3515625,4310.66378921613,https://wildfiresituation.nrs.gov.bc.ca/incidents?fireYear=2023&incidentNumber=C11321,"POLYGON ((-124.45335 52.99732, -124.45244 52.99689, -124.45192 52.99616, -124.45157 52.99537, -124.4512 52.99461, -124.45087 52.99389, -124.45075 52.99317, -124.45085 52.99247, -124.45117 52.99181, -124.45186 52.99132, -124.45284 52.99111, -124.45381 52.99138, -124.45435 52.99202, -124.45467 52.99279, -124.45519 52.99353, -124.45618 52.9941, -124.45749 52.99441, -124.45889 52.99452, -124.4603 52.99457, -124.4617 52.99459, -124.46303 52.99471, -124.46343 52.99495, -124.46392 52.99524, -124.46388 52.99563, -124.46356 52.99596, -124.46308 52.99624, -124.46251 52.99651, -124.46186 52.99679, -124.46108 52.99705, -124.46015 52.99719, -124.45912 52.99723, -124.45797 52.99716, -124.45675 52.99709, -124.45558 52.9972, -124.45445 52.99738, -124.45335 52.99732))"
4,2023-07-29 10:30:57,2023071201,2023,35.8,Non-corrected airborne GPS,1689145200000,1689220626000,Under Control,JA70003000,357549.0906,2293.8274,10,554b968a-5bf3-419f-8395-cd71c2497df7,975535.4609375,3788.70679642566,https://wildfiresituation.nrs.gov.bc.ca/incidents?fireYear=2023&incidentNumber=C11326,"POLYGON ((-124.015117 52.778072, -124.016216 52.777905, -124.017374 52.777989, -124.018497 52.778296, -124.019695 52.778565, -124.020976 52.77861, -124.022145 52.778703, -124.023001 52.77919, -124.023079 52.780023, -124.022106 52.78078, -124.02088 52.781481, -124.019978 52.782406, -124.019213 52.783367, -124.018263 52.784184, -124.016887 52.784579, -124.015413 52.784474, -124.014532 52.784215, -124.013528 52.783624, -124.013066 52.78316, -124.012758 52.782409, -124.012784 52.781898, -124.012897 52.781385, -124.013046 52.780593, -124.013206 52.779792, -124.013428 52.779012, -124.013906 52.778318, -124.015117 52.778072))"
5,2023-07-29 10:30:57,2023071701,2023,1282.4,Non-corrected airborne GPS,1689577200000,1689640372000,Out of Control,JA70003000,12824262.0864,15169.8629,12,1fd087d3-2591-49f8-a143-04ea6eccd0af,34889908.28125,25015.6369388646,https://wildfiresituation.nrs.gov.bc.ca/incidents?fireYear=2023&incidentNumber=C11405,"POLYGON ((-125.03107 52.74191, -125.02964 52.74115, -125.02863 52.74017, -125.02783 52.7391, -125.027423 52.73858, -125.026331 52.737509, -125.025124 52.736311, -125.024506 52.735705, -125.02381 52.73518, -125.02269 52.73426, -125.02163 52.73327, -125.02068 52.73225, -125.01983 52.73121, -125.01906 52.73017, -125.01832 52.72911, -125.017995 52.728581, -125.017859 52.728414, -125.01756 52.728048, -125.016645 52.726899, -125.015791 52.725746, -125.015031 52.724559, -125.014793 52.724048, -125.01376 52.72335, -125.01231 52.72288, -125.01063 52.72281, -125.00894 52.72299, -125.00727 52.72304, -125.00562 52.7229, -125.00415 52.72245, -125.00291 52.72179, -125.00199 52.72097, -125.00138 52.72007, -125.00098 52.71916, -125.00066 52.71826, -125.00051 52.71736, -125.0005 52.71641, -125.00052 52.71539, -125.00054 52.71434, -125.00073 52.71328, -125.00156 52.7123, -125.00311 52.7116, -125.00512 52.71121, -125.00718 52.71081, -125.00919 52.71029, -125.01105 52.70957, -125.01272 52.7087, -125.01435 52.7078, -125.01604 52.70696, -125.01778 52.70614, -125.01948 52.70528, -125.0211 52.70437, -125.02261 52.7034, -125.02406 52.70241, -125.02547 52.70144, -125.02688 52.70052, -125.02843 52.69968, -125.03002 52.69885, -125.03145 52.69792, -125.03261 52.6969, -125.03352 52.69584, -125.03429 52.69479, -125.03501 52.69383, -125.03603 52.69303, -125.03765 52.69284, -125.03935 52.69337, -125.04087 52.69433, -125.04253 52.6953, -125.04444 52.69612, -125.04657 52.69674, -125.04877 52.69725, -125.05088 52.69786, -125.05265 52.6987, -125.05391 52.69979, -125.05444 52.70108, -125.05446 52.7024, -125.0541 52.7037, -125.0536 52.70499, -125.05304 52.70628, -125.05246 52.70756, -125.05194 52.70885, -125.05147 52.71012, -125.05104 52.71138, -125.05063 52.71263, -125.05041 52.71388, -125.0505 52.71515, -125.051 52.71642, -125.05198 52.71762, -125.05324 52.71874, -125.05449 52.71987, -125.0556 52.72103, -125.05646 52.72226, -125.05699 52.72353, -125.05742 52.72481, -125.05784 52.72609, -125.05825 52.72736, -125.05863 52.72862, -125.05884 52.72987, -125.0587 52.73109, -125.05816 52.73224, -125.0572 52.73322, -125.05591 52.73396, -125.055081 52.734251, -125.055075 52.734265, -125.053798 52.734706, -125.053251 52.73475, -125.05286 52.73484, -125.05128 52.73516, -125.04978 52.73561, -125.04857 52.73632, -125.04778 52.73726, -125.047197 52.7382, -125.046529 52.739445, -125.045425 52.740565, -125.044256 52.741245, -125.044024 52.741379, -125.043872 52.741468, -125.043345 52.741653, -125.041986 52.742132, -125.039899 52.742512, -125.037734 52.742632, -125.03557 52.74255, -125.035281 52.742515, -125.0347 52.7425, -125.03282 52.74232, -125.03107 52.74191))"
6,2023-07-29 10:30:57,2023072701,2023,4410.6,Non-corrected ground GPS,1690441200000,1690560842000,Fire of Note,JA70003000,44105714.927,45319.8368,14,993e8434-eb67-4910-8005-c452b6d94d89,123110492.210938,75722.5392169184,https://wildfiresituation.nrs.gov.bc.ca/incidents?fireYear=2023&incidentNumber=C11437,"MULTIPOLYGON (((-123.664759 53.313778, -123.66405 53.313589, -123.663228 53.313587, -123.662415 53.313756, -123.661603 53.313947, -123.660743 53.313991, -123.660647 53.313973, -123.659895 53.313834, -123.659114 53.313547, -123.658411 53.31319, -123.657999 53.312947, -123.657748 53.312799, -123.657088 53.312401, -123.656393 53.312032, -123.655635 53.311734, -123.654791 53.311544, -123.65391 53.311494, -123.65305 53.311561, -123.652215 53.311644, -123.65138 53.311668, -123.650565 53.311584, -123.649822 53.311407, -123.649195 53.311144, -123.648727 53.310797, -123.648408 53.310375, -123.648023 53.309935, -123.647434 53.309547, -123.64665 53.309251, -123.645776 53.309005, -123.644905 53.308747, -123.644034 53.308477, -123.643088 53.30828, -123.642105 53.308187, -123.641143 53.308175, -123.64022 53.308148, -123.639307 53.308066, -123.638509 53.307898, -123.637776 53.307686, -123.637071 53.307467, -123.636509 53.30714, -123.636271 53.306933, -123.636196 53.306783, -123.636127 53.306644, -123.636084 53.306301, -123.636087 53.306226, -123.636095 53.305957, -123.636135 53.305651, -123.636328 53.305432, -123.636743 53.305332, -123.637122 53.30535, -123.637381 53.305363, -123.638209 53.305383, -123.638802 53.305284, -123.639105 53.305234, -123.6399 53.304901, -123.640613 53.304507, -123.641298 53.304087, -123.641839 53.30361, -123.642166 53.303083, -123.642357 53.30255, -123.642619 53.302035, -123.643072 53.301583, -123.643653 53.301166, -123.644168 53.300696, -123.644589 53.300196, -123.64499 53.299702, -123.645397 53.299238, -123.645792 53.298798, -123.646146 53.298373, -123.646353 53.297942, -123.646342 53.29752, -123.646131 53.297124, -123.645837 53.296732, -123.645509 53.296365, -123.644536 53.295957, -123.644281 53.296006, -123.64428 53.296, -123.64318 53.29621, -123.643026 53.296241, -123.641811 53.29636, -123.640545 53.296572, -123.639716 53.296651, -123.638932 53.296669, -123.638218 53.296594, -123.637585 53.296391, -123.637073 53.296074, -123.636698 53.295679, -123.63645 53.295252, -123.636379 53.294798, -123.636461 53.294352, -123.636619 53.293927, -123.636788 53.293522, -123.636907 53.293118, -123.63691 53.292715, -123.636727 53.29232, -123.636429 53.291945, -123.636227 53.291551, -123.636233 53.291148, -123.636439 53.290777, -123.636709 53.290441, -123.63675 53.290125, -123.636472 53.289891, -123.636001 53.289831, -123.635502 53.289997, -123.635095 53.290325, -123.634668 53.290671, -123.63411 53.290953, -123.633537 53.291234, -123.633154 53.291609, -123.633107 53.292061, -123.633347 53.292486, -123.633673 53.292884, -123.633877 53.293271, -123.633798 53.293631, -123.633395 53.293881, -123.632735 53.293932, -123.632733 53.293932, -123.632008 53.293788, -123.631293 53.293552, -123.631287 53.29355, -123.630546 53.293356, -123.629771 53.293241, -123.629496 53.293225, -123.628977 53.293196, -123.628162 53.293265, -123.627369 53.293502, -123.626608 53.293806, -123.625848 53.294121, -123.625048 53.294391, -123.62419 53.29458, -123.623301 53.294731, -123.622679 53.294814, -123.622252 53.294856, -123.621476 53.294882, -123.620525 53.294794, -123.619573 53.294644, -123.618622 53.294459, -123.617704 53.294221, -123.61685 53.293929, -123.61607 53.293591, -123.614907 53.293086, -123.613606 53.292747, -123.61226 53.292595, -123.610923 53.29256, -123.609599 53.292702, -123.608746 53.292921, -123.608671 53.292947, -123.607916 53.293207, -123.607059 53.293436, -123.606107 53.29349, -123.605119 53.293374, -123.604257 53.293192, -123.604137 53.293167, -123.603197 53.292918, -123.602311 53.292632, -123.601443 53.292336, -123.600586 53.292043, -123.599746 53.29177, -123.59894 53.2915, -123.598177 53.291212, -123.597463 53.290885, -123.596773 53.290515, -123.596035 53.290166, -123.595221 53.289922, -123.591124 53.288455, -123.590315 53.288099, -123.589372 53.287851, -123.588432 53.28761, -123.587513 53.287354, -123.586643 53.287123, -123.585723 53.286846, -123.58492 53.286514, -123.584138 53.286169, -123.584033 53.286126, -123.583358 53.285848, -123.582674 53.285508, -123.582245 53.285074, -123.582104 53.284722, -123.582044 53.284573, -123.581861 53.284057, -123.581468 53.283577, -123.580817 53.283185, -123.580056 53.282867, -123.579042 53.282339, -123.578316 53.281694, -123.577673 53.281024, -123.576822 53.280476, -123.575865 53.280072, -123.575288 53.279803, -123.575209 53.279754, -123.574826 53.279522, -123.574565 53.279202, -123.574498 53.278842, -123.574412 53.27846, -123.574128 53.278083, -123.573708 53.277724, -123.573342 53.277329, -123.573134 53.276869, -123.573063 53.27663, -123.572985 53.276367, -123.57275 53.275857, -123.572352 53.275504, -123.570076 53.274064, -123.568155 53.273912, -123.567643 53.275914, -123.566765 53.276041, -123.566254 53.275537, -123.566091 53.274725, -123.564696 53.274058, -123.5656 53.273294, -123.565494 53.272684, -123.565467 53.272358, -123.563804 53.271376, -123.564194 53.269991, -123.564686 53.270121, -123.565907 53.270408, -123.566609 53.270659, -123.567677 53.271052, -123.568658 53.27148, -123.56929 53.271709, -123.569986 53.271775, -123.570692 53.271782, -123.571326 53.271874, -123.571707 53.272104, -123.571779 53.27239, -123.571583 53.273026, -123.571721 53.27334, -123.571954 53.273446, -123.572163 53.27354, -123.572754 53.273587, -123.573368 53.273613, -123.574338 53.273507, -123.575081 53.273286, -123.575778 53.273, -123.576337 53.27263, -123.57677 53.272214, -123.577119 53.271793, -123.577245 53.271465, -123.577597 53.270914, -123.578126 53.270403, -123.578387 53.270142, -123.578568 53.269714, -123.578389 53.269295, -123.577969 53.268969, -123.577429 53.268744, -123.577427 53.268743, -123.576928 53.268436, -123.57657 53.268079, -123.576333 53.26772, -123.57613 53.267381, -123.576014 53.26706, -123.576073 53.26677, -123.576179 53.266518, -123.576086 53.266315, -123.575955 53.26627, -123.575349 53.266116, -123.574807 53.266017, -123.574293 53.265884, -123.573937 53.265657, -123.573948 53.265288, -123.574319 53.26491, -123.574784 53.264539, -123.575215 53.264157, -123.575535 53.263763, -123.575592 53.263397, -123.575308 53.263107, -123.57482 53.262975, -123.574294 53.262904, -123.573838 53.262725, -123.573558 53.262379, -123.573482 53.262033, -123.57367 53.261773, -123.574025 53.261631, -123.574402 53.261477, -123.574769 53.26122, -123.575124 53.260903, -123.575578 53.260624, -123.576139 53.26044, -123.57673 53.260387, -123.577222 53.260516, -123.57769 53.260704, -123.578276 53.26085, -123.57894 53.260918, -123.579577 53.260913, -123.580062 53.261021, -123.580334 53.261259, -123.580354 53.261287, -123.580546 53.261561, -123.580865 53.261843, -123.581355 53.26203, -123.581964 53.262129, -123.582577 53.26219, -123.582785 53.262139, -123.582994 53.262135, -123.583145 53.262132, -123.583651 53.262009, -123.584116 53.261932, -123.584781 53.261985, -123.584949 53.26206, -123.585716 53.262267, -123.586055 53.262222, -123.586163 53.262062, -123.585977 53.261878, -123.585677 53.261646, -123.58542 53.261316, -123.584669 53.260258, -123.584343 53.260017, -123.584016 53.259864, -123.583839 53.259727, -123.583837 53.259583, -123.583955 53.259432, -123.583888 53.259242, -123.583666 53.25903, -123.583333 53.258862, -123.582944 53.258738, -123.582633 53.258591, -123.582554 53.258417, -123.582707 53.25823, -123.583024 53.258033, -123.583401 53.257868, -123.583862 53.25749, -123.584073 53.257274, -123.584182 53.257014, -123.584136 53.256754, -123.583836 53.256591, -123.583682 53.256508, -123.583211 53.256441, -123.582218 53.256338, -123.581233 53.255947, -123.580334 53.255521, -123.579726 53.255165, -123.57864 53.254318, -123.57825 53.253849, -123.577989 53.253386, -123.577889 53.25265, -123.579423 53.251911, -123.579936 53.251436, -123.581109 53.250921, -123.581867 53.250713, -123.582233 53.250652, -123.582641 53.25065, -123.58335 53.25069, -123.583837 53.250683, -123.584586 53.250773, -123.585271 53.250854, -123.585552 53.250913, -123.585973 53.251144, -123.586769 53.251422, -123.587831 53.2519, -123.588455 53.252062, -123.589035 53.252208, -123.589361 53.252342, -123.589806 53.252596, -123.590056 53.252675, -123.590424 53.252715, -123.590828 53.252903, -123.591264 53.252949, -123.591733 53.25298, -123.591902 53.253063, -123.592048 53.253147, -123.592652 53.253235, -123.593239 53.253291, -123.593819 53.253324, -123.594376 53.253338, -123.594879 53.253338, -123.595341 53.253329, -123.59578 53.253321, -123.596218 53.253332, -123.596661 53.253366, -123.597127 53.253443, -123.597625 53.253575, -123.598113 53.253781, -123.598546 53.254073, -123.598899 53.254442, -123.599173 53.254852, -123.599448 53.255271, -123.599841 53.255665, -123.600408 53.255999, -123.601147 53.256242, -123.602006 53.256379, -123.602927 53.256436, -123.603876 53.256454, -123.604849 53.256467, -123.605827 53.256508, -123.606801 53.256601, -123.607762 53.256723, -123.608713 53.256844, -123.60966 53.256906, -123.610571 53.256862, -123.611413 53.256694, -123.612157 53.256396, -123.612761 53.255982, -123.6132 53.255475, -123.613486 53.254911, -123.613732 53.254216, -123.613797 53.254033, -123.614261 53.25327, -123.614297 53.253212, -123.614688 53.252698, -123.615039 53.252179, -123.615197 53.251355, -123.614988 53.2508, -123.614603 53.250268, -123.614395 53.250016, -123.614157 53.249764, -123.610007 53.249039, -123.608445 53.247905, -123.607651 53.247669, -123.607027 53.247484, -123.605915 53.247153, -123.603511 53.24644, -123.598871 53.245145, -123.598217 53.244046, -123.598718 53.24348, -123.59929 53.242636, -123.599865 53.242528, -123.60015 53.242475, -123.602689 53.241998, -123.604982 53.241402, -123.60531 53.239517, -123.604811 53.239247, -123.604541 53.239101, -123.603224 53.238389, -123.602405 53.236793, -123.602511 53.236183, -123.602662 53.235316, -123.602733 53.234908, -123.604067 53.235639, -123.60423 53.235728, -123.606047 53.235359, -123.61159 53.234232, -123.611715 53.23438, -123.612054 53.234784, -123.613571 53.233794, -123.614343 53.232329, -123.613597 53.231572, -123.61317 53.231138, -123.613962 53.230709, -123.615042 53.230691, -123.62202 53.230577, -123.622539 53.230569, -123.626155 53.23046, -123.626276 53.230384, -123.62754 53.22958, -123.628402 53.229033, -123.628841 53.228754, -123.631304 53.229294, -123.631481 53.229333, -123.635681 53.230108, -123.635981 53.230102, -123.637391 53.230076, -123.64157 53.230735, -123.642709 53.232041, -123.643634 53.232751, -123.645198 53.233867, -123.644607 53.234047, -123.644133 53.234192, -123.644747 53.235026, -123.648422 53.235421, -123.648865 53.235691, -123.650261 53.236543, -123.650842 53.2367, -123.652297 53.237093, -123.654184 53.236785, -123.657006 53.23706, -123.658826 53.238034, -123.660625 53.238539, -123.66078 53.238582, -123.663041 53.238561, -123.664165 53.23854, -123.665193 53.238521, -123.665429 53.239233, -123.664368 53.239985, -123.663253 53.241214, -123.660792 53.24184, -123.656287 53.243067, -123.653823 53.243265, -123.653469 53.243279, -123.652428 53.24332, -123.649652 53.243429, -123.648021 53.244992, -123.647593 53.247237, -123.648195 53.249783, -123.649029 53.251642, -123.651094 53.251683, -123.653653 53.249299, -123.654239 53.249441, -123.65572 53.2498, -123.656564 53.251478, -123.655374 53.253051, -123.652615 53.254668, -123.650786 53.25574, -123.650371 53.257113, -123.650248 53.257585, -123.650086 53.258068, -123.649906 53.258564, -123.649686 53.25906, -123.649404 53.259552, -123.649112 53.260044, -123.648929 53.260542, -123.648969 53.261031, -123.649285 53.261467, -123.64982 53.261815, -123.650457 53.262097, -123.651116 53.262366, -123.651123 53.26237, -123.65177 53.262667, -123.652416 53.262986, -123.653052 53.263302, -123.653708 53.263607, -123.654421 53.263894, -123.654546 53.263934, -123.655203 53.264143, -123.656015 53.264385, -123.657154 53.264797, -123.658276 53.265269, -123.659086 53.265544, -123.659948 53.26577, -123.660829 53.265979, -123.661658 53.266236, -123.662403 53.266577, -123.663039 53.26702, -123.66328 53.26727, -123.663542 53.267541, -123.663936 53.268102, -123.664383 53.26864, -123.665 53.26911, -123.665032 53.269127, -123.665651 53.269443, -123.665774 53.269505, -123.666677 53.269819, -123.667442 53.270055, -123.667605 53.270106, -123.668449 53.270469, -123.669165 53.270917, -123.669749 53.271413, -123.670267 53.271904, -123.670772 53.272361, -123.67127 53.272773, -123.671738 53.273148, -123.67214 53.273506, -123.672535 53.273832, -123.673054 53.274055, -123.673708 53.274131, -123.674403 53.27408, -123.675134 53.27403, -123.675877 53.274098, -123.676582 53.274323, -123.677249 53.274662, -123.677938 53.274991, -123.678695 53.275173, -123.679464 53.27519, -123.679646 53.275156, -123.680188 53.275054, -123.680851 53.274813, -123.681467 53.274519, -123.682075 53.274226, -123.682759 53.274051, -123.683497 53.274074, -123.684189 53.274283, -123.684759 53.274598, -123.685255 53.274952, -123.685723 53.275284, -123.686181 53.275555, -123.68652 53.275815, -123.686691 53.276106, -123.686868 53.27636, -123.687208 53.276522, -123.687488 53.276541, -123.687718 53.276557, -123.6883 53.276475, -123.688921 53.276377, -123.689164 53.276362, -123.689598 53.276336, -123.690279 53.276403, -123.690891 53.276592, -123.691346 53.276887, -123.691579 53.277262, -123.691587 53.277646, -123.691399 53.277989, -123.691063 53.278271, -123.690657 53.27853, -123.690498 53.278654, -123.690288 53.278817, -123.690032 53.279339, -123.690103 53.279882, -123.690096 53.280233, -123.689924 53.28055, -123.689572 53.280826, -123.689063 53.281071, -123.688666 53.281383, -123.688619 53.281745, -123.688921 53.282038, -123.68948 53.282164, -123.690089 53.282207, -123.690647 53.282346, -123.691063 53.282599, -123.691148 53.283259, -123.690841 53.28357, -123.690353 53.28382, -123.68977 53.284018, -123.689162 53.284198, -123.688551 53.284368, -123.687965 53.284519, -123.687498 53.28473, -123.687275 53.285036, -123.687356 53.285389, -123.687734 53.285681, -123.688306 53.285846, -123.688971 53.285877, -123.689672 53.285785, -123.69037 53.285599, -123.691061 53.285383, -123.691754 53.285163, -123.692461 53.284971, -123.69318 53.284802, -123.693938 53.284663, -123.69474 53.284544, -123.695576 53.284458, -123.696433 53.284417, -123.697292 53.284427, -123.698134 53.284478, -123.698946 53.28456, -123.69972 53.284663, -123.700462 53.284762, -123.701149 53.284886, -123.70181 53.285015, -123.702464 53.28511, -123.703109 53.285147, -123.703747 53.285134, -123.704383 53.285078, -123.704983 53.285034, -123.705502 53.285122, -123.705825 53.285376, -123.705901 53.285729, -123.705771 53.28612, -123.705571 53.286517, -123.705339 53.2869, -123.705042 53.287255, -123.704691 53.287566, -123.704369 53.287838, -123.704206 53.288092, -123.704296 53.288349, -123.70468 53.288596, -123.705155 53.28885, -123.705507 53.289367, -123.705257 53.290009, -123.704958 53.290472, -123.704687 53.290968, -123.704483 53.291498, -123.704336 53.292048, -123.704195 53.292608, -123.703984 53.293155, -123.70365 53.293657, -123.703182 53.294084, -123.702635 53.294458, -123.702104 53.294834, -123.701719 53.295272, -123.7015 53.295766, -123.701364 53.296299, -123.701264 53.296837, -123.701177 53.297371, -123.701128 53.297897, -123.701148 53.298406, -123.701171 53.298895, -123.701087 53.299363, -123.700954 53.299818, -123.700848 53.300278, -123.700741 53.300747, -123.700546 53.301237, -123.700281 53.301737, -123.699931 53.302214, -123.699491 53.302648, -123.698998 53.30302, -123.698428 53.303309, -123.697828 53.303552, -123.69729 53.303838, -123.697044 53.304043, -123.696872 53.304187, -123.696508 53.304563, -123.696094 53.30493, -123.695614 53.305277, -123.695502 53.305347, -123.694525 53.305924, -123.693953 53.306234, -123.693354 53.306545, -123.692703 53.306845, -123.691998 53.307118, -123.69125 53.307326, -123.690472 53.307444, -123.689682 53.307501, -123.689137 53.307571, -123.688913 53.3076, -123.688214 53.307811, -123.68765 53.308121, -123.687226 53.308504, -123.686956 53.308959, -123.686826 53.309463, -123.686702 53.309993, -123.686458 53.310515, -123.686119 53.311013, -123.685746 53.311498, -123.685401 53.31199, -123.685055 53.312477, -123.6847 53.31288, -123.684647 53.312941, -123.684196 53.313381, -123.683419 53.313926, -123.682432 53.314343, -123.681691 53.314602, -123.680918 53.314859, -123.679699 53.315156, -123.678856 53.315288, -123.67807 53.31538, -123.6775 53.31555, -123.67709 53.315654, -123.67454 53.315722, -123.673668 53.315746, -123.672768 53.315755, -123.671854 53.315789, -123.670943 53.315848, -123.670014 53.315914, -123.669085 53.315968, -123.668171 53.315921, -123.667347 53.315705, -123.666721 53.315353, -123.666223 53.314939, -123.665786 53.314508, -123.665333 53.314099, -123.664759 53.313778)), ((-123.58814 53.290838, -123.588605 53.290779, -123.589523 53.290867, -123.590065 53.290809, -123.590314 53.290493, -123.591168 53.290349, -123.591734 53.290544, -123.592373 53.29081, -123.592661 53.29116, -123.592636 53.291595, -123.592926 53.291899, -123.592736 53.292537, -123.59217 53.293007, -123.590893 53.293142, -123.589901 53.293007, -123.588925 53.292574, -123.588179 53.292169, -123.587552 53.291698, -123.587459 53.291306, -123.58814 53.290838)))"
7,2023-07-29 10:30:57,2023072705,2023,7851.6,Non-corrected ground GPS,1690441200000,1690570670000,Fire of Note,JA70003000,78515790.0644,73902.0783,17,8ea383c6-df7c-4347-bbe4-46f2ae56d186,218012890.984375,123148.001775899,https://wildfiresituation.nrs.gov.bc.ca/incidents?fireYear=2023&incidentNumber=C11499,"MULTIPOLYGON (((-123.628385 53.190459, -123.6284 53.190073, -123.627893 53.189601, -123.627517 53.188949, -123.62717 53.188553, -123.626486 53.188355, -123.626079 53.188269, -123.624876 53.188017, -123.623312 53.187996, -123.622728 53.187889, -123.620715 53.18778, -123.619809 53.187424, -123.618601 53.187194, -123.616879 53.187128, -123.615371 53.186971, -123.613723 53.186876, -123.612551 53.186886, -123.611998 53.186879, -123.611609 53.187402, -123.611471 53.187919, -123.610757 53.188249, -123.609857 53.188253, -123.60773 53.187982, -123.606401 53.187672, -123.604777 53.187112, -123.603407 53.186571, -123.601671 53.186453, -123.599522 53.186476, -123.596672 53.186058, -123.594444 53.184944, -123.59388 53.184597, -123.592751 53.184288, -123.590652 53.184727, -123.589699 53.184502, -123.58873 53.184391, -123.588287 53.18409, -123.586487 53.182991, -123.585014 53.182648, -123.584541 53.182537, -123.583957 53.181959, -123.583476 53.181356, -123.583512 53.180716, -123.582314 53.179245, -123.58313 53.179071, -123.585003 53.178943, -123.585555 53.179001, -123.586319 53.178974, -123.586487 53.178585, -123.586518 53.178119, -123.587457 53.178017, -123.583817 53.176991, -123.583076 53.17569, -123.583504 53.175312, -123.583122 53.174812, -123.582405 53.174976, -123.582581 53.175175, -123.582069 53.175365, -123.581879 53.175591, -123.581947 53.175865, -123.581619 53.175922, -123.581078 53.176117, -123.580795 53.176376, -123.580353 53.176346, -123.580063 53.176277, -123.580269 53.175926, -123.579887 53.175758, -123.578964 53.175873, -123.578293 53.175968, -123.578041 53.17585, -123.57798 53.17551, -123.577339 53.175316, -123.576622 53.175083, -123.575851 53.175209, -123.575325 53.175304, -123.574173 53.175545, -123.573547 53.175629, -123.573189 53.175529, -123.572716 53.175037, -123.572121 53.174366, -123.572495 53.174084, -123.573578 53.173618, -123.573708 53.173355, -123.57373 53.173096, -123.573624 53.172714, -123.572755 53.172469, -123.572128 53.172279, -123.571785 53.172047, -123.571861 53.171894, -123.572411 53.171772, -123.573006 53.171852, -123.573547 53.171921, -123.573753 53.171738, -123.574028 53.171631, -123.57444 53.171635, -123.575058 53.171444, -123.575264 53.171677, -123.576714 53.171562, -123.577408 53.171474, -123.578636 53.171402, -123.578987 53.171268, -123.580147 53.171047, -123.581032 53.171013, -123.581535 53.170849, -123.582352 53.170654, -123.582794 53.170765, -123.583054 53.170853, -123.583267 53.171165, -123.583771 53.171368, -123.58416 53.171024, -123.584595 53.170876, -123.585304 53.17104, -123.585594 53.171417, -123.585506 53.171578, -123.585037 53.171944, -123.585175 53.172222, -123.585503 53.17234, -123.586678 53.172306, -123.587364 53.172436, -123.587646 53.172897, -123.587837 53.173084, -123.588593 53.173031, -123.589676 53.172619, -123.58989 53.172047, -123.589424 53.171612, -123.588287 53.171104, -123.587456 53.170616, -123.586594 53.170437, -123.586853 53.169819, -123.586922 53.169277, -123.586731 53.168896, -123.586861 53.168484, -123.587143 53.168262, -123.587952 53.168373, -123.588661 53.168514, -123.588959 53.168884, -123.589294 53.168766, -123.589325 53.168457, -123.589531 53.168304, -123.589867 53.16827, -123.59024 53.168381, -123.590324 53.168678, -123.590378 53.16888, -123.590919 53.168907, -123.591036 53.169061, -123.591485 53.169413, -123.592369 53.169548, -123.593498 53.169252, -123.594154 53.16869, -123.594177 53.168251, -123.594391 53.168163, -123.594559 53.168129, -123.595406 53.168304, -123.595955 53.168079, -123.596573 53.16827, -123.597961 53.168312, -123.597984 53.168568, -123.597618 53.168682, -123.596169 53.168797, -123.595825 53.169029, -123.596062 53.169102, -123.596504 53.169014, -123.596893 53.169136, -123.59697 53.169395, -123.596771 53.169643, -123.596764 53.16983, -123.596779 53.170258, -123.596904 53.170473, -123.597135 53.170663, -123.597339 53.170815, -123.597595 53.170845, -123.598014 53.170843, -123.59841 53.170909, -123.598528 53.171039, -123.5985 53.171162, -123.598275 53.171283, -123.597838 53.171438, -123.59767 53.1715, -123.597551 53.171543, -123.597391 53.171612, -123.597228 53.171683, -123.59725 53.171807, -123.59747 53.172053, -123.59777 53.17227, -123.598106 53.172368, -123.598498 53.172485, -123.598808 53.172475, -123.599326 53.17247, -123.599528 53.172517, -123.599666 53.172661, -123.599859 53.172756, -123.600173 53.172729, -123.600518 53.172688, -123.600619 53.172571, -123.600783 53.172469, -123.600952 53.172487, -123.601114 53.172544, -123.601114 53.172543, -123.601323 53.172622, -123.601503 53.172649, -123.601745 53.172635, -123.601944 53.172541, -123.60183 53.172416, -123.601545 53.172317, -123.601278 53.17229, -123.60115 53.172178, -123.601186 53.172084, -123.601292 53.171996, -123.601218 53.171913, -123.601078 53.171822, -123.601016 53.171782, -123.600981 53.171668, -123.600787 53.171547, -123.600639 53.171473, -123.600605 53.17138, -123.600637 53.171218, -123.600667 53.171101, -123.600852 53.171067, -123.601079 53.171058, -123.601456 53.171033, -123.601673 53.171051, -123.601745 53.171058, -123.601746 53.171057, -123.601945 53.171074, -123.602164 53.171094, -123.602414 53.171019, -123.60249 53.170947, -123.60252 53.170827, -123.602513 53.170794, -123.602997 53.170635, -123.604034 53.170486, -123.604889 53.170643, -123.606415 53.171085, -123.6073 53.171764, -123.608551 53.171757, -123.60944 53.17225, -123.60909 53.17157, -123.60896 53.17086, -123.60901 53.17013, -123.6091 53.16939, -123.60894 53.16864, -123.60451 53.16983, -123.60452 53.16947, -123.60453 53.16921, -123.60456 53.16855, -123.60467 53.1679, -123.60486 53.16729, -123.60513 53.16672, -123.60542 53.16616, -123.60566 53.1656, -123.60575 53.16501, -123.60561 53.16442, -123.60516 53.16387, -123.60446 53.16343, -123.60361 53.16312, -123.60278 53.16289, -123.6022 53.16253, -123.60218 53.16202, -123.60268 53.16151, -123.60341 53.16106, -123.60416 53.16065, -123.6048 53.16021, -123.6052 53.1597, -123.60525 53.15913, -123.60499 53.15855, -123.60465 53.158, -123.60439 53.15746, -123.6042 53.15693, -123.60415 53.15642, -123.60417 53.1559, -123.60417 53.15574, -123.60415 53.15485, -123.60421 53.15435, -123.60445 53.15391, -123.60491 53.15357, -123.605 53.15354, -123.60557 53.15334, -123.60626 53.15312, -123.60679 53.15282, -123.607 53.15245, -123.60671 53.15197, -123.60706 53.15179, -123.60795 53.15158, -123.60918 53.15182, -123.61071 53.15239, -123.61079 53.15242, -123.61206 53.15256, -123.61284 53.15239, -123.61345 53.15203, -123.6139 53.15156, -123.61428 53.15104, -123.61452 53.15048, -123.6146 53.14991, -123.61462 53.14934, -123.61482 53.14879, -123.61534 53.1483, -123.61599 53.14785, -123.61657 53.14739, -123.61699 53.1469, -123.61707 53.14638, -123.61676 53.1459, -123.61613 53.14541, -123.61578 53.14513, -123.61535 53.14471, -123.61475 53.14433, -123.61399 53.144, -123.61326 53.14362, -123.61264 53.14319, -123.61191 53.14269, -123.61116 53.14225, -123.61044 53.1418, -123.60989 53.14127, -123.60957 53.14069, -123.60951 53.14008, -123.60973 53.13947, -123.61017 53.13889, -123.6107 53.13833, -123.61127 53.1378, -123.61198 53.13736, -123.61286 53.13705, -123.61388 53.13688, -123.61494 53.13677, -123.61597 53.1366, -123.61696 53.13639, -123.61792 53.13612, -123.61882 53.13577, -123.61957 53.1353, -123.61994 53.13473, -123.616302 53.131802, -123.616409 53.128181, -123.616178 53.12662, -123.627119 53.126926, -123.634518 53.125982, -123.640556 53.12429, -123.644842 53.122484, -123.64614 53.122358, -123.64649 53.122324, -123.646745 53.122022, -123.647238 53.121812, -123.647853 53.121808, -123.648718 53.122068, -123.648929 53.122143, -123.649374 53.122396, -123.649911 53.122547, -123.650376 53.12261, -123.650739 53.122667, -123.651006 53.123149, -123.651469 53.123223, -123.651978 53.123222, -123.652462 53.12327, -123.652924 53.123393, -123.653247 53.123658, -123.653275 53.124008, -123.653044 53.12437, -123.652925 53.124714, -123.65288 53.125091, -123.652841 53.125452, -123.652756 53.125804, -123.652559 53.126171, -123.652306 53.12653, -123.652098 53.126923, -123.652008 53.127323, -123.651903 53.127728, -123.651592 53.128097, -123.651185 53.128431, -123.650891 53.128811, -123.651087 53.129238, -123.651807 53.129389, -123.652619 53.129255, -123.653251 53.128939, -123.653832 53.12858, -123.654471 53.128253, -123.655187 53.127975, -123.655972 53.127879, -123.65668 53.128034, -123.657364 53.128262, -123.658196 53.128358, -123.659057 53.12845, -123.659833 53.128681, -123.660513 53.129009, -123.661067 53.129419, -123.661635 53.129833, -123.662309 53.130187, -123.663134 53.130389, -123.66402 53.130309, -123.664704 53.129844, -123.665478 53.129109, -123.666588 53.128487, -123.667409 53.128101, -123.668271 53.127417, -123.668186 53.12696, -123.668245 53.126568, -123.667289 53.126429, -123.666081 53.126317, -123.665615 53.125899, -123.665517 53.125426, -123.66528 53.125019, -123.664787 53.12472, -123.663966 53.124864, -123.663364 53.124951, -123.66268 53.12488, -123.662005 53.124808, -123.661341 53.124817, -123.660793 53.124976, -123.660274 53.125074, -123.659716 53.124978, -123.659249 53.124715, -123.658823 53.124382, -123.658404 53.124039, -123.657941 53.123717, -123.657634 53.123328, -123.657577 53.122886, -123.657595 53.122445, -123.657519 53.122016, -123.657415 53.121574, -123.657388 53.121136, -123.657379 53.120689, -123.657167 53.120276, -123.656653 53.120105, -123.656017 53.120196, -123.655414 53.120338, -123.654801 53.120462, -123.654213 53.120563, -123.653706 53.120498, -123.653377 53.120217, -123.653463 53.119815, -123.653778 53.119423, -123.653769 53.119053, -123.653364 53.118856, -123.652882 53.118838, -123.652405 53.11888, -123.651948 53.118977, -123.65153 53.119136, -123.651179 53.119337, -123.650828 53.11954, -123.65039 53.119688, -123.649874 53.119643, -123.649525 53.119369, -123.649526 53.118989, -123.649787 53.118648, -123.649822 53.118313, -123.649552 53.118029, -123.649179 53.117822, -123.648863 53.117502, -123.648726 53.117335, -123.648581 53.117158, -123.648524 53.116768, -123.648518 53.116391, -123.648522 53.116046, -123.648535 53.115589, -123.648553 53.115319, -123.648555 53.115069, -123.648538 53.114811, -123.648828 53.114308, -123.649232 53.114041, -123.649515 53.113831, -123.649809 53.113613, -123.650131 53.113392, -123.650488 53.113181, -123.650879 53.112984, -123.651337 53.112837, -123.651822 53.112691, -123.652312 53.112551, -123.652798 53.112414, -123.653288 53.11227, -123.653777 53.11212, -123.654245 53.111979, -123.654733 53.11181, -123.655163 53.111567, -123.655517 53.111348, -123.655953 53.111172, -123.6564 53.110974, -123.656816 53.110753, -123.65718 53.110545, -123.657552 53.110328, -123.657935 53.110101, -123.658319 53.109875, -123.658688 53.109655, -123.659064 53.10943, -123.659414 53.109222, -123.659887 53.109209, -123.660313 53.109431, -123.660877 53.109679, -123.661541 53.109866, -123.662224 53.109976, -123.662862 53.110076, -123.663471 53.110203, -123.664045 53.110343, -123.664519 53.110516, -123.664942 53.110671, -123.665309 53.110863, -123.665708 53.111049, -123.666052 53.111204, -123.666504 53.111353, -123.667009 53.111402, -123.667517 53.111354, -123.667953 53.11127, -123.668312 53.111199, -123.668723 53.111426, -123.668924 53.111689, -123.668936 53.111992, -123.668897 53.112279, -123.668984 53.112565, -123.669163 53.112848, -123.669244 53.113157, -123.66918 53.113479, -123.668994 53.113806, -123.668733 53.114135, -123.668477 53.11447, -123.668298 53.114821, -123.668098 53.115391, -123.667857 53.115975, -123.667647 53.116368, -123.667425 53.116754, -123.667217 53.117138, -123.666996 53.117508, -123.666871 53.117684, -123.666308 53.118407, -123.666147 53.118616, -123.665983 53.119017, -123.665955 53.11943, -123.666116 53.119838, -123.666321 53.120241, -123.666598 53.120638, -123.666918 53.121031, -123.667275 53.121399, -123.667369 53.12149, -123.667374 53.121498, -123.667403 53.121523, -123.667669 53.121783, -123.668086 53.122185, -123.668539 53.122545, -123.668759 53.122705, -123.669019 53.122894, -123.669498 53.123276, -123.669873 53.123649, -123.67011 53.124075, -123.670183 53.124514, -123.670189 53.124972, -123.67023 53.125052, -123.670466 53.125394, -123.670471 53.125401, -123.670482 53.125401, -123.670954 53.125604, -123.671752 53.12558, -123.672428 53.125361, -123.672928 53.125161, -123.673105 53.12509, -123.673813 53.125062, -123.674459 53.125194, -123.675017 53.125375, -123.675099 53.125405, -123.675526 53.125561, -123.676006 53.125744, -123.676505 53.125895, -123.676972 53.125935, -123.67761 53.126171, -123.68131 53.12754, -123.68193 53.1281, -123.68218 53.12882, -123.6822 53.12956, -123.68213 53.13031, -123.68201 53.13103, -123.68193 53.13175, -123.68188 53.13282, -123.68187 53.13311, -123.68197 53.13377, -123.68235 53.1344, -123.68307 53.13496, -123.68396 53.13547, -123.68504 53.13588, -123.68627 53.13614, -123.68757 53.13626, -123.68886 53.13639, -123.69008 53.13663, -123.69121 53.13702, -123.69224 53.1375, -123.69327 53.138, -123.6944 53.13842, -123.69562 53.13876, -123.69691 53.13898, -123.69824 53.13903, -123.69955 53.13886, -123.70076 53.1385, -123.70185 53.13806, -123.70281 53.13756, -123.70359 53.13702, -123.70426 53.1365, -123.70497 53.1361, -123.70585 53.13591, -123.70679 53.13599, -123.70767 53.13631, -123.70861 53.1367, -123.70971 53.13697, -123.71088 53.13718, -123.71202 53.13746, -123.71431 53.13794, -123.71535 53.13827, -123.7162 53.13877, -123.71687 53.13935, -123.71745 53.13996, -123.71794 53.14059, -123.71832 53.14122, -123.71854 53.14188, -123.71868 53.14254, -123.71915 53.14444, -123.71935 53.14541, -123.72024 53.14632, -123.72131 53.14675, -123.72254 53.14707, -123.72451 53.1474, -123.72585 53.14755, -123.72719 53.14765, -123.73082 53.14785, -123.73109 53.14786, -123.73234 53.14793, -123.73355 53.14803, -123.73475 53.14817, -123.73594 53.14834, -123.73712 53.14854, -123.73827 53.14876, -123.73941 53.149, -123.74056 53.14919, -123.74167 53.14934, -123.74272 53.14951, -123.74369 53.14968, -123.7446 53.14987, -123.74544 53.15009, -123.74619 53.15043, -123.7469 53.15086, -123.74774 53.15121, -123.74869 53.15144, -123.74968 53.15154, -123.75066 53.1516, -123.7516 53.15173, -123.75235 53.15202, -123.75273 53.15248, -123.75263 53.15303, -123.75224 53.15354, -123.75162 53.15398, -123.75083 53.1543, -123.74992 53.15447, -123.74901 53.15443, -123.74747 53.15418, -123.74693 53.15427, -123.74674 53.15457, -123.74717 53.15494, -123.74815 53.15521, -123.7493 53.15541, -123.75159 53.15574, -123.75259 53.15598, -123.75327 53.15642, -123.7535 53.157, -123.75319 53.1576, -123.7525 53.1581, -123.75156 53.15849, -123.75056 53.15885, -123.74963 53.15924, -123.74888 53.15972, -123.74847 53.16032, -123.74849 53.16099, -123.74902 53.16164, -123.74973 53.16225, -123.75104 53.16305, -123.75252 53.1637, -123.75547 53.16471, -123.75673 53.16527, -123.75815 53.16621, -123.75898 53.16661, -123.75996 53.1669, -123.76095 53.1671, -123.76185 53.16725, -123.76263 53.16732, -123.76331 53.16743, -123.76392 53.16765, -123.76453 53.16794, -123.7652 53.16822, -123.76679 53.16876, -123.76759 53.16907, -123.76824 53.16947, -123.76871 53.16995, -123.76907 53.17048, -123.76949 53.17103, -123.76996 53.17158, -123.77036 53.17214, -123.77062 53.17271, -123.77058 53.17333, -123.7703 53.17396, -123.77001 53.1746, -123.76975 53.17526, -123.76961 53.17594, -123.76964 53.17662, -123.76977 53.17726, -123.76985 53.17784, -123.76974 53.17838, -123.76938 53.1789, -123.76885 53.17938, -123.76841 53.17991, -123.76815 53.18048, -123.76798 53.18105, -123.76774 53.18157, -123.76737 53.18203, -123.76685 53.18242, -123.76618 53.18274, -123.76541 53.18301, -123.7646 53.18326, -123.76391 53.18359, -123.76355 53.18408, -123.76345 53.1846, -123.763427 53.184667, -123.763432 53.184668, -123.763283 53.185097, -123.762899 53.185557, -123.761993 53.186266, -123.761492 53.186794, -123.761324 53.187163, -123.761241 53.187338, -123.760913 53.186897, -123.760261 53.185669, -123.76025 53.18565, -123.75967 53.18515, -123.75875 53.18486, -123.75757 53.18488, -123.75633 53.18513, -123.7551 53.18547, -123.75387 53.18584, -123.75265 53.18624, -123.75153 53.18675, -123.75056 53.18736, -123.749 53.18876, -123.74796 53.18932, -123.74672 53.18976, -123.74543 53.19016, -123.74413 53.19055, -123.74282 53.19095, -123.74157 53.19139, -123.74043 53.19193, -123.73942 53.19253, -123.73871 53.19294, -123.73842 53.19311, -123.73731 53.19358, -123.73605 53.19387, -123.73469 53.19399, -123.73331 53.19402, -123.72793 53.19403, -123.72668 53.19401, -123.7255 53.19381, -123.72439 53.19345, -123.72325 53.19312, -123.72203 53.19292, -123.72088 53.19273, -123.71987 53.19243, -123.71893 53.19213, -123.71786 53.19207, -123.71689 53.1924, -123.7161 53.19294, -123.71518 53.1934, -123.71404 53.19369, -123.71281 53.19384, -123.71162 53.19398, -123.71047 53.19411, -123.70933 53.19413, -123.70821 53.194, -123.70597 53.19362, -123.70484 53.19349, -123.70373 53.19343, -123.70264 53.19341, -123.70153 53.19342, -123.69993 53.19368, -123.69892 53.19395, -123.69804 53.19431, -123.69741 53.1948, -123.6971 53.19539, -123.69714 53.196, -123.69765 53.19711, -123.69749 53.19766, -123.69681 53.19811, -123.69578 53.19836, -123.69462 53.19842, -123.69348 53.19837, -123.6934 53.19836, -123.69239 53.19823, -123.69134 53.19809, -123.69055 53.19779, -123.69023 53.19724, -123.69042 53.1966, -123.69094 53.19601, -123.69164 53.19547, -123.69228 53.19494, -123.69272 53.1944, -123.69282 53.19385, -123.69253 53.19336, -123.69186 53.19301, -123.69102 53.19274, -123.69019 53.19239, -123.68927 53.19208, -123.68825 53.19187, -123.68719 53.19174, -123.68609 53.1917, -123.68497 53.19173, -123.68385 53.19182, -123.68276 53.19199, -123.68173 53.19226, -123.68081 53.19264, -123.68002 53.1931, -123.67937 53.19364, -123.67895 53.19423, -123.67873 53.19484, -123.6786 53.19538, -123.67836 53.19584, -123.67769 53.19612, -123.6767 53.19612, -123.67556 53.1959, -123.67441 53.19561, -123.67331 53.19529, -123.672504 53.195699, -123.671143 53.195782, -123.670161 53.195522, -123.668723 53.196154, -123.667976 53.196068, -123.667801 53.195553, -123.667745 53.194953, -123.666424 53.194832, -123.664748 53.194566, -123.664211 53.194567, -123.663108 53.194067, -123.661411 53.193854, -123.661127 53.193544, -123.660825 53.193214, -123.659789 53.192243, -123.658928 53.191913, -123.658027 53.1917, -123.656551 53.191353, -123.654759 53.191025, -123.654024 53.191358, -123.652202 53.19158, -123.649985 53.191636, -123.649033 53.191558, -123.647393 53.190839, -123.646567 53.190376, -123.645527 53.190827, -123.645614 53.191294, -123.645957 53.191667, -123.646485 53.191704, -123.64682 53.192467, -123.645252 53.192297, -123.644168 53.192044, -123.643105 53.191435, -123.642305 53.191265, -123.641312 53.19129, -123.640461 53.191438, -123.639619 53.191269, -123.638775 53.19127, -123.637963 53.191059, -123.636791 53.191649, -123.635399 53.192096, -123.634662 53.192524, -123.633785 53.193315, -123.633315 53.193167, -123.632464 53.192417, -123.632643 53.192102, -123.63302 53.191591, -123.632004 53.191308, -123.630283 53.19102, -123.628702 53.19065, -123.628385 53.190459)), ((-123.52329 53.16614, -123.522784 53.16551, -123.521568 53.165356, -123.519119 53.16584, -123.518955 53.165448, -123.520142 53.164902, -123.521477 53.164108, -123.522149 53.163685, -123.52212 53.16282, -123.5218 53.16203, -123.52115 53.16131, -123.5198 53.16035, -123.51883 53.15972, -123.51789 53.15905, -123.51696 53.15839, -123.51682 53.1583, -123.51505 53.15714, -123.51414 53.15651, -123.51339 53.15582, -123.51288 53.15508, -123.51258 53.1543, -123.51252 53.15351, -123.51272 53.15274, -123.51309 53.15197, -123.51396 53.15062, -123.51534 53.14987, -123.51637 53.1495, -123.51745 53.14913, -123.5185 53.1487, -123.51948 53.14817, -123.52043 53.14762, -123.52143 53.14706, -123.52251 53.14657, -123.52368 53.14616, -123.52493 53.14585, -123.52623 53.14564, -123.52755 53.14552, -123.528302 53.145514, -123.528745 53.145069, -123.527505 53.145106, -123.527297 53.145031, -123.526924 53.14465, -123.527112 53.14447, -123.527645 53.144007, -123.527248 53.143204, -123.526966 53.142969, -123.52652 53.143045, -123.526285 53.142797, -123.526396 53.142486, -123.526665 53.142078, -123.526993 53.141048, -123.52774 53.140911, -123.528511 53.140808, -123.525604 53.139534, -123.524918 53.139313, -123.526541 53.138954, -123.526628 53.13873, -123.526669 53.138127, -123.527188 53.137825, -123.527848 53.137471, -123.528068 53.136757, -123.528037 53.136353, -123.527848 53.13594, -123.528376 53.135746, -123.528772 53.135953, -123.529332 53.136356, -123.52998 53.136605, -123.530711 53.137112, -123.531578 53.137509, -123.531771 53.137732, -123.53147 53.138006, -123.530826 53.138215, -123.530075 53.138119, -123.52974 53.138239, -123.529529 53.138567, -123.529451 53.139066, -123.527695 53.139774, -123.529182 53.140743, -123.529854 53.141769, -123.531248 53.142533, -123.531616 53.143293, -123.531848 53.144243, -123.533035 53.14502, -123.533928 53.146057, -123.5337 53.14654, -123.53497 53.14679, -123.53631 53.14691, -123.53767 53.14692, -123.53903 53.14685, -123.54038 53.1467, -123.54169 53.14645, -123.54292 53.14608, -123.544 53.1456, -123.54526 53.1447, -123.541442 53.143434, -123.540674 53.143418, -123.539993 53.143069, -123.539455 53.143094, -123.539131 53.142876, -123.538952 53.142576, -123.538391 53.142521, -123.537046 53.142133, -123.536368 53.141629, -123.536444 53.141341, -123.536585 53.141144, -123.537341 53.140976, -123.538066 53.14075, -123.538417 53.140175, -123.5387 53.139624, -123.539842 53.139321, -123.54067 53.139036, -123.542566 53.13838, -123.542616 53.138281, -123.542924 53.13823, -123.543073 53.138252, -123.543439 53.13826, -123.543745 53.138196, -123.54397 53.138188, -123.544107 53.138108, -123.544222 53.138042, -123.545586 53.140205, -123.546921 53.14003, -123.547485 53.140041, -123.54818 53.140251, -123.548302 53.140278, -123.548393 53.140343, -123.547905 53.140711, -123.547944 53.141009, -123.548196 53.141194, -123.548261 53.141264, -123.548246 53.141359, -123.548167 53.141467, -123.547994 53.141571, -123.547809 53.141698, -123.547795 53.141843, -123.548511 53.141755, -123.548432 53.141676, -123.548538 53.141621, -123.548748 53.141625, -123.549012 53.141756, -123.548991 53.14198, -123.548959 53.142013, -123.548784 53.142043, -123.548643 53.142182, -123.54866 53.142421, -123.548601 53.142512, -123.548453 53.142617, -123.548398 53.142731, -123.548373 53.142822, -123.548272 53.142899, -123.548351 53.142976, -123.548353 53.143032, -123.548391 53.143076, -123.54911 53.14272, -123.5505 53.14194, -123.551 53.14165, -123.55198 53.14111, -123.55305 53.1406, -123.55412 53.1401, -123.55518 53.13961, -123.55631 53.13919, -123.55749 53.13884, -123.55874 53.13854, -123.56005 53.13832, -123.56282 53.13803, -123.56417 53.13775, -123.56546 53.1374, -123.56682 53.13709, -123.56814 53.13676, -123.5706 53.13591, -123.57177 53.13575, -123.57289 53.13583, -123.57367 53.13624, -123.57374 53.13664, -123.57353 53.13723, -123.5723 53.13783, -123.57253 53.13842, -123.57518 53.139, -123.57608 53.13912, -123.5768 53.13955, -123.57662 53.14018, -123.57668 53.14085, -123.57646 53.14157, -123.57598 53.1423, -123.57541 53.14303, -123.57473 53.14372, -123.57391 53.14434, -123.57341 53.1447, -123.57307 53.14495, -123.57228 53.14559, -123.57157 53.14626, -123.57093 53.14695, -123.57049 53.14771, -123.57023 53.14851, -123.57001 53.1493, -123.56973 53.15014, -123.56935 53.15096, -123.56888 53.15178, -123.56831 53.15259, -123.56705 53.15418, -123.56569 53.1557, -123.5649 53.15639, -123.56387 53.15744, -123.56252 53.1583, -123.56126 53.15917, -123.55991 53.15999, -123.55854 53.16079, -123.55743 53.16123, -123.55684 53.16193, -123.55652 53.16267, -123.55605 53.16343, -123.55497 53.16478, -123.55281 53.16703, -123.55252 53.16772, -123.55268 53.16844, -123.55289 53.16916, -123.55272 53.16996, -123.55239 53.17062, -123.55223 53.17133, -123.55203 53.17203, -123.55176 53.17268, -123.55133 53.17324, -123.55068 53.17366, -123.54976 53.17378, -123.5488 53.17364, -123.54791 53.17307, -123.54693 53.17277, -123.5458 53.17276, -123.5446 53.17291, -123.54351 53.17325, -123.54266 53.17377, -123.54199 53.17434, -123.54146 53.17496, -123.54077 53.17548, -123.53999 53.17597, -123.53893 53.1762, -123.53795 53.17632, -123.5369 53.17627, -123.5359 53.17609, -123.53503 53.17575, -123.53432 53.17526, -123.53371 53.17473, -123.53331 53.17413, -123.53324 53.17349, -123.5335 53.17284, -123.53396 53.17219, -123.5343 53.17156, -123.53425 53.17091, -123.53364 53.17038, -123.53256 53.17005, -123.53137 53.16991, -123.53015 53.16975, -123.529 53.16939, -123.52799 53.16888, -123.52701 53.16838, -123.52603 53.16785, -123.52506 53.16731, -123.5241 53.16675, -123.52329 53.16614)))"
8,2023-07-29 10:30:57,2023072201,2023,341.9,Non-corrected airborne GPS,1690009200000,1690073412000,Out of Control,JA70003000,3418894.8681,8873.3289,18,ee3f4e15-5980-4841-b965-fa88164882ee,9381811.03125,14700.8276740618,https://wildfiresituation.nrs.gov.bc.ca/incidents?fireYear=2023&incidentNumber=C11892,"POLYGON ((-125.42602 52.9014, -125.42644 52.90084, -125.42728 52.90044, -125.42822 52.90009, -125.43014 52.89935, -125.43108 52.89902, -125.43203 52.89875, -125.43296 52.89856, -125.43385 52.89839, -125.43478 52.8982, -125.43571 52.89797, -125.43666 52.89771, -125.43759 52.8974, -125.43849 52.89715, -125.43945 52.89703, -125.4404 52.89692, -125.44131 52.89683, -125.44219 52.89676, -125.44302 52.89673, -125.44386 52.89682, -125.4447 52.89688, -125.44547 52.89683, -125.44624 52.89684, -125.44701 52.89691, -125.44768 52.8968, -125.44804 52.89642, -125.4483 52.89597, -125.44877 52.8956, -125.44939 52.89539, -125.45009 52.89545, -125.4507 52.89574, -125.45129 52.89605, -125.45176 52.89641, -125.45192 52.89671, -125.45201 52.8972, -125.45201 52.89773, -125.45206 52.89808, -125.45236 52.89839, -125.45308 52.89879, -125.45351 52.89911, -125.45391 52.89969, -125.45428 52.90025, -125.4549 52.90066, -125.45574 52.90088, -125.45628 52.90105, -125.45694 52.9014, -125.4572 52.90169, -125.4573 52.90218, -125.45709 52.90252, -125.45654 52.90296, -125.45606 52.90321, -125.45529 52.90355, -125.45482 52.90381, -125.45449 52.90438, -125.45446 52.90482, -125.45448 52.90527, -125.45457 52.90593, -125.45454 52.90637, -125.45422 52.90704, -125.45401 52.90752, -125.45406 52.90829, -125.45429 52.9088, -125.45461 52.90928, -125.45511 52.90998, -125.45554 52.91065, -125.45555 52.91128, -125.45523 52.91175, -125.45493 52.91226, -125.45468 52.91309, -125.45443 52.91398, -125.4542 52.91455, -125.45186 52.9145, -125.451 52.91441, -125.45014 52.91434, -125.4493 52.91436, -125.4485 52.91445, -125.44735 52.91465, -125.44632 52.91492, -125.44551 52.91531, -125.44512 52.91565, -125.44464 52.91594, -125.44371 52.91622, -125.44306 52.91637, -125.4424 52.91643, -125.4417 52.91637, -125.441 52.91624, -125.44028 52.91611, -125.43956 52.916, -125.43883 52.91591, -125.43812 52.91592, -125.43744 52.91602, -125.43684 52.9162, -125.43635 52.91646, -125.43595 52.91676, -125.43556 52.91708, -125.43515 52.91739, -125.43471 52.91768, -125.4342 52.9179, -125.43363 52.91803, -125.43305 52.91798, -125.43254 52.91775, -125.43222 52.91737, -125.43208 52.91689, -125.43199 52.91641, -125.43193 52.91595, -125.43196 52.9155, -125.43216 52.91507, -125.4325 52.91467, -125.43297 52.91429, -125.43352 52.91392, -125.43401 52.91354, -125.4343 52.9131, -125.43444 52.91265, -125.4344 52.91221, -125.43415 52.91179, -125.43372 52.91143, -125.43318 52.91115, -125.43256 52.91092, -125.4319 52.91074, -125.43123 52.91058, -125.43055 52.9104, -125.42987 52.91023, -125.42918 52.91002, -125.4285 52.9098, -125.42783 52.90957, -125.42716 52.90933, -125.42652 52.9091, -125.42591 52.90888, -125.42536 52.90868, -125.4249 52.90851, -125.4246 52.90826, -125.42456 52.90795, -125.42479 52.90763, -125.42528 52.90737, -125.42591 52.90717, -125.42661 52.90699, -125.42733 52.90684, -125.42807 52.9067, -125.4288 52.90657, -125.42952 52.90643, -125.43022 52.90631, -125.4316 52.90605, -125.43255 52.90575, -125.43304 52.90544, -125.43329 52.90503, -125.43328 52.90458, -125.43301 52.90415, -125.43255 52.9038, -125.43193 52.90353, -125.43123 52.90335, -125.43051 52.90325, -125.42977 52.90318, -125.42904 52.90312, -125.42832 52.90304, -125.42763 52.90296, -125.427 52.90282, -125.42647 52.90259, -125.426239 52.902365, -125.42602 52.9014))"
9,2023-07-29 10:30:57,2023072801,2023,253.2,Hand sketch of any type,1690527600000,1690605017000,Out of Control,JA70003000,2532212.4527,11068.4903,19,d49bf612-5701-4699-a5c1-9644de78cf11,6853312.5625,18207.5722386971,https://wildfiresituation.nrs.gov.bc.ca/incidents?fireYear=2023&incidentNumber=C12135,"MULTIPOLYGON (((-122.24646 52.61624, -122.24619 52.61612, -122.24587 52.61611, -122.2454 52.61619, -122.24509 52.61623, -122.24457 52.61621, -122.244154 52.616074, -122.24385 52.61594, -122.24354 52.61593, -122.24302 52.61602, -122.24243 52.61608, -122.24191 52.61611, -122.24143 52.61616, -122.24109 52.61618, -122.24078 52.61612, -122.24046 52.61593, -122.24011 52.61561, -122.239829 52.615358, -122.23946 52.61508, -122.23915 52.61495, -122.23886 52.61495, -122.23861 52.61495, -122.23829 52.61507, -122.23792 52.61534, -122.23762 52.61545, -122.23723 52.61548, -122.23683 52.61546, -122.236495 52.615296, -122.23621 52.61504, -122.236159 52.614702, -122.23622 52.61447, -122.236515 52.614148, -122.23678 52.61395, -122.23725 52.61368, -122.23779 52.61338, -122.238316 52.613165, -122.23883 52.61298, -122.23901 52.61279, -122.238998 52.612587, -122.23895 52.61224, -122.239024 52.612161, -122.23924 52.61193, -122.23953 52.61174, -122.23972 52.61152, -122.2398 52.61128, -122.23981 52.61102, -122.239779 52.61087, -122.2397 52.61049, -122.239636 52.610367, -122.239423 52.610058, -122.23905 52.609692, -122.23858 52.60939, -122.238191 52.609269, -122.23755 52.6091, -122.23712 52.60883, -122.237026 52.608736, -122.23668 52.60839, -122.23626 52.60809, -122.23565 52.60763, -122.23527 52.60731, -122.23518 52.60701, -122.23553 52.60682, -122.23589 52.60672, -122.23662 52.60674, -122.23709 52.60681, -122.237516 52.60681, -122.2378 52.60681, -122.23834 52.60656, -122.23848 52.60626, -122.2384 52.60576, -122.238244 52.60537, -122.23814 52.60511, -122.237776 52.604558, -122.23742 52.60407, -122.237211 52.603732, -122.23699 52.603329, -122.23659 52.60267, -122.23626 52.6024, -122.23568 52.60238, -122.235517 52.602449, -122.235169 52.602606, -122.234496 52.60292, -122.234031 52.603073, -122.23344 52.60323, -122.233161 52.603257, -122.23282 52.60329, -122.232318 52.603166, -122.23189 52.60306, -122.231605 52.602802, -122.23146 52.60267, -122.23137 52.60226, -122.23129 52.6019, -122.231325 52.601656, -122.23137 52.60134, -122.231435 52.601106, -122.231525 52.600783, -122.23165 52.60038, -122.232399 52.600142, -122.23308 52.599879, -122.233872 52.599163, -122.234434 52.598796, -122.235137 52.598284, -122.235911 52.598186, -122.236887 52.598315, -122.23763 52.59841, -122.23834 52.5985, -122.23906 52.59854, -122.2401 52.59853, -122.24076 52.59842, -122.24162 52.59807, -122.241907 52.597855, -122.242402 52.59741, -122.242484 52.597418, -122.243119 52.597827, -122.243658 52.597996, -122.244403 52.598047, -122.245189 52.597962, -122.246186 52.597599, -122.247599 52.597128, -122.248534 52.596855, -122.249376 52.596805, -122.25034 52.596818, -122.25126 52.596827, -122.25148 52.59685, -122.251819 52.596971, -122.25218 52.5971, -122.25245 52.59736, -122.252395 52.597474, -122.25233 52.59761, -122.25213 52.59775, -122.25196 52.59805, -122.251943 52.598386, -122.25195 52.59862, -122.25202 52.59885, -122.25212 52.59905, -122.25221 52.59924, -122.25224 52.59944, -122.25227 52.59976, -122.25229 52.60009, -122.25228 52.60039, -122.252229 52.60073, -122.25217 52.601118, -122.252156 52.601484, -122.25226 52.6017, -122.25243 52.60186, -122.25276 52.60208, -122.25298 52.60214, -122.25333 52.60222, -122.25371 52.60234, -122.25393 52.60235, -122.25433 52.6024, -122.2545 52.60251, -122.25453 52.60264, -122.25442 52.60276, -122.25424 52.60289, -122.2541 52.60311, -122.25416 52.60345, -122.25435 52.60368, -122.25466 52.6039, -122.25487 52.60407, -122.25498 52.6043, -122.25501 52.6045, -122.25504 52.6047, -122.25516 52.60483, -122.25532 52.60495, -122.255431 52.605116, -122.255565 52.605318, -122.25568 52.60549, -122.255887 52.605675, -122.25615 52.60591, -122.2564 52.60606, -122.2566 52.60623, -122.25672 52.60654, -122.25671 52.60674, -122.2565 52.60694, -122.25615 52.60699, -122.25593 52.60706, -122.25575 52.60719, -122.25563 52.60722, -122.25541 52.60734, -122.255272 52.607467, -122.25516 52.60757, -122.25494 52.60769, -122.25467 52.60776, -122.254001 52.607827, -122.2535 52.60794, -122.25339 52.60798, -122.25301 52.60808, -122.25242 52.60807, -122.2523 52.60818, -122.2522 52.60837, -122.25198 52.60868, -122.25169 52.60911, -122.25158 52.60922, -122.25151 52.60954, -122.25148 52.60984, -122.25137 52.61012, -122.25124 52.61041, -122.25123 52.61056, -122.25117 52.61082, -122.25104 52.61097, -122.25085 52.6111, -122.250668 52.611169, -122.250409 52.611267, -122.25011 52.61138, -122.24988 52.61157, -122.24989 52.61174, -122.24997 52.61192, -122.25004 52.61211, -122.25007 52.61229, -122.24999 52.61252, -122.24978 52.61263, -122.24954 52.61273, -122.24931 52.61296, -122.24927 52.61313, -122.24911 52.61332, -122.248768 52.613418, -122.24838 52.61353, -122.24814 52.61368, -122.248111 52.613875, -122.24809 52.61402, -122.2483 52.61441, -122.248429 52.614668, -122.248556 52.614921, -122.248742 52.615289, -122.24897 52.61573, -122.249234 52.616171, -122.24933 52.61639, -122.2493 52.61669, -122.249144 52.61686, -122.24896 52.61706, -122.24856 52.61721, -122.24812 52.61728, -122.24754 52.61718, -122.24725 52.61702, -122.24704 52.61682, -122.246871 52.616633, -122.24646 52.61624)), ((-122.2476 52.59436, -122.246739 52.594306, -122.246161 52.594299, -122.245526 52.594236, -122.245163 52.594085, -122.245035 52.593871, -122.245062 52.593626, -122.245018 52.593332, -122.24474 52.593078, -122.244284 52.592988, -122.243299 52.593041, -122.243228 52.5928, -122.243205 52.592526, -122.24329 52.59209, -122.24351 52.59155, -122.243858 52.591158, -122.24413 52.59091, -122.24419 52.59073, -122.244054 52.590491, -122.24389 52.59021, -122.24394 52.59003, -122.244045 52.589976, -122.24429 52.58985, -122.244869 52.58982, -122.245453 52.589807, -122.246123 52.589731, -122.24675 52.58961, -122.2473 52.58943, -122.24755 52.58924, -122.24768 52.589, -122.247897 52.588926, -122.248138 52.588969, -122.248528 52.589107, -122.248775 52.589186, -122.24886 52.5894, -122.2487 52.58963, -122.24888 52.58981, -122.2492 52.58987, -122.249366 52.589875, -122.24984 52.58991, -122.25014 52.58996, -122.25038 52.59003, -122.250681 52.590216, -122.25086 52.59035, -122.251063 52.590446, -122.251322 52.59057, -122.25166 52.59073, -122.25192 52.5908, -122.25207 52.59084, -122.252571 52.590837, -122.25312 52.59082, -122.25351 52.59091, -122.25361 52.59106, -122.253579 52.591235, -122.253533 52.591491, -122.25351 52.59162, -122.253556 52.591774, -122.25362 52.59199, -122.25353 52.59223, -122.25332 52.59233, -122.25308 52.59241, -122.2529 52.59253, -122.25282 52.59275, -122.2528 52.59291, -122.25268 52.5931, -122.25245 52.59317, -122.25204 52.59313, -122.251634 52.592993, -122.25135 52.59292, -122.25103 52.59298, -122.250874 52.59304, -122.2505 52.593184, -122.25025 52.59328, -122.24993 52.59361, -122.24976 52.59367, -122.2495 52.59382, -122.24936 52.59396, -122.24907 52.59405, -122.248913 52.594069, -122.248429 52.594122, -122.248035 52.594194, -122.24781 52.59425, -122.2476 52.59436)), ((-122.247447 52.58394, -122.248049 52.583947, -122.24857 52.58397, -122.24912 52.58409, -122.249401 52.584247, -122.24973 52.58443, -122.24986 52.584723, -122.249878 52.584977, -122.24978 52.58516, -122.24943 52.58539, -122.24902 52.58562, -122.248577 52.585896, -122.248225 52.586115, -122.247883 52.586313, -122.247544 52.58648, -122.246819 52.586647, -122.246308 52.586669, -122.245687 52.585918, -122.24531 52.58533, -122.2453 52.58499, -122.24547 52.58465, -122.245693 52.584434, -122.24593 52.584267, -122.24623 52.58411, -122.246812 52.584004, -122.247447 52.58394)))"
10,2023-07-29 10:30:57,2023060901,2023,919.7,Non-corrected airborne GPS,1686294000000,1686422568000,Being Held,JA70003000,9196951.8274,18442.5933,24,9e89a330-a844-41ec-a807-0fd3460e2129,24919936.734375,30361.0183304234,https://wildfiresituation.nrs.gov.bc.ca/incidents?fireYear=2023&incidentNumber=C30399,"POLYGON ((-121.062974 52.651312, -121.061399 52.651339, -121.059855 52.65107, -121.058588 52.650401, -121.05756 52.649548, -121.056436 52.648756, -121.05504 52.648204, -121.053473 52.647926, -121.051885 52.647847, -121.050362 52.647813, -121.048917 52.647688, -121.047549 52.647503, -121.046243 52.647364, -121.044936 52.647389, -121.043706 52.647651, -121.04253 52.647913, -121.041359 52.648062, -121.040251 52.647938, -121.039145 52.647716, -121.038076 52.647338, -121.037263 52.646654, -121.036829 52.645748, -121.03647 52.644815, -121.036091 52.643868, -121.035685 52.64288, -121.03534 52.641835, -121.035094 52.640736, -121.034999 52.639592, -121.03512 52.638438, -121.035456 52.637348, -121.035948 52.636382, -121.036355 52.635508, -121.036602 52.634728, -121.03687 52.634016, -121.037251 52.63334, -121.037471 52.632598, -121.03743 52.631783, -121.037411 52.631607, -121.036717 52.631192, -121.036351 52.630493, -121.037085 52.630084, -121.037322 52.630044, -121.03732 52.629903, -121.037551 52.628877, -121.038381 52.627912, -121.039578 52.627118, -121.040659 52.626365, -121.041573 52.625655, -121.042361 52.625031, -121.043003 52.624492, -121.043283 52.623908, -121.043271 52.62333, -121.043054 52.62273, -121.042724 52.622025, -121.042537 52.621161, -121.042852 52.620142, -121.043717 52.619095, -121.04499 52.6181, -121.046681 52.617257, -121.048696 52.616672, -121.050806 52.616231, -121.052963 52.615868, -121.055195 52.615692, -121.057494 52.615777, -121.059792 52.615956, -121.062113 52.616001, -121.06444 52.615801, -121.066726 52.615345, -121.068991 52.61475, -121.071283 52.614084, -121.073607 52.613392, -121.076031 52.612837, -121.078547 52.612513, -121.08105 52.612473, -121.083463 52.612759, -121.085787 52.613218, -121.088073 52.613725, -121.090402 52.614239, -121.092643 52.614845, -121.094719 52.615574, -121.096558 52.616457, -121.097927 52.617544, -121.09887 52.618703, -121.099312 52.619885, -121.099381 52.621001, -121.099338 52.621996, -121.09975 52.622955, -121.100766 52.623767, -121.102167 52.624429, -121.103745 52.625055, -121.105381 52.625723, -121.106282 52.626712, -121.106111 52.627831, -121.104999 52.628862, -121.102226 52.629466, -121.10054 52.629344, -121.099001 52.629335, -121.097673 52.628918, -121.096784 52.628192, -121.096285 52.627338, -121.09584 52.62648, -121.095284 52.625645, -121.094576 52.624882, -121.093532 52.624285, -121.092217 52.623881, -121.09085 52.62355, -121.089437 52.623283, -121.087991 52.623123, -121.086527 52.623058, -121.085083 52.623041, -121.08368 52.623028, -121.082329 52.62305, -121.081028 52.623138, -121.079807 52.623426, -121.078673 52.623823, -121.077559 52.624194, -121.076482 52.624515, -121.075362 52.624556, -121.074262 52.624381, -121.073066 52.624362, -121.071844 52.624395, -121.07058 52.624398, -121.069233 52.624575, -121.067927 52.625019, -121.066826 52.625712, -121.066148 52.62663, -121.065992 52.627576, -121.066803 52.628383, -121.068378 52.6287, -121.070078 52.62883, -121.071621 52.629122, -121.072828 52.629577, -121.073194 52.630349, -121.072542 52.631026, -121.071328 52.631206, -121.070032 52.631014, -121.068713 52.63076, -121.06737 52.630481, -121.066008 52.630174, -121.06599 52.63017, -121.064637 52.629862, -121.063218 52.629648, -121.061755 52.62964, -121.060358 52.629848, -121.059084 52.630232, -121.058054 52.630819, -121.057403 52.631612, -121.057343 52.631782, -121.057078 52.632521, -121.057099 52.633502, -121.057665 52.634526, -121.058844 52.635479, -121.06034 52.636375, -121.061947 52.637255, -121.063514 52.638182, -121.064896 52.639208, -121.065972 52.640348, -121.066695 52.641571, -121.067057 52.642841, -121.067144 52.6441, -121.066912 52.645279, -121.066584 52.646342, -121.066253 52.647252, -121.066056 52.64804, -121.066039 52.648794, -121.06583 52.649546, -121.065316 52.650314, -121.064332 52.650935, -121.062974 52.651312))"
11,2023-07-29 10:30:57,2023060401,2023,127.8,Non-corrected airborne GPS,1685862000000,1685979458000,Being Held,JA70003000,1277729.4481,4693.3952,31,cfaa950a-8b95-4e46-a818-9d5ff3cb3fa0,3496107.8359375,7762.03105488884,https://wildfiresituation.nrs.gov.bc.ca/incidents?fireYear=2023&incidentNumber=C30446,"POLYGON ((-120.461627 52.84355, -120.461553 52.842699, -120.461516 52.841397, -120.461568 52.840097, -120.461787 52.838864, -120.462226 52.837704, -120.46297 52.836575, -120.464207 52.835568, -120.476328 52.838414, -120.474611 52.83986, -120.47457 52.84073, -120.475306 52.841479, -120.476513 52.841821, -120.477356 52.842151, -120.477243 52.84274, -120.476608 52.843274, -120.476062 52.843563, -120.475099 52.843954, -120.474173 52.844481, -120.47357 52.84526, -120.473462 52.846186, -120.473598 52.847094, -120.473764 52.847933, -120.473753 52.848683, -120.473487 52.84934, -120.473168 52.849731, -120.47241 52.850175, -120.471347 52.850459, -120.470066 52.850577, -120.468701 52.850385, -120.467404 52.850043, -120.466117 52.849676, -120.464875 52.849245, -120.464082 52.848922, -120.462931 52.848387, -120.461854 52.847773, -120.460817 52.847131, -120.461627 52.84355))"
12,2023-07-29 10:30:57,2023060401,2023,25.6,Non-corrected airborne GPS,1685862000000,1685980384000,Being Held,JA70003000,256489.0017,2144.8189,32,1506203c-cf56-4a0c-b78a-6d64c4dc3262,696910.3046875,3533.91993668991,https://wildfiresituation.nrs.gov.bc.ca/incidents?fireYear=2023&incidentNumber=C30572,"POLYGON ((-120.486594 52.694029, -120.485679 52.693803, -120.484843 52.69317, -120.484082 52.692447, -120.483386 52.691673, -120.483066 52.691118, -120.482868 52.69027, -120.482819 52.689717, -120.482691 52.688936, -120.482333 52.688182, -120.482428 52.687455, -120.482983 52.687086, -120.484365 52.686966, -120.485325 52.687091, -120.486688 52.687374, -120.487804 52.687777, -120.488609 52.688311, -120.48903 52.688962, -120.48898 52.689681, -120.488653 52.690376, -120.488342 52.690825, -120.487982 52.691493, -120.487871 52.692209, -120.487941 52.692736, -120.488112 52.693447, -120.488091 52.693893, -120.487725 52.694458, -120.487155 52.694663, -120.486594 52.694029))"
13,2023-07-29 10:30:57,2023071301,2023,109.3,Non-corrected airborne GPS,1689231600000,1689288669000,Out of Control,JA70003000,1092925.3249,7884.045,34,860a063f-90e9-4593-ab00-d734a46bb094,2970668.3203125,12996.3301548414,https://wildfiresituation.nrs.gov.bc.ca/incidents?fireYear=2023&incidentNumber=C31143,"POLYGON ((-121.365539 52.690027, -121.366294 52.690571, -121.366218 52.690859, -121.365844 52.691128, -121.365272 52.691358, -121.36459 52.691599, -121.363884 52.69195, -121.363235 52.692395, -121.36262 52.692876, -121.361947 52.693329, -121.360679 52.693728, -121.359842 52.69376, -121.359299 52.693599, -121.358918 52.693329, -121.358778 52.69298, -121.358819 52.692592, -121.358735 52.692201, -121.358276 52.691893, -121.35765 52.692067, -121.357153 52.692373, -121.356883 52.692853, -121.356694 52.693365, -121.356447 52.693874, -121.356129 52.694378, -121.355859 52.694909, -121.355899 52.695479, -121.356338 52.696013, -121.35706 52.696465, -121.357852 52.69688, -121.358588 52.697283, -121.359268 52.697658, -121.359942 52.697974, -121.360645 52.698227, -121.361341 52.698454, -121.362 52.698703, -121.362586 52.69901, -121.363083 52.699395, -121.363468 52.699839, -121.363755 52.700326, -121.364001 52.700826, -121.36418 52.701341, -121.364236 52.701868, -121.364101 52.702409, -121.363924 52.702958, -121.363778 52.703475, -121.363494 52.703897, -121.362929 52.704127, -121.362246 52.704087, -121.361682 52.703802, -121.361335 52.703372, -121.361062 52.702881, -121.360601 52.702435, -121.359883 52.702135, -121.359012 52.702075, -121.358136 52.702289, -121.357433 52.70274, -121.356918 52.703312, -121.356502 52.703929, -121.356101 52.704556, -121.355705 52.705174, -121.355419 52.705786, -121.355282 52.706388, -121.355191 52.706969, -121.354987 52.707531, -121.354611 52.708034, -121.354081 52.708461, -121.35348 52.70882, -121.35284 52.709057, -121.352184 52.709073, -121.351663 52.708848, -121.351396 52.70851, -121.351314 52.708162, -121.351431 52.707651, -121.351621 52.707299, -121.351788 52.706916, -121.351819 52.706278, -121.351686 52.705837, -121.351489 52.705402, -121.351285 52.70498, -121.351223 52.704573, -121.351215 52.70399, -121.351124 52.703655, -121.350897 52.703404, -121.350121 52.703431, -121.34962 52.70365, -121.349118 52.703741, -121.348722 52.703617, -121.348573 52.703382, -121.348797 52.702998, -121.349084 52.702784, -121.349383 52.702606, -121.349668 52.702432, -121.349955 52.702264, -121.350254 52.702095, -121.35056 52.701918, -121.350837 52.701724, -121.351029 52.701507, -121.35114 52.701284, -121.351242 52.701071, -121.351417 52.700872, -121.351691 52.700678, -121.351988 52.700469, -121.352225 52.700229, -121.35247 52.699978, -121.352729 52.699738, -121.352975 52.699504, -121.353174 52.699245, -121.353304 52.698947, -121.353362 52.698611, -121.353392 52.698242, -121.353554 52.697859, -121.35391 52.697506, -121.354417 52.697192, -121.354939 52.696856, -121.355193 52.696387, -121.355007 52.695863, -121.354626 52.695384, -121.354146 52.694956, -121.353439 52.694639, -121.35252 52.694525, -121.35158 52.694482, -121.350698 52.694367, -121.349922 52.694154, -121.349269 52.693843, -121.348697 52.693496, -121.348142 52.693196, -121.347718 52.692948, -121.347554 52.692712, -121.347709 52.692481, -121.348161 52.692333, -121.348781 52.692328, -121.349416 52.692417, -121.350015 52.692496, -121.350827 52.692493, -121.351554 52.692344, -121.352281 52.692123, -121.352999 52.691908, -121.353684 52.691678, -121.354299 52.69139, -121.354758 52.691011, -121.354944 52.690546, -121.355054 52.69005, -121.355481 52.689584, -121.356376 52.689274, -121.357603 52.68917, -121.359015 52.689268, -121.360489 52.689375, -121.3607 52.689383, -121.36076 52.68933, -121.36153 52.68939, -121.361628 52.689419, -121.36193 52.689431, -121.363292 52.689539, -121.364548 52.689787, -121.365539 52.690027))"
14,2023-07-29 10:30:57,2023070901,2023,31.9,Non-corrected airborne GPS,1688886000000,1688958843000,Out of Control,JA70003000,319393.3511,2558.7805,35,732f5003-123e-4264-a55b-95fb382826c1,858219.1484375,4195.64729275352,https://wildfiresituation.nrs.gov.bc.ca/incidents?fireYear=2023&incidentNumber=C31349,"POLYGON ((-120.76455 52.44412, -120.76418 52.44474, -120.76354 52.44528, -120.76268 52.44572, -120.76168 52.44604, -120.7606 52.44623, -120.75952 52.44631, -120.75788 52.44628, -120.75633 52.44629, -120.75511 52.4465, -120.75328 52.44716, -120.752882 52.447211, -120.75255 52.44734, -120.75183 52.44746, -120.75115 52.44739, -120.75063 52.44713, -120.75032 52.44674, -120.75013 52.44631, -120.75015 52.44586, -120.75057 52.44541, -120.7512 52.44502, -120.75189 52.44469, -120.75268 52.44447, -120.7535 52.44431, -120.75425 52.44413, -120.75482 52.44382, -120.75512 52.44344, -120.75521 52.44316, -120.75523 52.44308, -120.75534 52.44279, -120.75565 52.44259, -120.7562 52.44254, -120.75687 52.44264, -120.7579 52.44295, -120.75837 52.44309, -120.75929 52.44322, -120.76022 52.44316, -120.76109 52.44295, -120.76193 52.44271, -120.76276 52.44255, -120.76357 52.4426, -120.76423 52.44293, -120.76459 52.44349, -120.76455 52.44412))"
15,2023-07-29 10:30:57,2023071301,2023,43.7,Non-corrected airborne GPS,1689231600000,1689289185000,Out of Control,JA70003000,436759.1295,2677.947,36,ba14fffc-3d9b-44e9-89c5-c5ba48c0b3ac,1186839.8671875,4414.21753615478,https://wildfiresituation.nrs.gov.bc.ca/incidents?fireYear=2023&incidentNumber=C31442,"POLYGON ((-120.834378 52.690174, -120.83444 52.690318, -120.834544 52.690947, -120.834465 52.691594, -120.834211 52.692201, -120.833835 52.692784, -120.833369 52.693308, -120.832809 52.693778, -120.832179 52.694214, -120.831481 52.694617, -120.830693 52.69496, -120.829842 52.695204, -120.828958 52.69537, -120.828086 52.695455, -120.827267 52.695489, -120.826523 52.695482, -120.825841 52.695501, -120.824847 52.695866, -120.824375 52.695949, -120.823624 52.695865, -120.823082 52.695687, -120.82272 52.695356, -120.822472 52.694982, -120.822247 52.694616, -120.822169 52.694223, -120.822333 52.693832, -120.822571 52.693444, -120.822856 52.693049, -120.82328 52.692667, -120.823842 52.692293, -120.824495 52.691917, -120.825237 52.691564, -120.826128 52.691448, -120.826914 52.691458, -120.827493 52.691245, -120.827708 52.690746, -120.827817 52.690191, -120.828132 52.689692, -120.828404 52.689417, -120.828719 52.689187, -120.829059 52.688951, -120.829408 52.688697, -120.829798 52.688436, -120.830319 52.688207, -120.830988 52.688089, -120.831763 52.688144, -120.83253 52.688374, -120.833202 52.688728, -120.83377 52.689193, -120.834188 52.689729, -120.834344 52.690094, -120.834378 52.690174))"
16,2023-07-29 10:30:57,2023071701,2023,4.5,Non-corrected airborne GPS,1689577200000,1689624933000,Out of Control,JA70003000,44756.6688,792.9545,37,5137676b-c11d-4edd-9669-843b2652029a,120948.7421875,1303.44533726243,https://wildfiresituation.nrs.gov.bc.ca/incidents?fireYear=2023&incidentNumber=C31684,"POLYGON ((-120.49226 52.56969, -120.49306 52.56931, -120.49402 52.56939, -120.49458 52.57006, -120.49437 52.57087, -120.49386 52.57145, -120.49321 52.57163, -120.49282 52.57149, -120.49173 52.57149, -120.49137 52.57142, -120.49107 52.57124, -120.49094 52.57097, -120.49117 52.57048, -120.49155 52.57016, -120.49226 52.56969))"
17,2023-07-29 10:30:57,2023072601,2023,6712.9,Non-corrected airborne GPS,1690354800000,1690490792000,Out of Control,JA70003000,67128783.2819,50905.3046,57,723bc7be-246b-4a80-84b7-0981f4af30fd,181126523.484375,83629.4151778627,https://wildfiresituation.nrs.gov.bc.ca/incidents?fireYear=2023&incidentNumber=C51562,"POLYGON ((-124.63089 52.55395, -124.63151 52.5529, -124.63134 52.55235, -124.63085 52.55182, -124.63013 52.5514, -124.62922 52.55122, -124.62821 52.55128, -124.62721 52.55141, -124.62627 52.55137, -124.62551 52.55105, -124.62499 52.55052, -124.62464 52.54995, -124.6245 52.5494, -124.62438 52.54889, -124.62398 52.5484, -124.62342 52.54787, -124.62297 52.54726, -124.62261 52.54663, -124.62208 52.54612, -124.62172 52.54562, -124.62186 52.54513, -124.62238 52.54489, -124.62313 52.54502, -124.62403 52.54525, -124.62506 52.5453, -124.62618 52.54545, -124.62712 52.5458, -124.62812 52.54601, -124.62913 52.54572, -124.62998 52.54521, -124.63083 52.54469, -124.63202 52.54452, -124.6333 52.54469, -124.63448 52.54486, -124.6356 52.54476, -124.63635 52.54424, -124.6369 52.5437, -124.63788 52.54339, -124.63916 52.54334, -124.64047 52.54317, -124.64175 52.54297, -124.64307 52.54262, -124.64422 52.54208, -124.64535 52.54154, -124.64616 52.54097, -124.6463 52.54038, -124.64562 52.54002, -124.64457 52.54005, -124.64345 52.54001, -124.64271 52.53949, -124.64252 52.53876, -124.64259 52.53805, -124.64291 52.53735, -124.64325 52.53665, -124.6429 52.53597, -124.64193 52.5355, -124.64091 52.53524, -124.64008 52.53495, -124.63973 52.53443, -124.63978 52.53373, -124.63945 52.53305, -124.63864 52.53252, -124.63786 52.53202, -124.63727 52.53145, -124.6363 52.53118, -124.63509 52.53128, -124.63388 52.53136, -124.6329 52.53122, -124.63232 52.53091, -124.63229 52.53036, -124.63255 52.5297, -124.63276 52.52912, -124.63322 52.52863, -124.63399 52.52823, -124.63433 52.52766, -124.63369 52.52702, -124.63259 52.52646, -124.63139 52.52593, -124.63032 52.52531, -124.62945 52.52461, -124.62868 52.52392, -124.62788 52.5233, -124.62727 52.52272, -124.62694 52.52219, -124.62723 52.52174, -124.62822 52.52146, -124.62963 52.52133, -124.63117 52.52114, -124.63269 52.52092, -124.6342 52.52074, -124.63564 52.52062, -124.63695 52.52048, -124.638 52.52014, -124.63865 52.51951, -124.63925 52.51894, -124.64018 52.51859, -124.64124 52.51839, -124.64214 52.51802, -124.64304 52.51776, -124.64407 52.51765, -124.64512 52.51741, -124.646 52.51695, -124.6469 52.51652, -124.64787 52.51627, -124.64896 52.51623, -124.65009 52.51636, -124.65132 52.51634, -124.65252 52.51633, -124.65367 52.51628, -124.65458 52.51584, -124.65506 52.5152, -124.65532 52.51454, -124.65544 52.5139, -124.6559 52.51336, -124.65623 52.51295, -124.65591 52.51275, -124.65528 52.51261, -124.65517 52.51215, -124.65591 52.51172, -124.65697 52.51148, -124.65791 52.51116, -124.65832 52.51046, -124.65859 52.50974, -124.65889 52.50912, -124.65946 52.50872, -124.66035 52.50873, -124.66116 52.50917, -124.66166 52.50978, -124.6618 52.51045, -124.66191 52.5111, -124.66257 52.5115, -124.66347 52.5113, -124.66388 52.51075, -124.66408 52.51025, -124.6646 52.51004, -124.66516 52.51037, -124.6652 52.51096, -124.66471 52.51153, -124.6641 52.51209, -124.66388 52.51245, -124.66396 52.51281, -124.66437 52.5131, -124.66505 52.51322, -124.66584 52.51317, -124.6666 52.51303, -124.66733 52.51285, -124.668 52.5127, -124.66874 52.51262, -124.66954 52.5126, -124.67029 52.51243, -124.67096 52.51212, -124.67147 52.51172, -124.67183 52.5113, -124.67205 52.51086, -124.67225 52.51041, -124.67246 52.50996, -124.67256 52.50951, -124.67251 52.50906, -124.6725 52.50861, -124.67277 52.50819, -124.67329 52.50783, -124.67395 52.50757, -124.67471 52.50742, -124.67552 52.50736, -124.67634 52.50721, -124.67702 52.50691, -124.67763 52.50657, -124.67834 52.50626, -124.6791 52.50603, -124.67986 52.50585, -124.68104 52.5055, -124.68185 52.505, -124.68165 52.50483, -124.68126 52.50425, -124.68117 52.50367, -124.68137 52.50309, -124.68183 52.50256, -124.68245 52.50209, -124.68309 52.50165, -124.6837 52.50123, -124.68427 52.50085, -124.68486 52.50053, -124.68551 52.50032, -124.68619 52.50015, -124.68677 52.49995, -124.6871 52.49958, -124.68722 52.49917, -124.68735 52.49881, -124.68757 52.49856, -124.68791 52.49846, -124.68846 52.49863, -124.68904 52.49893, -124.68973 52.49918, -124.69054 52.49922, -124.69132 52.49902, -124.69184 52.49866, -124.69231 52.49831, -124.69285 52.49774, -124.69306 52.49704, -124.69368 52.49632, -124.69488 52.49591, -124.69643 52.49593, -124.69789 52.49621, -124.69941 52.49665, -124.70098 52.49706, -124.70249 52.49745, -124.70401 52.49772, -124.70531 52.49809, -124.70631 52.49863, -124.70749 52.4991, -124.70901 52.4989, -124.71052 52.49842, -124.71169 52.49838, -124.71262 52.49869, -124.71317 52.49925, -124.7135 52.49955, -124.71391 52.49979, -124.7145 52.49974, -124.71496 52.49949, -124.71522 52.4991, -124.71557 52.49861, -124.71606 52.49813, -124.71661 52.49759, -124.71716 52.49704, -124.71787 52.49656, -124.71867 52.49612, -124.71945 52.49565, -124.72016 52.49516, -124.72078 52.49465, -124.7214 52.49418, -124.72194 52.49372, -124.72238 52.49328, -124.72272 52.49281, -124.72305 52.49236, -124.72352 52.49195, -124.72411 52.49157, -124.72475 52.49116, -124.72515 52.49068, -124.72535 52.49013, -124.72541 52.48959, -124.72538 52.48907, -124.72525 52.48857, -124.72496 52.48812, -124.7242 52.48804, -124.72341 52.48809, -124.72267 52.48829, -124.72206 52.48862, -124.72157 52.48904, -124.7211 52.48948, -124.72043 52.48982, -124.71966 52.48996, -124.71885 52.49007, -124.71807 52.4903, -124.71739 52.49021, -124.71654 52.49019, -124.71611 52.48986, -124.71576 52.48944, -124.71571 52.48896, -124.71593 52.48849, -124.71638 52.48804, -124.71697 52.48782, -124.71752 52.48771, -124.7181 52.48772, -124.71867 52.48776, -124.71939 52.48757, -124.72004 52.48724, -124.72065 52.48685, -124.7212 52.48641, -124.72181 52.48597, -124.72255 52.48562, -124.72341 52.48547, -124.72434 52.48546, -124.72525 52.48562, -124.72612 52.48584, -124.72696 52.48604, -124.72778 52.48614, -124.72851 52.48616, -124.72909 52.48623, -124.72961 52.48637, -124.73002 52.48679, -124.73053 52.48721, -124.73123 52.48757, -124.732 52.48778, -124.73279 52.48784, -124.73349 52.48772, -124.73396 52.48751, -124.73433 52.4873, -124.73474 52.48725, -124.73531 52.48732, -124.73592 52.48763, -124.73675 52.48785, -124.73762 52.48811, -124.73828 52.48848, -124.73883 52.48893, -124.73928 52.48936, -124.73965 52.48976, -124.74012 52.49003, -124.74072 52.49007, -124.74129 52.48983, -124.7417 52.4894, -124.74217 52.48897, -124.7428 52.48864, -124.7436 52.48842, -124.74439 52.48858, -124.74504 52.48887, -124.74591 52.48928, -124.74644 52.48984, -124.74618 52.49034, -124.74582 52.49082, -124.74517 52.49125, -124.74443 52.49162, -124.74364 52.49196, -124.74301 52.49246, -124.74255 52.49305, -124.74232 52.49371, -124.74225 52.49439, -124.74229 52.49503, -124.74278 52.49565, -124.74337 52.49619, -124.74419 52.49662, -124.74499 52.49702, -124.74577 52.49744, -124.74651 52.49781, -124.7472 52.49815, -124.7479 52.49847, -124.74853 52.49877, -124.74903 52.49922, -124.74927 52.49963, -124.74955 52.49996, -124.75007 52.50013, -124.7507 52.50025, -124.7515 52.50037, -124.75208 52.50069, -124.75236 52.5012, -124.75227 52.50178, -124.75203 52.50232, -124.7518 52.5028, -124.75167 52.50324, -124.75174 52.50367, -124.75201 52.50403, -124.75248 52.50441, -124.75287 52.50489, -124.75288 52.50549, -124.75274 52.50608, -124.75258 52.50667, -124.7526 52.50721, -124.75301 52.5077, -124.75366 52.5081, -124.75444 52.50845, -124.75512 52.50889, -124.75556 52.50942, -124.75587 52.5101, -124.75569 52.5106, -124.75527 52.51105, -124.75482 52.51145, -124.7546 52.512, -124.75443 52.5126, -124.75414 52.5132, -124.75355 52.51374, -124.75275 52.51418, -124.75189 52.51457, -124.75103 52.51498, -124.75029 52.51541, -124.74962 52.51591, -124.74924 52.51652, -124.74946 52.51723, -124.75006 52.51791, -124.75097 52.51852, -124.75206 52.51903, -124.75335 52.51939, -124.75473 52.51965, -124.75609 52.51989, -124.75877 52.52027, -124.76013 52.52043, -124.76142 52.52053, -124.7627 52.52063, -124.76391 52.52085, -124.76509 52.52118, -124.76616 52.52156, -124.76723 52.5219, -124.76829 52.52221, -124.76908 52.52248, -124.76982 52.52282, -124.77046 52.52322, -124.7712 52.52362, -124.77215 52.52391, -124.77309 52.52414, -124.77396 52.52444, -124.7747 52.52486, -124.77525 52.5254, -124.77554 52.52603, -124.77606 52.52671, -124.77684 52.52738, -124.77776 52.52798, -124.77873 52.52856, -124.77968 52.5291, -124.78059 52.52964, -124.78142 52.53031, -124.78218 52.53085, -124.78302 52.53124, -124.78399 52.53153, -124.78497 52.53172, -124.78584 52.53187, -124.78657 52.53202, -124.78727 52.53224, -124.78691 52.53265, -124.78636 52.53306, -124.78552 52.5333, -124.7846 52.53351, -124.78367 52.53372, -124.7827 52.534, -124.78202 52.53434, -124.7813 52.53469, -124.78055 52.535, -124.78112 52.5354, -124.78207 52.53555, -124.78316 52.53569, -124.78426 52.5359, -124.78525 52.53624, -124.78602 52.53676, -124.78649 52.53732, -124.78657 52.53828, -124.78643 52.53921, -124.78603 52.54003, -124.78533 52.5407, -124.78473 52.54134, -124.78424 52.5419, -124.78341 52.54214, -124.7825 52.54223, -124.78186 52.54255, -124.78117 52.54258, -124.7805 52.54242, -124.77946 52.54246, -124.77826 52.54261, -124.77737 52.54271, -124.77601 52.54274, -124.77454 52.54266, -124.77301 52.54271, -124.77146 52.54289, -124.76996 52.54319, -124.76874 52.5439, -124.76765 52.54466, -124.76635 52.5452, -124.76487 52.54539, -124.76348 52.54539, -124.76226 52.54552, -124.76139 52.5461, -124.76109 52.54706, -124.7611 52.54812, -124.76015 52.5489, -124.75892 52.54955, -124.75734 52.54982, -124.75572 52.55, -124.75406 52.55022, -124.75298 52.55038, -124.75136 52.55059, -124.7498 52.55074, -124.74829 52.55108, -124.74736 52.55144, -124.74599 52.55205, -124.74449 52.55254, -124.74292 52.55297, -124.74144 52.55345, -124.74018 52.55406, -124.73954 52.555, -124.7394 52.55571, -124.7392 52.55675, -124.73869 52.55776, -124.73808 52.55869, -124.73756 52.55959, -124.7368 52.56035, -124.73583 52.56072, -124.73504 52.56076, -124.73446 52.56035, -124.73379 52.55979, -124.73274 52.55969, -124.73186 52.56026, -124.73185 52.5611, -124.73222 52.56186, -124.73276 52.56249, -124.73373 52.56294, -124.73451 52.56339, -124.73465 52.56406, -124.73395 52.56481, -124.73293 52.56555, -124.7324 52.56642, -124.73284 52.56735, -124.73419 52.56803, -124.73579 52.56845, -124.73736 52.56872, -124.7388 52.56917, -124.73937 52.56986, -124.73889 52.57056, -124.73767 52.57093, -124.73611 52.57088, -124.73456 52.57082, -124.73315 52.57108, -124.73221 52.57176, -124.73183 52.57265, -124.73154 52.57363, -124.73099 52.57455, -124.73017 52.57537, -124.72899 52.57592, -124.7279 52.5765, -124.72713 52.57718, -124.72687 52.57764, -124.72695 52.57832, -124.7269 52.57892, -124.72618 52.57928, -124.72497 52.5793, -124.72364 52.5795, -124.72252 52.58016, -124.72141 52.5809, -124.71999 52.58148, -124.71843 52.5818, -124.71739 52.58186, -124.716 52.58167, -124.71524 52.58139, -124.71426 52.58086, -124.71339 52.58026, -124.71245 52.57976, -124.71172 52.57923, -124.71165 52.57854, -124.71216 52.57787, -124.71269 52.57726, -124.71245 52.57664, -124.71133 52.57633, -124.7104 52.57622, -124.70906 52.5759, -124.70781 52.57555, -124.70663 52.57508, -124.7054 52.57452, -124.70389 52.57414, -124.70229 52.57393, -124.70076 52.57383, -124.69935 52.5735, -124.6981 52.573, -124.69707 52.57236, -124.69606 52.57175, -124.69473 52.57158, -124.69378 52.5718, -124.69246 52.57235, -124.69118 52.57291, -124.68976 52.57336, -124.68876 52.57364, -124.68743 52.57422, -124.68623 52.57484, -124.68536 52.57517, -124.68406 52.57562, -124.68297 52.57622, -124.68213 52.57692, -124.68136 52.57756, -124.68085 52.57789, -124.67981 52.57808, -124.67896 52.57801, -124.67801 52.57798, -124.67706 52.57807, -124.67613 52.57829, -124.6753 52.57864, -124.67457 52.57905, -124.67393 52.57948, -124.67335 52.57989, -124.67275 52.5802, -124.67206 52.58034, -124.67133 52.58029, -124.67068 52.58006, -124.67016 52.57973, -124.66978 52.57936, -124.66966 52.5789, -124.66972 52.57841, -124.66976 52.5779, -124.66955 52.57744, -124.66909 52.5771, -124.66853 52.57686, -124.66794 52.57679, -124.66733 52.57691, -124.66671 52.57719, -124.66605 52.57752, -124.66535 52.57782, -124.66462 52.57805, -124.66393 52.57825, -124.66332 52.57833, -124.66284 52.57824, -124.66257 52.57797, -124.66253 52.57759, -124.66258 52.57716, -124.6625 52.57672, -124.66227 52.57634, -124.66198 52.57603, -124.66177 52.57572, -124.66181 52.57538, -124.66207 52.57504, -124.66222 52.57468, -124.66198 52.57434, -124.66142 52.57413, -124.66069 52.57408, -124.65989 52.57417, -124.65904 52.57434, -124.65817 52.57457, -124.65677 52.57495, -124.65535 52.5753, -124.65388 52.57552, -124.65245 52.57558, -124.65105 52.5755, -124.64973 52.57544, -124.64851 52.57544, -124.64736 52.57547, -124.6463 52.57529, -124.64561 52.57483, -124.64557 52.57422, -124.64622 52.57357, -124.64734 52.573, -124.64854 52.57247, -124.64957 52.57191, -124.65009 52.57121, -124.64995 52.57051, -124.64912 52.57007, -124.64782 52.57004, -124.64651 52.57024, -124.64512 52.57052, -124.6438 52.57095, -124.64264 52.57155, -124.64142 52.57201, -124.64007 52.57212, -124.63879 52.57197, -124.63781 52.57153, -124.63736 52.57086, -124.63747 52.57011, -124.63792 52.5694, -124.63847 52.56875, -124.63949 52.56829, -124.64088 52.56814, -124.64233 52.56799, -124.6438 52.56768, -124.64535 52.56733, -124.64682 52.5669, -124.64828 52.56648, -124.64961 52.56608, -124.65062 52.56554, -124.65126 52.565, -124.65172 52.56458, -124.6523 52.56437, -124.65321 52.56443, -124.6543 52.56421, -124.65494 52.56356, -124.65517 52.56284, -124.65524 52.5622, -124.65464 52.56184, -124.65362 52.56175, -124.65254 52.56162, -124.65144 52.56169, -124.6504 52.5618, -124.64942 52.56161, -124.64853 52.56126, -124.6475 52.56125, -124.64652 52.56144, -124.64569 52.56134, -124.64522 52.56088, -124.64492 52.56029, -124.6442 52.5598, -124.64327 52.55937, -124.64243 52.55892, -124.64162 52.55853, -124.64077 52.55813, -124.6397 52.55784, -124.63855 52.55777, -124.63737 52.55811, -124.63614 52.55868, -124.63487 52.55925, -124.63379 52.55994, -124.63295 52.56075, -124.63196 52.56142, -124.63073 52.56186, -124.62945 52.56216, -124.6282 52.56228, -124.62694 52.562, -124.62575 52.5615, -124.62451 52.56109, -124.62343 52.56068, -124.62279 52.56016, -124.62281 52.55958, -124.62334 52.55919, -124.62435 52.55916, -124.6256 52.5593, -124.62682 52.55918, -124.62784 52.55878, -124.62885 52.5583, -124.63006 52.55792, -124.631 52.55744, -124.63142 52.55678, -124.63157 52.55619, -124.63122 52.55576, -124.63067 52.55543, -124.63089 52.55395))"
18,2023-07-29 10:30:57,2023072101,2023,3347.0,Non-corrected airborne GPS,1689922800000,1689998863000,Out of Control,JA70003000,33469857.7481,34124.1001,58,769fa4f9-28ba-4b9d-b8bf-cf9f0267030a,91309166.6953125,56351.6598484802,https://wildfiresituation.nrs.gov.bc.ca/incidents?fireYear=2023&incidentNumber=C51571,"POLYGON ((-125.521538 52.786974, -125.521034 52.786744, -125.520681 52.786525, -125.520491 52.786298, -125.520264 52.78608, -125.520004 52.785826, -125.519876 52.785495, -125.519691 52.785115, -125.51947 52.784697, -125.519235 52.784281, -125.519043 52.783849, -125.518771 52.783462, -125.518351 52.783149, -125.518044 52.782839, -125.518058 52.782504, -125.518237 52.782154, -125.518284 52.781791, -125.518318 52.781419, -125.518398 52.781071, -125.518516 52.780869, -125.518689 52.780692, -125.519123 52.780509, -125.519731 52.78044, -125.520396 52.780455, -125.521097 52.780545, -125.521793 52.780686, -125.5225 52.780819, -125.523219 52.780933, -125.523931 52.781049, -125.524606 52.781096, -125.525146 52.780924, -125.525305 52.780497, -125.525266 52.77999, -125.525283 52.779449, -125.525328 52.778869, -125.525335 52.778264, -125.525297 52.777625, -125.525219 52.776951, -125.525099 52.776263, -125.524954 52.775566, -125.524802 52.774866, -125.524645 52.774173, -125.524498 52.773492, -125.524329 52.772837, -125.524122 52.772218, -125.523945 52.771645, -125.523707 52.771172, -125.523285 52.770852, -125.522678 52.770631, -125.522108 52.770339, -125.521516 52.770105, -125.520882 52.77001, -125.520407 52.769845, -125.52006 52.769823, -125.519837 52.770093, -125.519652 52.770465, -125.519471 52.770833, -125.519267 52.771179, -125.518872 52.771398, -125.51819 52.7714, -125.517445 52.771297, -125.516748 52.771192, -125.516122 52.771106, -125.515793 52.771007, -125.515474 52.770693, -125.515294 52.770246, -125.515103 52.769812, -125.51485 52.769415, -125.51449 52.769042, -125.514136 52.768666, -125.51377 52.768282, -125.513494 52.767905, -125.51342 52.767539, -125.513438 52.767138, -125.513454 52.766703, -125.513582 52.766255, -125.513774 52.765809, -125.514092 52.765389, -125.514497 52.764981, -125.514742 52.764551, -125.514664 52.764161, -125.514313 52.763864, -125.514123 52.76358, -125.514232 52.763286, -125.514141 52.763008, -125.513805 52.762704, -125.513605 52.762322, -125.513589 52.761875, -125.513792 52.761426, -125.514092 52.761001, -125.514318 52.760552, -125.514438 52.760087, -125.514636 52.759643, -125.514661 52.759241, -125.514246 52.758883, -125.513759 52.758549, -125.513635 52.758097, -125.514047 52.757678, -125.514571 52.757338, -125.515089 52.757062, -125.515624 52.756965, -125.516091 52.757174, -125.516289 52.757573, -125.51658 52.757787, -125.517145 52.75764, -125.517485 52.757355, -125.517835 52.756844, -125.518021 52.756325, -125.518574 52.755933, -125.519413 52.755663, -125.520065 52.755255, -125.520665 52.756094, -125.520716 52.756612, -125.520787 52.757139, -125.520983 52.757594, -125.521387 52.757891, -125.522001 52.757929, -125.522594 52.7579, -125.523122 52.757773, -125.523671 52.757744, -125.524184 52.757824, -125.524604 52.757987, -125.524826 52.758307, -125.525061 52.75867, -125.525322 52.759074, -125.525518 52.759552, -125.525957 52.759983, -125.526651 52.760292, -125.527147 52.760437, -125.527654 52.760526, -125.528177 52.760543, -125.528687 52.760511, -125.529423 52.760538, -125.530117 52.760799, -125.530566 52.761036, -125.531392 52.761291, -125.532325 52.761201, -125.533065 52.760863, -125.533465 52.760378, -125.533643 52.759839, -125.533752 52.759275, -125.533795 52.758642, -125.533753 52.757969, -125.533547 52.757328, -125.533245 52.756724, -125.532937 52.756117, -125.532635 52.755494, -125.532284 52.754872, -125.532074 52.754223, -125.532116 52.753586, -125.53192 52.753028, -125.531234 52.752613, -125.53045 52.752242, -125.52986 52.751755, -125.52945 52.751207, -125.529401 52.750675, -125.52984 52.750357, -125.530589 52.750373, -125.53136 52.750638, -125.532089 52.75092, -125.532928 52.751009, -125.533744 52.750851, -125.53439 52.75048, -125.534751 52.749952, -125.534402 52.748072, -125.533868 52.747542, -125.533167 52.747227, -125.532322 52.747282, -125.531469 52.747526, -125.530518 52.747526, -125.529862 52.74738, -125.529234 52.747157, -125.528691 52.74686, -125.528288 52.746493, -125.528025 52.746094, -125.527839 52.745493, -125.528001 52.744935, -125.528687 52.74446, -125.529247 52.743908, -125.529317 52.743256, -125.529173 52.742638, -125.528951 52.742051, -125.528743 52.741499, -125.528886 52.741023, -125.529386 52.740711, -125.530091 52.74057, -125.530732 52.740451, -125.53126 52.740356, -125.531816 52.740475, -125.532348 52.7408, -125.5329 52.740887, -125.533099 52.740619, -125.533255 52.740311, -125.533497 52.740024, -125.533805 52.739782, -125.534273 52.739659, -125.53473 52.739565, -125.535143 52.739488, -125.535612 52.739531, -125.535962 52.739746, -125.536133 52.740066, -125.536505 52.740304, -125.53702 52.740498, -125.537464 52.740795, -125.537962 52.741013, -125.538585 52.741049, -125.539178 52.741121, -125.53972 52.741313, -125.54029 52.741413, -125.540779 52.741516, -125.541049 52.741814, -125.541055 52.742191, -125.540983 52.742574, -125.540935 52.742976, -125.540966 52.743261, -125.541175 52.7437, -125.541379 52.743979, -125.541657 52.744229, -125.542231 52.744507, -125.542684 52.744597, -125.543326 52.744568, -125.543838 52.744334, -125.544229 52.744031, -125.544531 52.743679, -125.545112 52.743474, -125.545966 52.743545, -125.546849 52.743627, -125.54766 52.743616, -125.548273 52.743725, -125.548488 52.744032, -125.548273 52.744428, -125.548384 52.744795, -125.549082 52.745038, -125.549957 52.745126, -125.550763 52.744986, -125.551319 52.744602, -125.552011 52.74439, -125.552716 52.744453, -125.553245 52.74478, -125.553569 52.745277, -125.553862 52.745797, -125.554445 52.746249, -125.555226 52.746655, -125.556107 52.747052, -125.557005 52.747462, -125.557929 52.747841, -125.558875 52.748044, -125.559769 52.747932, -125.560559 52.747714, -125.561371 52.747835, -125.562069 52.748266, -125.562782 52.748733, -125.563554 52.749122, -125.564308 52.749533, -125.5651 52.749923, -125.565895 52.750349, -125.56665 52.750717, -125.56744 52.751011, -125.567927 52.75145, -125.567879 52.752003, -125.567989 52.7523, -125.568374 52.75245, -125.569019 52.75219, -125.569777 52.751907, -125.57082 52.751937, -125.572044 52.752258, -125.573417 52.752546, -125.574696 52.752596, -125.575627 52.752352, -125.575963 52.751809, -125.5758 52.751168, -125.575706 52.750536, -125.576181 52.749998, -125.57711 52.749698, -125.578171 52.749554, -125.579217 52.749433, -125.580188 52.749309, -125.581133 52.749224, -125.582093 52.749281, -125.583021 52.749502, -125.583738 52.750014, -125.584046 52.750675, -125.58429 52.751388, -125.584715 52.752079, -125.585121 52.75275, -125.585556 52.753413, -125.586095 52.753962, -125.586901 52.754342, -125.587955 52.754535, -125.588906 52.754719, -125.589588 52.755107, -125.590024 52.755601, -125.590375 52.756115, -125.590713 52.756678, -125.591096 52.757295, -125.591434 52.757902, -125.591747 52.758457, -125.592008 52.758986, -125.592161 52.759476, -125.592366 52.759941, -125.59258 52.760363, -125.592752 52.760787, -125.592747 52.761181, -125.592449 52.761576, -125.591995 52.762, -125.591704 52.762458, -125.591664 52.762937, -125.591809 52.763442, -125.591962 52.763964, -125.592041 52.764527, -125.592119 52.765075, -125.592278 52.765661, -125.592439 52.766259, -125.592628 52.766822, -125.592954 52.76729, -125.593455 52.767621, -125.593931 52.767862, -125.594291 52.768083, -125.594419 52.768317, -125.594217 52.768528, -125.593802 52.768655, -125.593714 52.768893, -125.593823 52.769232, -125.59418 52.769633, -125.594772 52.770117, -125.595531 52.770654, -125.596365 52.771133, -125.59725 52.771536, -125.598109 52.771922, -125.598784 52.772414, -125.599564 52.772845, -125.600524 52.773105, -125.601338 52.773374, -125.601801 52.773871, -125.602057 52.774478, -125.602328 52.775103, -125.602658 52.775689, -125.603058 52.776246, -125.603526 52.776778, -125.604031 52.777295, -125.604552 52.777808, -125.604966 52.778282, -125.604971 52.778725, -125.604554 52.779124, -125.604243 52.779378, -125.604148 52.779843, -125.604446 52.78014, -125.605144 52.780493, -125.605533 52.78099, -125.605564 52.781618, -125.605513 52.782253, -125.605466 52.782843, -125.605335 52.78336, -125.605447 52.78383, -125.605974 52.78422, -125.606324 52.784638, -125.606159 52.785131, -125.605699 52.78565, -125.605292 52.78621, -125.605013 52.786819, -125.604618 52.787381, -125.603971 52.787861, -125.603474 52.788427, -125.60317 52.78903, -125.603171 52.789634, -125.603532 52.790177, -125.60382 52.790687, -125.603799 52.79123, -125.603616 52.791754, -125.603239 52.79224, -125.602737 52.792705, -125.602507 52.793224, -125.602692 52.793775, -125.603002 52.794299, -125.6034 52.794786, -125.60383 52.795257, -125.604001 52.795768, -125.604034 52.796279, -125.604318 52.796742, -125.604525 52.797224, -125.60434 52.797686, -125.603979 52.798094, -125.603928 52.798555, -125.604027 52.798977, -125.603948 52.799199, -125.60357 52.799429, -125.602966 52.799563, -125.602338 52.799659, -125.601773 52.799725, -125.601391 52.799752, -125.600791 52.799785, -125.600166 52.799776, -125.599653 52.799903, -125.599497 52.800259, -125.59955 52.800646, -125.599554 52.800997, -125.599394 52.801268, -125.59898 52.801376, -125.598339 52.801272, -125.597669 52.801055, -125.596954 52.80083, -125.596171 52.800662, -125.595345 52.800528, -125.594561 52.800329, -125.593806 52.800035, -125.593066 52.79972, -125.592252 52.799547, -125.591422 52.799408, -125.590685 52.799222, -125.589997 52.799184, -125.58933 52.799309, -125.588602 52.799221, -125.587881 52.798906, -125.587159 52.798541, -125.586445 52.798179, -125.585747 52.797825, -125.585042 52.797486, -125.584347 52.797166, -125.583876 52.796981, -125.583381 52.796823, -125.582866 52.796677, -125.582355 52.796531, -125.581847 52.796406, -125.581355 52.79632, -125.580856 52.796257, -125.580348 52.796196, -125.579847 52.796135, -125.579341 52.796077, -125.578807 52.796032, -125.578257 52.795928, -125.577727 52.795727, -125.577237 52.795425, -125.576747 52.795082, -125.57624 52.794728, -125.575727 52.794398, -125.575212 52.794118, -125.574678 52.793887, -125.574107 52.793701, -125.573507 52.793583, -125.572603 52.793548, -125.571784 52.793715, -125.57105 52.793967, -125.570363 52.794277, -125.569715 52.794603, -125.569334 52.795065, -125.569264 52.795638, -125.569478 52.796244, -125.569984 52.796869, -125.57061 52.797512, -125.571251 52.798139, -125.571872 52.798753, -125.572471 52.799339, -125.573093 52.799847, -125.573816 52.800205, -125.574521 52.80045, -125.574805 52.800791, -125.574413 52.801201, -125.573782 52.801595, -125.573562 52.802128, -125.573907 52.802765, -125.574445 52.803416, -125.574955 52.804111, -125.575436 52.804821, -125.575931 52.805495, -125.576306 52.806121, -125.576317 52.806663, -125.575908 52.807092, -125.575222 52.807392, -125.574614 52.807669, -125.574444 52.808076, -125.574676 52.808498, -125.574734 52.808739, -125.574559 52.808952, -125.574217 52.809122, -125.573835 52.809262, -125.573451 52.809383, -125.573077 52.809479, -125.572685 52.809521, -125.572244 52.809489, -125.571789 52.809426, -125.571349 52.809424, -125.570989 52.809533, -125.57077 52.809751, -125.570687 52.810039, -125.57061 52.810341, -125.570457 52.810633, -125.570018 52.811012, -125.569344 52.811327, -125.568478 52.811478, -125.567564 52.811461, -125.5668 52.811389, -125.566419 52.811078, -125.566634 52.810571, -125.566842 52.810145, -125.56657 52.809968, -125.566017 52.810237, -125.56552 52.810763, -125.565036 52.811301, -125.564522 52.811795, -125.563969 52.812211, -125.563331 52.812517, -125.562616 52.812733, -125.561855 52.812878, -125.561084 52.812949, -125.560325 52.812992, -125.559665 52.813101, -125.559282 52.813505, -125.559144 52.814076, -125.558958 52.814638, -125.558743 52.814998, -125.55833 52.815541, -125.558165 52.816125, -125.558347 52.816655, -125.558405 52.817109, -125.558158 52.817449, -125.557611 52.817608, -125.556928 52.817582, -125.556251 52.817362, -125.555824 52.817144, -125.555395 52.816919, -125.554982 52.816693, -125.554611 52.816453, -125.554269 52.816208, -125.553934 52.81596, -125.553618 52.815695, -125.553365 52.815392, -125.55318 52.815068, -125.55301 52.81476, -125.552789 52.814511, -125.55248 52.814352, -125.552103 52.814246, -125.551502 52.814123, -125.551081 52.814094, -125.550462 52.814198, -125.54982 52.814371, -125.549095 52.814435, -125.548423 52.81444, -125.547913 52.814508, -125.547597 52.814675, -125.547235 52.814801, -125.546829 52.814817, -125.546408 52.814828, -125.54596 52.814954, -125.545472 52.815041, -125.544982 52.815039, -125.54447 52.814992, -125.543916 52.815005, -125.543342 52.81499, -125.542819 52.814987, -125.542482 52.815168, -125.542581 52.815501, -125.542932 52.815837, -125.543257 52.816158, -125.543485 52.816478, -125.543548 52.81679, -125.543368 52.817021, -125.543005 52.817109, -125.542543 52.817065, -125.542087 52.817039, -125.541682 52.817077, -125.541292 52.817139, -125.540935 52.817144, -125.540618 52.817105, -125.540386 52.816968, -125.540286 52.816771, -125.540368 52.816576, -125.540555 52.816388, -125.540792 52.816177, -125.540886 52.816002, -125.540921 52.815819, -125.540855 52.815661, -125.540687 52.815567, -125.540502 52.815504, -125.540287 52.815489, -125.54006 52.815459, -125.539851 52.815388, -125.539658 52.815281, -125.539446 52.81516, -125.539072 52.814998, -125.538631 52.814836, -125.538158 52.81468, -125.537673 52.814535, -125.537154 52.814376, -125.536704 52.814049, -125.53623 52.813678, -125.535692 52.813497, -125.535176 52.813581, -125.534731 52.813587, -125.534357 52.813435, -125.533949 52.813266, -125.533654 52.813039, -125.53345 52.812778, -125.533221 52.812524, -125.532933 52.812263, -125.532533 52.812053, -125.532034 52.811948, -125.531577 52.811893, -125.531236 52.81184, -125.531088 52.811687, -125.5311 52.811417, -125.531143 52.811121, -125.5312 52.810833, -125.531276 52.810539, -125.531348 52.810234, -125.531408 52.809927, -125.531523 52.809671, -125.53187 52.809507, -125.532423 52.809438, -125.533031 52.809327, -125.53358 52.809094, -125.534129 52.808861, -125.534712 52.808661, -125.535274 52.808525, -125.535568 52.808405, -125.5358 52.808247, -125.536053 52.808076, -125.536238 52.807879, -125.536225 52.807667, -125.536015 52.807473, -125.535725 52.807276, -125.535523 52.807046, -125.535425 52.806797, -125.535311 52.806572, -125.535212 52.806369, -125.535358 52.806073, -125.535813 52.805839, -125.536273 52.8056, -125.536377 52.805276, -125.536217 52.804945, -125.535978 52.804621, -125.53568 52.804321, -125.535301 52.804065, -125.534833 52.803851, -125.534314 52.80367, -125.533901 52.803442, -125.533697 52.803134, -125.53356 52.802826, -125.533306 52.802531, -125.532835 52.80225, -125.532287 52.801968, -125.531688 52.801733, -125.531116 52.801536, -125.53061 52.801343, -125.530232 52.801085, -125.530022 52.800731, -125.529708 52.800349, -125.529341 52.799886, -125.528881 52.799443, -125.528227 52.79924, -125.527532 52.79931, -125.526864 52.799442, -125.526179 52.799539, -125.525503 52.799665, -125.524841 52.799729, -125.524241 52.799598, -125.523779 52.799293, -125.52334 52.798955, -125.522872 52.798619, -125.522431 52.79831, -125.522079 52.798004, -125.521757 52.7977, -125.521644 52.79748, -125.521693 52.797256, -125.521944 52.797055, -125.522495 52.796795, -125.522894 52.796631, -125.523299 52.796468, -125.523667 52.796293, -125.524191 52.795963, -125.524581 52.795543, -125.524557 52.795062, -125.524313 52.794568, -125.524143 52.794044, -125.524148 52.793482, -125.524327 52.792924, -125.524605 52.792399, -125.524848 52.791906, -125.524933 52.791417, -125.524908 52.790915, -125.524799 52.79044, -125.524601 52.790022, -125.524439 52.789625, -125.52418 52.789269, -125.523644 52.789117, -125.523201 52.788933, -125.523021 52.788525, -125.521538 52.786974))"
19,2023-07-29 10:30:57,2023072101,2023,26.5,Non-corrected ground GPS,1689922800000,1690065585000,Under Control,JA70003000,265228.1916,2651.5382,59,fc93b43c-0e49-4d32-a309-77829a24a2cd,707118.7578125,4329.0244599077,https://wildfiresituation.nrs.gov.bc.ca/incidents?fireYear=2023&incidentNumber=C51919,"POLYGON ((-123.588128 52.268477, -123.588333 52.268791, -123.588334 52.268809, -123.588351 52.268837, -123.588368 52.268858, -123.588398 52.268873, -123.588415 52.268891, -123.588436 52.268908, -123.58847 52.268929, -123.588487 52.268945, -123.58852 52.268954, -123.588549 52.268969, -123.588577 52.269, -123.588602 52.269015, -123.588639 52.26904, -123.588672 52.269059, -123.588696 52.269077, -123.588729 52.2691, -123.58877 52.26912, -123.588809 52.269135, -123.588862 52.269154, -123.588887 52.269172, -123.588913 52.2692, -123.588939 52.269227, -123.588959 52.269245, -123.588993 52.269269, -123.589026 52.269289, -123.589062 52.269313, -123.589092 52.269335, -123.589128 52.269364, -123.589153 52.269383, -123.589181 52.269401, -123.589202 52.269427, -123.589228 52.269454, -123.589251 52.269473, -123.589274 52.269493, -123.589305 52.269516, -123.589339 52.269539, -123.58937 52.269556, -123.589388 52.269575, -123.589425 52.269599, -123.589446 52.269612, -123.58947 52.269638, -123.589506 52.269655, -123.589535 52.269676, -123.589553 52.269701, -123.589586 52.269723, -123.589623 52.269746, -123.589645 52.269763, -123.589675 52.269791, -123.589696 52.269816, -123.58972 52.269833, -123.58975 52.269861, -123.58977 52.269898, -123.589797 52.26993, -123.589826 52.269953, -123.589841 52.269973, -123.589865 52.270004, -123.589881 52.27003, -123.589888 52.27005, -123.589904 52.270083, -123.589924 52.270101, -123.589937 52.270126, -123.589945 52.270151, -123.58995 52.270174, -123.589961 52.270199, -123.589968 52.270237, -123.589963 52.270272, -123.589967 52.270301, -123.589968 52.270339, -123.589971 52.270371, -123.589964 52.270412, -123.589959 52.270433, -123.589957 52.270458, -123.589947 52.270481, -123.589955 52.270509, -123.589958 52.270527, -123.589969 52.270549, -123.589975 52.270581, -123.589981 52.270611, -123.589992 52.270635, -123.590005 52.270662, -123.590022 52.270698, -123.590041 52.270724, -123.590054 52.270755, -123.590064 52.270777, -123.590082 52.2708, -123.590097 52.270816, -123.590121 52.270852, -123.590137 52.270879, -123.590151 52.2709, -123.590185 52.270924, -123.59021 52.270948, -123.590239 52.270982, -123.590258 52.271003, -123.59028 52.271017, -123.590301 52.271035, -123.590346 52.271053, -123.590371 52.271066, -123.590419 52.271075, -123.590452 52.271089, -123.590488 52.271117, -123.590512 52.271138, -123.590538 52.271162, -123.590554 52.271177, -123.590579 52.271192, -123.590597 52.271207, -123.590618 52.27123, -123.590637 52.271255, -123.590652 52.271273, -123.590663 52.271293, -123.590685 52.271325, -123.590703 52.271355, -123.590725 52.271376, -123.590736 52.271396, -123.590745 52.271416, -123.590762 52.271449, -123.590784 52.271481, -123.590788 52.271523, -123.59081 52.271555, -123.59084 52.271569, -123.590853 52.271591, -123.590865 52.271616, -123.590874 52.271636, -123.590894 52.271663, -123.590901 52.271684, -123.590912 52.271707, -123.590915 52.271733, -123.590916 52.271758, -123.590919 52.27178, -123.590914 52.271808, -123.590914 52.271837, -123.590906 52.271862, -123.590904 52.271892, -123.590902 52.271915, -123.590913 52.271943, -123.590925 52.271977, -123.590948 52.272007, -123.590961 52.272025, -123.590975 52.272052, -123.590978 52.272072, -123.590976 52.272107, -123.590972 52.272126, -123.590981 52.272145, -123.590999 52.272189, -123.591009 52.27222, -123.591007 52.27225, -123.591009 52.272281, -123.591017 52.272312, -123.591021 52.272339, -123.591034 52.272361, -123.591046 52.272382, -123.591055 52.272405, -123.591059 52.272427, -123.591057 52.27245, -123.591043 52.272474, -123.59102 52.272518, -123.591025 52.272546, -123.591072 52.272564, -123.591113 52.272564, -123.591157 52.272568, -123.591196 52.272568, -123.591235 52.272568, -123.591262 52.272563, -123.591299 52.272567, -123.591338 52.272569, -123.591372 52.272569, -123.591412 52.272593, -123.591433 52.272617, -123.59144 52.272642, -123.591435 52.272676, -123.59142 52.272696, -123.591404 52.272722, -123.591371 52.27275, -123.591345 52.272773, -123.591318 52.272791, -123.591263 52.272813, -123.591204 52.272822, -123.591164 52.272837, -123.591101 52.27284, -123.591038 52.272842, -123.590986 52.272859, -123.590949 52.272863, -123.590914 52.272877, -123.590892 52.27289, -123.590853 52.272909, -123.590826 52.272929, -123.590779 52.272951, -123.590748 52.272976, -123.590737 52.272994, -123.590726 52.273022, -123.590717 52.273057, -123.590719 52.273079, -123.590734 52.273105, -123.590756 52.273131, -123.590758 52.273152, -123.590763 52.273184, -123.59076 52.273212, -123.590762 52.273236, -123.590779 52.273272, -123.590783 52.273314, -123.590788 52.273335, -123.59079 52.273356, -123.590786 52.273375, -123.5908 52.273399, -123.590825 52.273441, -123.590846 52.273461, -123.590859 52.273485, -123.590872 52.273508, -123.590877 52.273527, -123.590874 52.273563, -123.59089 52.273595, -123.590897 52.273619, -123.590884 52.273645, -123.590881 52.273668, -123.590869 52.273708, -123.590854 52.273734, -123.590846 52.273752, -123.590837 52.273787, -123.590829 52.273816, -123.590811 52.273845, -123.590804 52.273863, -123.590796 52.27388, -123.590774 52.273903, -123.590755 52.273935, -123.590722 52.273964, -123.590703 52.273983, -123.590698 52.274005, -123.59068 52.274034, -123.59066 52.274064, -123.590651 52.27409, -123.590645 52.274115, -123.590639 52.274134, -123.590632 52.274153, -123.590612 52.27417, -123.590596 52.274193, -123.590595 52.274214, -123.590601 52.274233, -123.5906 52.274252, -123.590593 52.274299, -123.590555 52.27433, -123.590513 52.274349, -123.59049 52.274361, -123.590469 52.274378, -123.590435 52.274401, -123.590407 52.27442, -123.590377 52.274448, -123.590337 52.274476, -123.590301 52.274496, -123.590268 52.274521, -123.590246 52.274543, -123.590213 52.274565, -123.590199 52.274581, -123.590174 52.274598, -123.590148 52.274622, -123.590131 52.274644, -123.590113 52.274665, -123.590109 52.274693, -123.590096 52.274715, -123.590077 52.274748, -123.590059 52.274772, -123.590043 52.274797, -123.590024 52.274817, -123.589996 52.274851, -123.589975 52.27487, -123.589941 52.274907, -123.589916 52.274929, -123.589878 52.27496, -123.589838 52.274985, -123.589792 52.275, -123.589755 52.275016, -123.589711 52.275043, -123.589686 52.275056, -123.589642 52.275075, -123.589602 52.275092, -123.589565 52.275101, -123.589521 52.275111, -123.589465 52.275118, -123.589408 52.275118, -123.58935 52.275114, -123.589294 52.27511, -123.589252 52.2751, -123.589213 52.275092, -123.58918 52.275085, -123.589122 52.275072, -123.589058 52.275064, -123.589014 52.275048, -123.588965 52.275023, -123.588919 52.275008, -123.588877 52.274991, -123.588822 52.274978, -123.588766 52.274972, -123.58871 52.274953, -123.588656 52.274938, -123.588611 52.274937, -123.588562 52.274928, -123.58853 52.274923, -123.588488 52.27492, -123.588445 52.274916, -123.588391 52.274907, -123.58836 52.2749, -123.588322 52.274899, -123.588293 52.274905, -123.588248 52.274908, -123.588201 52.274903, -123.588168 52.274911, -123.588134 52.27492, -123.588093 52.274925, -123.588059 52.274929, -123.588014 52.274935, -123.587958 52.274928, -123.587901 52.274916, -123.587859 52.274895, -123.587815 52.274868, -123.587801 52.274838, -123.587796 52.274796, -123.5878 52.274767, -123.587809 52.274748, -123.587825 52.27472, -123.587843 52.2747, -123.58786 52.274679, -123.587888 52.274636, -123.587906 52.274618, -123.587914 52.274592, -123.587905 52.274571, -123.587868 52.274554, -123.587831 52.274532, -123.587813 52.274518, -123.587809 52.274497, -123.587801 52.274479, -123.587782 52.274465, -123.587761 52.274436, -123.587745 52.274417, -123.587737 52.274393, -123.587728 52.274365, -123.587724 52.274345, -123.587738 52.274331, -123.587766 52.274335, -123.587812 52.274319, -123.587834 52.274299, -123.587863 52.274267, -123.587885 52.274232, -123.58788 52.274212, -123.587856 52.274195, -123.587839 52.274171, -123.587826 52.27415, -123.587821 52.274129, -123.587804 52.274106, -123.587789 52.274077, -123.587779 52.274052, -123.587759 52.274029, -123.587753 52.274005, -123.587754 52.273983, -123.587748 52.273965, -123.587734 52.273948, -123.587738 52.27393, -123.587732 52.273909, -123.587733 52.273887, -123.587722 52.273868, -123.587717 52.273848, -123.587724 52.273824, -123.587749 52.273792, -123.587759 52.273766, -123.587769 52.273739, -123.587787 52.273723, -123.587831 52.273699, -123.587851 52.273683, -123.587872 52.273669, -123.587897 52.27365, -123.587943 52.273631, -123.587977 52.273616, -123.588009 52.273605, -123.588035 52.273588, -123.58806 52.273573, -123.588081 52.273554, -123.588089 52.273528, -123.588098 52.273499, -123.588093 52.273474, -123.588083 52.273436, -123.588083 52.273386, -123.588076 52.273359, -123.588067 52.27334, -123.58805 52.273322, -123.588008 52.273277, -123.587966 52.273256, -123.587924 52.273243, -123.587882 52.273223, -123.587858 52.273206, -123.587813 52.273194, -123.587777 52.273192, -123.587734 52.273194, -123.587692 52.273193, -123.587612 52.273194, -123.587548 52.2732, -123.587516 52.273196, -123.587486 52.27317, -123.587479 52.273145, -123.587481 52.273101, -123.587478 52.27307, -123.587488 52.273028, -123.587491 52.273002, -123.587486 52.272962, -123.587493 52.272939, -123.58751 52.27289, -123.587519 52.272854, -123.587535 52.272838, -123.587558 52.272808, -123.587564 52.272785, -123.58759 52.272748, -123.58763 52.272692, -123.587643 52.272667, -123.587667 52.272643, -123.587691 52.27262, -123.587702 52.272599, -123.587729 52.272575, -123.58776 52.272546, -123.587797 52.272508, -123.587807 52.272481, -123.587805 52.272455, -123.587784 52.272431, -123.587786 52.272411, -123.587752 52.272389, -123.587729 52.272353, -123.587713 52.272332, -123.587694 52.272307, -123.587665 52.272278, -123.58763 52.272253, -123.587581 52.272262, -123.587535 52.272279, -123.587502 52.272303, -123.58748 52.272327, -123.58747 52.272354, -123.587445 52.272386, -123.587404 52.272416, -123.587375 52.272426, -123.587335 52.27244, -123.58729 52.272468, -123.587269 52.272488, -123.587239 52.272518, -123.587202 52.272535, -123.587154 52.272552, -123.5871 52.272567, -123.587039 52.272584, -123.587004 52.272584, -123.586964 52.272584, -123.586932 52.27258, -123.586895 52.272585, -123.586857 52.272588, -123.586805 52.2726, -123.586745 52.272602, -123.586693 52.272609, -123.586655 52.272616, -123.586614 52.272623, -123.586555 52.272633, -123.586507 52.272639, -123.586465 52.272642, -123.586413 52.272642, -123.58638 52.272647, -123.586349 52.272669, -123.586314 52.272681, -123.586279 52.272693, -123.58625 52.272701, -123.586218 52.272715, -123.586176 52.272733, -123.586143 52.272744, -123.586104 52.272753, -123.586052 52.272762, -123.586014 52.272766, -123.585957 52.272769, -123.585894 52.272785, -123.585854 52.272794, -123.58581 52.272808, -123.585779 52.272812, -123.585738 52.272814, -123.585707 52.272818, -123.585676 52.272822, -123.585641 52.272825, -123.585612 52.272834, -123.585552 52.272849, -123.585529 52.272864, -123.58552 52.272891, -123.585506 52.27291, -123.585474 52.272937, -123.585444 52.272944, -123.58539 52.272947, -123.58534 52.272938, -123.585281 52.272924, -123.585255 52.272909, -123.58523 52.272889, -123.585221 52.272869, -123.585213 52.272845, -123.585205 52.272826, -123.585189 52.272806, -123.585157 52.272782, -123.585142 52.272754, -123.585121 52.272731, -123.585106 52.272707, -123.585095 52.272679, -123.585086 52.272648, -123.58506 52.272635, -123.585039 52.272605, -123.585048 52.27258, -123.585057 52.272551, -123.585062 52.272517, -123.585077 52.272496, -123.585101 52.272466, -123.585133 52.272429, -123.585171 52.272399, -123.585195 52.272383, -123.585221 52.272369, -123.585244 52.272348, -123.585263 52.272333, -123.585296 52.27233, -123.585333 52.272318, -123.58536 52.272295, -123.585373 52.272278, -123.585386 52.272253, -123.585392 52.272232, -123.585393 52.272205, -123.585377 52.272188, -123.58539 52.272163, -123.585406 52.272147, -123.585436 52.272122, -123.585421 52.272082, -123.585401 52.272059, -123.58539 52.272033, -123.585387 52.272002, -123.585384 52.271968, -123.585376 52.271932, -123.585361 52.271905, -123.585352 52.271888, -123.585338 52.271866, -123.585338 52.271845, -123.585335 52.271804, -123.585325 52.271768, -123.585321 52.271746, -123.585329 52.27175, -123.585361 52.271742, -123.585378 52.27172, -123.585397 52.271701, -123.585426 52.271692, -123.585441 52.271672, -123.585451 52.271645, -123.585444 52.27159, -123.585422 52.271567, -123.585372 52.271523, -123.58535 52.271502, -123.585332 52.271479, -123.585305 52.271451, -123.585283 52.271437, -123.585253 52.271431, -123.585232 52.271414, -123.585201 52.271397, -123.585171 52.271386, -123.585133 52.27138, -123.585096 52.271365, -123.585075 52.271349, -123.585029 52.271344, -123.584943 52.271352, -123.584911 52.271347, -123.584873 52.271346, -123.584821 52.271335, -123.584789 52.27133, -123.584758 52.271333, -123.584726 52.271334, -123.584669 52.271335, -123.58463 52.271342, -123.584581 52.271349, -123.584532 52.271347, -123.584493 52.271343, -123.584451 52.271333, -123.584417 52.271324, -123.584382 52.271313, -123.584341 52.2713, -123.584295 52.271282, -123.584261 52.271272, -123.584218 52.27127, -123.584192 52.271257, -123.58417 52.271241, -123.58413 52.271219, -123.584106 52.271205, -123.584048 52.271174, -123.584 52.271166, -123.583949 52.271149, -123.583936 52.271131, -123.583904 52.271099, -123.583886 52.271083, -123.583867 52.271064, -123.583835 52.271042, -123.583806 52.271026, -123.583776 52.271013, -123.583746 52.271, -123.583705 52.270981, -123.583671 52.270972, -123.583635 52.27096, -123.583596 52.27095, -123.583558 52.270939, -123.583534 52.270924, -123.583511 52.270907, -123.583473 52.270875, -123.58345 52.270853, -123.583424 52.270831, -123.583393 52.270817, -123.583364 52.270813, -123.583335 52.270803, -123.583306 52.270792, -123.583277 52.270782, -123.583239 52.270784, -123.583204 52.270768, -123.58315 52.270747, -123.583109 52.270738, -123.583069 52.270729, -123.583041 52.270706, -123.583032 52.270686, -123.583024 52.270641, -123.583024 52.270614, -123.583021 52.270583, -123.583014 52.270559, -123.58302 52.270539, -123.583025 52.270502, -123.583027 52.270478, -123.583014 52.27045, -123.583021 52.270428, -123.583028 52.270402, -123.583037 52.270359, -123.583058 52.270334, -123.583084 52.270304, -123.583099 52.270286, -123.583114 52.270254, -123.583123 52.270233, -123.583125 52.27021, -123.583124 52.270191, -123.583133 52.270165, -123.583138 52.27014, -123.583121 52.27011, -123.5831 52.270094, -123.583084 52.270078, -123.583062 52.270064, -123.58303 52.270049, -123.582979 52.27004, -123.582923 52.270043, -123.582878 52.270044, -123.582837 52.270048, -123.582805 52.270047, -123.582765 52.270042, -123.582722 52.270041, -123.582678 52.270028, -123.582624 52.270012, -123.582584 52.270008, -123.582542 52.270007, -123.582489 52.269996, -123.582448 52.269979, -123.582417 52.269966, -123.582381 52.269948, -123.582345 52.269934, -123.582299 52.269907, -123.582274 52.269885, -123.582245 52.269858, -123.582231 52.269818, -123.582235 52.269789, -123.582239 52.26975, -123.582237 52.269722, -123.582244 52.26969, -123.582266 52.269661, -123.582295 52.269626, -123.582322 52.269592, -123.582339 52.269568, -123.582357 52.269541, -123.582367 52.269505, -123.582373 52.269473, -123.582375 52.26944, -123.582362 52.26942, -123.582363 52.269398, -123.582369 52.269351, -123.58237 52.269324, -123.582371 52.269305, -123.582376 52.269283, -123.582386 52.269248, -123.582377 52.26922, -123.582378 52.269191, -123.582379 52.269169, -123.582382 52.269145, -123.582382 52.269117, -123.582394 52.269078, -123.582402 52.269054, -123.582424 52.269016, -123.582444 52.268992, -123.582469 52.268972, -123.582483 52.26895, -123.582496 52.268924, -123.582523 52.268894, -123.58254 52.268876, -123.582559 52.268859, -123.58258 52.268844, -123.582623 52.268814, -123.582646 52.2688, -123.58268 52.268783, -123.582705 52.268761, -123.582743 52.268745, -123.582772 52.268722, -123.582794 52.2687, -123.58281 52.268678, -123.582835 52.268644, -123.582848 52.268622, -123.582892 52.268616, -123.58292 52.268608, -123.582974 52.268591, -123.583011 52.268579, -123.583056 52.268566, -123.583089 52.268562, -123.583133 52.268551, -123.583166 52.268543, -123.583191 52.268532, -123.583212 52.268505, -123.583223 52.268488, -123.583231 52.268469, -123.583241 52.268438, -123.583261 52.268406, -123.583281 52.268378, -123.583308 52.268355, -123.583326 52.268339, -123.58336 52.268321, -123.583384 52.268306, -123.583425 52.26828, -123.583463 52.268264, -123.5835 52.268247, -123.583536 52.268248, -123.583579 52.268242, -123.583608 52.268228, -123.583636 52.268221, -123.583686 52.268209, -123.583715 52.268193, -123.583769 52.26817, -123.5838 52.268152, -123.583831 52.268141, -123.583868 52.268126, -123.583917 52.268109, -123.583969 52.268102, -123.58401 52.268094, -123.584049 52.268087, -123.584084 52.268088, -123.584116 52.26809, -123.584167 52.268083, -123.584201 52.268079, -123.584229 52.268072, -123.584281 52.268059, -123.584317 52.268045, -123.58435 52.268033, -123.584384 52.268025, -123.584426 52.268011, -123.58447 52.268004, -123.584512 52.267995, -123.584538 52.267982, -123.584562 52.267961, -123.584602 52.267931, -123.58463 52.267911, -123.584661 52.267896, -123.584701 52.26788, -123.584729 52.267873, -123.584764 52.267866, -123.584817 52.267857, -123.584868 52.267853, -123.584902 52.267852, -123.584955 52.267853, -123.585007 52.267851, -123.585047 52.26785, -123.58509 52.26785, -123.58513 52.267847, -123.585164 52.267856, -123.585191 52.267866, -123.585231 52.267867, -123.585275 52.267868, -123.585318 52.267877, -123.585357 52.267887, -123.585388 52.267906, -123.585429 52.267931, -123.585462 52.267951, -123.585493 52.267954, -123.585541 52.26797, -123.585588 52.26798, -123.585627 52.267987, -123.585669 52.267998, -123.585716 52.26802, -123.585747 52.268026, -123.585779 52.268028, -123.585822 52.268028, -123.585867 52.268024, -123.585903 52.268025, -123.585944 52.268018, -123.585985 52.268012, -123.586034 52.268006, -123.586073 52.267999, -123.586105 52.267999, -123.586135 52.268008, -123.586164 52.268019, -123.586191 52.268032, -123.586231 52.268057, -123.586255 52.268075, -123.58628 52.268092, -123.586321 52.268106, -123.586344 52.268124, -123.586364 52.26814, -123.586396 52.268153, -123.586427 52.268153, -123.586466 52.268168, -123.586504 52.268178, -123.586539 52.268201, -123.586583 52.268206, -123.586626 52.268207, -123.586664 52.268198, -123.586691 52.26819, -123.586744 52.268186, -123.586776 52.268187, -123.586822 52.268178, -123.586882 52.26817, -123.586931 52.268157, -123.586976 52.268153, -123.587013 52.268148, -123.587064 52.268146, -123.587114 52.268143, -123.587151 52.268134, -123.587197 52.268132, -123.587234 52.268126, -123.587273 52.26813, -123.587312 52.268124, -123.587348 52.268116, -123.587374 52.268107, -123.587409 52.268117, -123.587439 52.268129, -123.58747 52.268123, -123.587505 52.268121, -123.587545 52.268114, -123.58758 52.268113, -123.587605 52.268115, -123.587639 52.268145, -123.587673 52.268169, -123.587717 52.26818, -123.587763 52.268196, -123.587794 52.268217, -123.587817 52.268233, -123.58785 52.268266, -123.587886 52.268293, -123.587909 52.268307, -123.587944 52.268331, -123.588128 52.268477))"
20,2023-07-29 10:30:57,2023072501,2023,1306.4,Non-corrected airborne GPS,1690268400000,1690343382000,Being Held,JA70003000,13063578.5489,19876.1777,60,717ba052-d3d2-4dde-89bd-48afd9f30698,34525307.3046875,32317.7681160858,https://wildfiresituation.nrs.gov.bc.ca/incidents?fireYear=2023&incidentNumber=C51974,"POLYGON ((-123.508683 52.06432, -123.508303 52.064521, -123.50778 52.064663, -123.507088 52.064715, -123.505551 52.064824, -123.504247 52.065071, -123.503126 52.065461, -123.502051 52.065906, -123.500895 52.066444, -123.499539 52.067127, -123.497595 52.068096, -123.496694 52.068535, -123.49535 52.069203, -123.494317 52.069769, -123.493417 52.070368, -123.493075 52.070828, -123.493062 52.071417, -123.493208 52.071909, -123.493492 52.072277, -123.494024 52.072644, -123.494828 52.073111, -123.495634 52.073539, -123.496051 52.073839, -123.496226 52.074131, -123.49613 52.074481, -123.495663 52.074779, -123.49497 52.07497, -123.493529 52.075189, -123.492357 52.075376, -123.491529 52.075649, -123.490865 52.076098, -123.49042 52.076723, -123.490107 52.077365, -123.489515 52.078419, -123.488842 52.079145, -123.488243 52.079464, -123.487623 52.079614, -123.486766 52.07977, -123.485659 52.07985, -123.484486 52.079901, -123.483129 52.079904, -123.480795 52.079764, -123.479212 52.079653, -123.477488 52.079618, -123.476129 52.079719, -123.474835 52.080021, -123.474055 52.080312, -123.472665 52.081149, -123.471755 52.081873, -123.470983 52.082361, -123.470186 52.08274, -123.469428 52.083035, -123.468499 52.08333, -123.467261 52.083776, -123.466697 52.08408, -123.4661 52.084565, -123.465882 52.084955, -123.465822 52.085386, -123.466043 52.086012, -123.466514 52.086351, -123.467023 52.086644, -123.46756 52.086789, -123.468235 52.086885, -123.469296 52.08703, -123.469962 52.087203, -123.470509 52.08758, -123.470614 52.087981, -123.470225 52.088514, -123.469861 52.088792, -123.469099 52.089282, -123.467971 52.089936, -123.466563 52.090674, -123.465737 52.090962, -123.464972 52.091054, -123.464124 52.090998, -123.463141 52.090801, -123.462405 52.090742, -123.461749 52.090732, -123.460991 52.090825, -123.459655 52.091219, -123.458756 52.091617, -123.457936 52.092049, -123.457109 52.092521, -123.456272 52.092945, -123.455573 52.093172, -123.454683 52.093266, -123.454188 52.09324, -123.453135 52.093143, -123.451742 52.092985, -123.450824 52.09288, -123.449901 52.092742, -123.449313 52.092584, -123.449011 52.092438, -123.448455 52.092063, -123.448008 52.091627, -123.447328 52.091096, -123.44675 52.090907, -123.44606 52.090819, -123.444397 52.090922, -123.44338 52.091104, -123.442124 52.091314, -123.441061 52.091446, -123.439686 52.091771, -123.439072 52.092041, -123.43847 52.092374, -123.437559 52.092949, -123.436629 52.093453, -123.435838 52.093695, -123.435154 52.093792, -123.433979 52.093834, -123.432943 52.093808, -123.43099 52.093818, -123.429499 52.093835, -123.428393 52.093777, -123.427165 52.093622, -123.426109 52.093427, -123.424909 52.093142, -123.423301 52.092666, -123.421725 52.092224, -123.420659 52.091947, -123.419828 52.091664, -123.419408 52.091448, -123.418602 52.090891, -123.417813 52.090308, -123.416717 52.089565, -123.415553 52.088695, -123.414679 52.087818, -123.41433 52.08715, -123.414287 52.086401, -123.414615 52.085715, -123.415246 52.085082, -123.416485 52.084275, -123.417536 52.083558, -123.418558 52.082565, -123.419073 52.082022, -123.420129 52.081179, -123.421053 52.080842, -123.422682 52.08065, -123.424849 52.080683, -123.426308 52.080593, -123.427653 52.080293, -123.428646 52.07983, -123.429811 52.079189, -123.431241 52.078607, -123.43215 52.078337, -123.433416 52.077965, -123.435004 52.077426, -123.436312 52.076859, -123.437134 52.076385, -123.437826 52.075816, -123.438316 52.075101, -123.438366 52.074753, -123.438379 52.074147, -123.438275 52.073657, -123.437968 52.072935, -123.437729 52.07209, -123.437672 52.071525, -123.438347 52.071239, -123.438802 52.071159, -123.440004 52.070991, -123.440572 52.070993, -123.441483 52.071006, -123.442244 52.07108, -123.44398 52.071313, -123.445836 52.07154, -123.446829 52.07156, -123.447936 52.071443, -123.449216 52.071188, -123.450437 52.070963, -123.451775 52.070831, -123.452767 52.070862, -123.454183 52.070903, -123.455077 52.070839, -123.457179 52.070618, -123.458785 52.070502, -123.459754 52.070392, -123.460777 52.069938, -123.460966 52.069694, -123.461249 52.069125, -123.461006 52.068637, -123.460607 52.068342, -123.460048 52.067989, -123.458971 52.067747, -123.457811 52.067607, -123.456623 52.067407, -123.45581 52.067192, -123.455346 52.066799, -123.455378 52.066413, -123.45561 52.066123, -123.456206 52.065918, -123.457038 52.065583, -123.457754 52.065235, -123.458199 52.064937, -123.458554 52.064525, -123.458935 52.063969, -123.459349 52.063183, -123.459802 52.062661, -123.460549 52.062196, -123.461623 52.061932, -123.462482 52.061784, -123.463452 52.061587, -123.464619 52.061304, -123.465962 52.060882, -123.467402 52.060355, -123.468487 52.059915, -123.469525 52.059412, -123.471198 52.058403, -123.472386 52.05782, -123.473514 52.057518, -123.474334 52.057416, -123.475166 52.057397, -123.476156 52.057475, -123.477078 52.057599, -123.478212 52.05774, -123.479155 52.057809, -123.480229 52.0578, -123.481248 52.057711, -123.482128 52.057566, -123.482722 52.057405, -123.483758 52.05698, -123.484507 52.056374, -123.484715 52.056056, -123.484972 52.055451, -123.485159 52.054538, -123.485442 52.053927, -123.485994 52.053526, -123.486694 52.053339, -123.487494 52.05338, -123.487995 52.053548, -123.488952 52.054185, -123.489421 52.054699, -123.49021 52.055591, -123.490965 52.056404, -123.491663 52.057295, -123.492622 52.05836, -123.493184 52.058678, -123.494162 52.05891, -123.495012 52.058777, -123.495623 52.058497, -123.496556 52.057901, -123.497768 52.057321, -123.498761 52.057098, -123.500517 52.057061, -123.502818 52.057401, -123.505858 52.058175, -123.50757 52.058798, -123.508406 52.059525, -123.508692 52.060379, -123.508625 52.061173, -123.508345 52.062205, -123.508422 52.063065, -123.508821 52.063964, -123.508683 52.06432))"
21,2023-07-29 10:30:57,2023072501,2023,1439.1,Derived from satellite imagery,1690268400000,1690329377000,Out of Control,JA70003000,14390600.627,15559.2011,61,a8067aa0-ce92-4ce7-8ac0-5a7af67909d8,38237819.2734375,25364.0111931586,https://wildfiresituation.nrs.gov.bc.ca/incidents?fireYear=2023&incidentNumber=C51981,"POLYGON ((-123.43686 52.207536, -123.434671 52.206611, -123.434664 52.206612, -123.434654 52.206604, -123.434634 52.206595, -123.434639 52.20659, -123.430887 52.203199, -123.42939 52.201221, -123.425652 52.199138, -123.423604 52.196866, -123.422121 52.193271, -123.422038 52.190598, -123.42121 52.188205, -123.419001 52.184593, -123.416668 52.183057, -123.411906 52.181615, -123.411009 52.180407, -123.414478 52.179149, -123.419579 52.178966, -123.423505 52.178164, -123.426625 52.178678, -123.431057 52.181597, -123.435354 52.182731, -123.437371 52.183133, -123.440006 52.181841, -123.443329 52.180024, -123.444993 52.179641, -123.449889 52.179816, -123.457424 52.180743, -123.460346 52.181146, -123.460346 52.181146, -123.460366 52.181149, -123.460549 52.181174, -123.460549 52.181176, -123.466997 52.182112, -123.473763 52.183257, -123.479259 52.184906, -123.483111 52.187098, -123.485042 52.188658, -123.485999 52.18983, -123.486018 52.189815, -123.486068 52.189914, -123.486205 52.190082, -123.486181 52.190136, -123.486891 52.191532, -123.487507 52.193734, -123.487974 52.197519, -123.488182 52.199356, -123.488579 52.201684, -123.488622 52.204084, -123.487646 52.206305, -123.485099 52.209025, -123.482047 52.211466, -123.478239 52.213625, -123.473567 52.215506, -123.469814 52.216389, -123.466268 52.216201, -123.461692 52.215005, -123.456917 52.213451, -123.448062 52.210893, -123.442912 52.209345, -123.43686 52.207536))"
22,2023-07-29 10:30:57,2023071401,2023,6.3,Non-corrected ground GPS,1689318000000,1689636246000,Under Control,JA70003000,62821.7483,1508.7497,63,45acd5ba-aaba-4e69-8fa6-eead4ec9a241,178633.7578125,2544.63679916816,https://wildfiresituation.nrs.gov.bc.ca/incidents?fireYear=2023&incidentNumber=G11278,"MULTIPOLYGON (((-120.971937 53.669323, -120.97219 53.66939, -120.97222 53.6694, -120.97226 53.66943, -120.97234 53.66947, -120.97238 53.6695, -120.97242 53.66951, -120.97247 53.66954, -120.97251 53.66955, -120.97254 53.66958, -120.97258 53.66961, -120.97263 53.66964, -120.97269 53.66966, -120.97271 53.66968, -120.97275 53.66971, -120.97277 53.66973, -120.97274 53.66982, -120.97284 53.66992, -120.97287 53.67002, -120.97292 53.67006, -120.97294 53.67007, -120.97298 53.6701, -120.97301 53.67012, -120.97306 53.67014, -120.9731 53.67017, -120.97313 53.6702, -120.97316 53.67022, -120.9732 53.67026, -120.97332 53.67035, -120.97403 53.67054, -120.97407 53.67055, -120.97413 53.67059, -120.97418 53.67064, -120.97418 53.67071, -120.97422 53.67075, -120.97424 53.67076, -120.97426 53.67079, -120.97424 53.67091, -120.97431 53.67094, -120.97436 53.67092, -120.97444 53.6709, -120.97456 53.6709, -120.97459 53.67091, -120.97467 53.67092, -120.97471 53.67095, -120.97473 53.67097, -120.97473 53.67101, -120.97474 53.67103, -120.97474 53.67106, -120.97481 53.67116, -120.9748 53.67118, -120.97474 53.6712, -120.97468 53.67121, -120.97449 53.67134, -120.97453 53.67135, -120.97442 53.67139, -120.97447 53.67142, -120.97444 53.67143, -120.97439 53.67139, -120.97437 53.6714, -120.97438 53.67141, -120.97436 53.67142, -120.9743 53.67147, -120.97423 53.6715, -120.97421 53.67151, -120.97422 53.67154, -120.97422 53.67156, -120.974215 53.67158, -120.97421 53.67159, -120.9742 53.67153, -120.97417 53.67152, -120.97417 53.67155, -120.97407 53.67156, -120.97407 53.67164, -120.97404 53.67166, -120.97403 53.67167, -120.97396 53.67167, -120.97394 53.67169, -120.97397 53.67173, -120.97395 53.67174, -120.97397 53.67176, -120.97405 53.67175, -120.97404 53.67184, -120.97384 53.6718, -120.97396 53.67178, -120.97391 53.67178, -120.97386 53.67177, -120.97372 53.67177, -120.97368 53.67176, -120.97358 53.67174, -120.97353 53.67172, -120.97341 53.67166, -120.97336 53.67164, -120.97333 53.67163, -120.97329 53.67161, -120.97321 53.67155, -120.97311 53.6715, -120.972686 53.671465, -120.972647 53.671462, -120.97262 53.67146, -120.97257 53.67149, -120.97254 53.67147, -120.97252 53.67147, -120.97248 53.67145, -120.97238 53.67139, -120.97224 53.67132, -120.97222 53.67128, -120.97222 53.67124, -120.97223 53.6712, -120.9722 53.67114, -120.97215 53.67113, -120.9721 53.67111, -120.97204 53.67109, -120.97199 53.67106, -120.97194 53.67104, -120.9719 53.67102, -120.971863 53.670998, -120.97168 53.6709, -120.97165 53.6709, -120.9716 53.67089, -120.97154 53.67088, -120.97149 53.67087, -120.97143 53.67085, -120.97138 53.67084, -120.97132 53.67082, -120.97127 53.67081, -120.97121 53.67079, -120.97116 53.67076, -120.97112 53.67074, -120.9711 53.6707, -120.97107 53.67068, -120.97104 53.67065, -120.971 53.67062, -120.97097 53.67059, -120.97091 53.67058, -120.97075 53.67042, -120.97073 53.67039, -120.97072 53.67037, -120.97073 53.67035, -120.97067 53.67025, -120.97067 53.67024, -120.97059 53.6702, -120.97055 53.67019, -120.97051 53.67017, -120.97047 53.67014, -120.97042 53.67012, -120.97032 53.67006, -120.97021 53.67003, -120.970155 53.670005, -120.970125 53.669991, -120.9701 53.66998, -120.97008 53.66998, -120.97003 53.66996, -120.96995 53.66992, -120.96989 53.66988, -120.96986 53.66987, -120.96983 53.66985, -120.96982 53.66985, -120.96985 53.66984, -120.96987 53.66986, -120.9699 53.66986, -120.9699 53.66984, -120.96981 53.66983, -120.96973 53.66983, -120.96968 53.66982, -120.96962 53.66981, -120.96955 53.6698, -120.96955 53.66978, -120.96954 53.66979, -120.96953 53.66977, -120.96936 53.66971, -120.9693 53.66969, -120.96929 53.66968, -120.96923 53.66966, -120.96919 53.66964, -120.96915 53.66961, -120.9691 53.66958, -120.96906 53.66954, -120.96903 53.6695, -120.96906 53.66951, -120.969114 53.669478, -120.969142 53.669462, -120.9694 53.66931, -120.96935 53.66927, -120.968999 53.669188, -120.968971 53.669181, -120.96888 53.66916, -120.96883 53.66915, -120.96875 53.66913, -120.96871 53.66913, -120.96866 53.66911, -120.9686 53.6691, -120.96856 53.66909, -120.96852 53.66907, -120.96848 53.66906, -120.9684 53.66902, -120.96837 53.669, -120.96833 53.66899, -120.9683 53.66897, -120.9683 53.66898, -120.96829 53.66897, -120.96828 53.66895, -120.96827 53.66892, -120.96826 53.6689, -120.96826 53.66883, -120.96827 53.66881, -120.96827 53.66879, -120.96829 53.66873, -120.96831 53.6687, -120.96832 53.66867, -120.96834 53.66864, -120.96837 53.66862, -120.96839 53.66859, -120.96829 53.66848, -120.96828 53.66847, -120.96826 53.66844, -120.96822 53.66842, -120.968203 53.668413, -120.96815 53.668391, -120.96802 53.66833, -120.96798 53.66831, -120.96795 53.66828, -120.96792 53.66824, -120.96788 53.6682, -120.96786 53.66817, -120.96785 53.66814, -120.96787 53.6681, -120.96792 53.66808, -120.96798 53.66807, -120.96803 53.66808, -120.96819 53.66808, -120.96824 53.66809, -120.96834 53.66809, -120.9684 53.66813, -120.96843 53.66816, -120.96846 53.66818, -120.96847 53.66821, -120.96872 53.66836, -120.96934 53.66838, -120.96939 53.6684, -120.96942 53.66843, -120.96966 53.6685, -120.969804 53.668542, -120.9699 53.66857, -120.96996 53.66859, -120.97 53.6686, -120.97006 53.66862, -120.97031 53.6687, -120.97033 53.6687, -120.97038 53.66871, -120.97043 53.66873, -120.97047 53.66873, -120.97051 53.66875, -120.97056 53.66877, -120.97062 53.66879, -120.97061 53.66882, -120.97063 53.66883, -120.97065 53.66879, -120.97074 53.66883, -120.9708 53.66887, -120.97084 53.66889, -120.97089 53.66891, -120.97093 53.66893, -120.97095 53.66895, -120.97103 53.66899, -120.97106 53.669, -120.97108 53.66901, -120.9714 53.66918, -120.971699 53.669259, -120.971937 53.669323)), ((-120.96982 53.66985, -120.9698 53.66985, -120.96977 53.66984, -120.96982 53.66985)))"
23,2023-07-29 10:30:57,2023072601,2023,2263.9,Derived from satellite imagery,1690354800000,1690472664000,Out of Control,JA70003000,22639287.3422,31908.5892,64,59ea06f0-58f1-4b64-b039-cd24cb6b079c,63766368.2421875,53557.6810322235,https://wildfiresituation.nrs.gov.bc.ca/incidents?fireYear=2023&incidentNumber=G11293,"POLYGON ((-123.831831 53.486301, -123.830983 53.486247, -123.830563 53.486242, -123.828897 53.486277, -123.828101 53.486261, -123.827403 53.486178, -123.826637 53.486059, -123.826267 53.485957, -123.825902 53.485843, -123.825548 53.485716, -123.825242 53.485545, -123.824986 53.48534, -123.824833 53.485104, -123.824783 53.48485, -123.82481 53.484597, -123.824941 53.484355, -123.825137 53.484131, -123.825596 53.483715, -123.826061 53.483329, -123.826259 53.483139, -123.826407 53.482939, -123.826469 53.482713, -123.826426 53.482481, -123.826268 53.482245, -123.825954 53.482079, -123.825571 53.481948, -123.825139 53.48185, -123.822016 53.481275, -123.819474 53.480839, -123.818221 53.480595, -123.817821 53.480503, -123.816646 53.480202, -123.8159 53.479985, -123.815206 53.479743, -123.814907 53.479603, -123.814675 53.479435, -123.814481 53.479259, -123.81433 53.47907, -123.81396 53.478734, -123.813692 53.478642, -123.813382 53.47859, -123.813047 53.478616, -123.812727 53.478707, -123.812434 53.47885, -123.812167 53.479029, -123.811669 53.479437, -123.811118 53.479838, -123.810805 53.480028, -123.810433 53.48018, -123.810037 53.48031, -123.80963 53.480426, -123.807947 53.480812, -123.807109 53.481057, -123.806694 53.481199, -123.806289 53.481354, -123.805091 53.481847, -123.804678 53.481987, -123.80423 53.482079, -123.803745 53.482157, -123.803244 53.482159, -123.802742 53.482107, -123.802268 53.481997, -123.801833 53.481831, -123.801446 53.481618, -123.80109 53.481384, -123.800755 53.481136, -123.7998 53.480388, -123.79914 53.479916, -123.798345 53.479521, -123.797917 53.479364, -123.797464 53.479256, -123.797048 53.479217, -123.79658 53.479187, -123.796117 53.479181, -123.795664 53.479191, -123.795227 53.479231, -123.7948 53.479287, -123.794376 53.47937, -123.793969 53.479465, -123.793567 53.479574, -123.793227 53.479732, -123.792954 53.479932, -123.792735 53.480166, -123.792543 53.480415, -123.792418 53.480684, -123.792348 53.480963, -123.792311 53.481247, -123.792268 53.481825, -123.792242 53.482405, -123.792244 53.482974, -123.792233 53.483529, -123.792174 53.484063, -123.792124 53.484321, -123.79205 53.484569, -123.791953 53.484811, -123.791833 53.485052, -123.791684 53.48529, -123.791311 53.485763, -123.7911 53.485999, -123.790644 53.486474, -123.790399 53.486712, -123.789891 53.487177, -123.789597 53.487395, -123.789258 53.487585, -123.788875 53.487751, -123.78847 53.487895, -123.788048 53.488025, -123.786751 53.488389, -123.785466 53.488774, -123.783843 53.489322, -123.783436 53.489434, -123.783026 53.489533, -123.782606 53.489606, -123.782181 53.489646, -123.781758 53.48964, -123.781334 53.489602, -123.780916 53.489519, -123.78053 53.489396, -123.780159 53.489252, -123.779802 53.489093, -123.778722 53.488576, -123.778367 53.488393, -123.778024 53.488201, -123.777047 53.48758, -123.776766 53.487352, -123.776517 53.487109, -123.77631 53.486858, -123.776146 53.486606, -123.776031 53.486347, -123.775941 53.486092, -123.775789 53.485577, -123.775671 53.485316, -123.775509 53.485056, -123.77529 53.484792, -123.776627 53.485741, -123.77694 53.485546, -123.777316 53.485384, -123.778113 53.485118, -123.778482 53.484961, -123.778818 53.484783, -123.779072 53.484563, -123.779205 53.484307, -123.779295 53.484033, -123.779319 53.483744, -123.779299 53.483446, -123.779256 53.483138, -123.779134 53.482534, -123.77889 53.481634, -123.778821 53.481339, -123.778637 53.480776, -123.778444 53.480524, -123.778186 53.480338, -123.777427 53.480096, -123.77697 53.480001, -123.776484 53.47995, -123.775994 53.479943, -123.77548 53.479967, -123.774957 53.480009, -123.772329 53.480257, -123.771282 53.480333, -123.770757 53.480342, -123.770233 53.480324, -123.76971 53.480281, -123.76867 53.480155, -123.767136 53.47993, -123.764044 53.479438, -123.76299 53.479296, -123.762454 53.479235, -123.761913 53.479189, -123.760808 53.479116, -123.760249 53.479097, -123.759673 53.479099, -123.759095 53.479117, -123.758513 53.479151, -123.757928 53.479206, -123.757352 53.479278, -123.756784 53.479363, -123.754553 53.479715, -123.75399 53.479771, -123.753447 53.479794, -123.75292 53.4798, -123.752383 53.479752, -123.751864 53.479643, -123.751422 53.479479, -123.751057 53.479267, -123.750753 53.479019, -123.750489 53.478757, -123.750252 53.47849, -123.749829 53.477931, -123.749454 53.477368, -123.749333 53.477087, -123.74927 53.476806, -123.749284 53.476521, -123.749383 53.476243, -123.74954 53.475976, -123.749735 53.475719, -123.749959 53.47547, -123.750199 53.47523, -123.750918 53.474556, -123.75139 53.474065, -123.752351 53.473125, -123.752656 53.472932, -123.753023 53.472762, -123.753416 53.472648, -123.75383 53.472559, -123.754251 53.472492, -123.755122 53.472383, -123.756904 53.472211, -123.757814 53.472157, -123.759266 53.472089, -123.759766 53.472058, -123.760267 53.472011, -123.760755 53.471932, -123.761237 53.47184, -123.762197 53.471642, -123.76312 53.471378, -123.763566 53.471232, -123.764002 53.471102, -123.764446 53.470938, -123.764894 53.47074, -123.765781 53.470414, -123.768077 53.469594, -123.769027 53.469287, -123.7695 53.469172, -123.770985 53.468709, -123.771473 53.468585, -123.772473 53.468368, -123.773983 53.468087, -123.774457 53.467985, -123.774912 53.467863, -123.775307 53.467699, -123.775732 53.467561, -123.776035 53.467348, -123.77627 53.467102, -123.776433 53.466826, -123.776537 53.466534, -123.776599 53.466234, -123.776627 53.465926, -123.776627 53.465611, -123.776571 53.464957, -123.776439 53.463974, -123.776415 53.463648, -123.776436 53.463332, -123.776506 53.463024, -123.776632 53.462727, -123.776814 53.462439, -123.777072 53.462161, -123.777347 53.461907, -123.777663 53.461667, -123.778022 53.461452, -123.778403 53.461257, -123.779193 53.460893, -123.7796 53.460718, -123.780432 53.460375, -123.781286 53.460046, -123.782156 53.459744, -123.786158 53.45852, -123.790415 53.457265, -123.79229 53.456683, -123.792761 53.456547, -123.793237 53.456424, -123.793723 53.456326, -123.79421 53.456248, -123.794707 53.456197, -123.795202 53.456164, -123.796184 53.456174, -123.796672 53.456209, -123.797125 53.456292, -123.797551 53.456395, -123.797932 53.456537, -123.798274 53.456707, -123.798583 53.456895, -123.798825 53.45711, -123.799012 53.457337, -123.799131 53.457572, -123.799227 53.457818, -123.79923 53.458067, -123.799175 53.458315, -123.79874 53.459839, -123.798685 53.460092, -123.798658 53.460335, -123.798612 53.460582, -123.798644 53.460832, -123.798725 53.461096, -123.798858 53.461356, -123.799244 53.4618, -123.799485 53.462014, -123.799766 53.462196, -123.800081 53.462361, -123.800758 53.462679, -123.801119 53.462823, -123.801509 53.462956, -123.801914 53.463076, -123.802328 53.463179, -123.802748 53.463265, -123.803176 53.463328, -123.803613 53.463373, -123.804064 53.463397, -123.804527 53.463397, -123.805477 53.463363, -123.806961 53.463257, -123.807963 53.463157, -123.808936 53.463023, -123.809414 53.462934, -123.809881 53.462828, -123.810328 53.462696, -123.81076 53.462547, -123.811598 53.462217, -123.813245 53.461539, -123.815787 53.460558, -123.817036 53.460046, -123.817444 53.459868, -123.818637 53.45929, -123.818996 53.45907, -123.819343 53.458837, -123.819656 53.458595, -123.81991 53.458339, -123.820111 53.458074, -123.820254 53.457797, -123.820342 53.45751, -123.820388 53.457213, -123.820398 53.456913, -123.820394 53.456619, -123.820366 53.456323, -123.820317 53.456028, -123.820252 53.455729, -123.820176 53.455436, -123.820087 53.455147, -123.82003 53.454861, -123.820006 53.454567, -123.820022 53.454276, -123.820058 53.453995, -123.820109 53.453703, -123.820202 53.453421, -123.820311 53.453132, -123.820555 53.452536, -123.820787 53.451932, -123.820898 53.451632, -123.820991 53.451326, -123.821057 53.451014, -123.821103 53.450706, -123.821163 53.45012, -123.821173 53.449834, -123.821168 53.449286, -123.821202 53.448475, -123.821296 53.448232, -123.821491 53.448016, -123.8218 53.447849, -123.822183 53.447734, -123.822612 53.447659, -123.82307 53.447606, -123.824016 53.447528, -123.824494 53.447474, -123.824965 53.447402, -123.8259 53.447213, -123.826373 53.447101, -123.827276 53.446837, -123.827707 53.446676, -123.828107 53.446487, -123.82848 53.446274, -123.828835 53.446048, -123.829159 53.445805, -123.829458 53.445548, -123.830022 53.445015, -123.831967 53.443088, -123.833572 53.441463, -123.835143 53.440029, -123.835839 53.439336, -123.836111 53.439129, -123.836427 53.438936, -123.836794 53.438779, -123.837197 53.438659, -123.837632 53.438583, -123.838085 53.438533, -123.840019 53.438404, -123.841012 53.438317, -123.842006 53.438218, -123.844495 53.437944, -123.844973 53.437942, -123.845479 53.437996, -123.845926 53.438113, -123.846314 53.438306, -123.846671 53.43856, -123.846937 53.438854, -123.847141 53.439169, -123.847322 53.439496, -123.847468 53.439832, -123.847736 53.440508, -123.84789 53.440842, -123.848098 53.441167, -123.848339 53.441486, -123.848857 53.442109, -123.849133 53.442409, -123.849444 53.442694, -123.849779 53.442965, -123.850126 53.443227, -123.850482 53.443472, -123.850851 53.443699, -123.851248 53.443909, -123.851653 53.444102, -123.85248 53.444443, -123.853733 53.444914, -123.85456 53.445197, -123.856152 53.445675, -123.856531 53.445774, -123.857973 53.44547, -123.860413 53.444613, -123.862229 53.443459, -123.862993 53.442571, -123.863356 53.441724, -123.864432 53.440984, -123.866671 53.440929, -123.868992 53.440828, -123.8707 53.441808, -123.870947 53.443236, -123.870901 53.444136, -123.870189 53.445594, -123.869323 53.446907, -123.868641 53.447749, -123.866366 53.448515, -123.86408 53.44947, -123.862765 53.450206, -123.861449 53.450941, -123.859765 53.451837, -123.859764 53.451993, -123.859749 53.452164, -123.859701 53.452329, -123.85961 53.4525, -123.859471 53.452675, -123.859243 53.452807, -123.85895 53.452913, -123.858623 53.453006, -123.858269 53.453079, -123.85789 53.453132, -123.857492 53.453172, -123.85708 53.453199, -123.856655 53.453209, -123.856217 53.453204, -123.855764 53.453182, -123.855298 53.453146, -123.854343 53.453048, -123.852798 53.452848, -123.851748 53.452683, -123.851223 53.452624, -123.850693 53.452585, -123.850167 53.452581, -123.849645 53.452601, -123.849131 53.45265, -123.84865 53.452726, -123.848209 53.452844, -123.847808 53.452997, -123.847466 53.453164, -123.84717 53.453353, -123.846726 53.453766, -123.846658 53.453994, -123.846626 53.454228, -123.846667 53.454456, -123.846741 53.454674, -123.846838 53.454882, -123.84695 53.455088, -123.84708 53.455288, -123.847227 53.455483, -123.847558 53.455849, -123.847749 53.456019, -123.847954 53.45618, -123.848989 53.456891, -123.849351 53.457158, -123.849732 53.457408, -123.849939 53.457524, -123.850165 53.457634, -123.850412 53.457731, -123.850677 53.457815, -123.850958 53.457879, -123.851258 53.457917, -123.85192 53.457949, -123.852603 53.457959, -123.854269 53.457956, -123.854589 53.457969, -123.854898 53.457996, -123.855199 53.458035, -123.855489 53.458089, -123.856648 53.458359, -123.85788 53.458572, -123.858464 53.458699, -123.859098 53.458886, -123.859384 53.459, -123.8601 53.45943, -123.860589 53.459755, -123.860842 53.459906, -123.861099 53.460045, -123.861374 53.460166, -123.861653 53.460273, -123.86267 53.460624, -123.862891 53.460725, -123.863081 53.46084, -123.863224 53.460974, -123.863308 53.461118, -123.863347 53.461269, -123.863329 53.461429, -123.863244 53.461607, -123.86308 53.461781, -123.862843 53.461947, -123.862547 53.462094, -123.862201 53.462224, -123.861826 53.46234, -123.861433 53.462441, -123.861034 53.462529, -123.860629 53.462603, -123.859846 53.462724, -123.859482 53.46279, -123.859151 53.46288, -123.858871 53.463009, -123.858613 53.463161, -123.858388 53.46334, -123.858259 53.463554, -123.8582 53.463784, -123.858184 53.464022, -123.858215 53.464266, -123.858269 53.464516, -123.858469 53.465304, -123.858519 53.465577, -123.858584 53.466143, -123.85859 53.466429, -123.858563 53.466718, -123.858456 53.467306, -123.858415 53.467609, -123.858387 53.467914, -123.85835 53.468525, -123.858344 53.468823, -123.85836 53.46912, -123.858342 53.469416, -123.858352 53.46971, -123.858339 53.470007, -123.85827 53.470606, -123.85818 53.470907, -123.858057 53.471201, -123.857878 53.47148, -123.857662 53.471751, -123.856938 53.472518, -123.856483 53.473033, -123.856307 53.4733, -123.856168 53.47357, -123.856087 53.473856, -123.856084 53.474143, -123.856172 53.474419, -123.856311 53.474692, -123.856549 53.474934, -123.856842 53.475156, -123.857188 53.475351, -123.857573 53.475521, -123.857987 53.475673, -123.858427 53.475802, -123.858889 53.475908, -123.859366 53.475989, -123.860341 53.476098, -123.861325 53.476168, -123.861817 53.476217, -123.862309 53.476285, -123.862788 53.476381, -123.863259 53.476506, -123.863701 53.47668, -123.864112 53.476883, -123.864504 53.477105, -123.864855 53.477349, -123.865166 53.477611, -123.865452 53.477887, -123.86599 53.478456, -123.866495 53.479036, -123.867187 53.479906, -123.867659 53.480465, -123.867869 53.480741, -123.868234 53.48129, -123.868397 53.48156, -123.868537 53.481826, -123.868699 53.482353, -123.868714 53.482612, -123.868672 53.482861, -123.868592 53.483106, -123.868476 53.483342, -123.868292 53.483558, -123.868076 53.483768, -123.867812 53.483958, -123.867488 53.484109, -123.867129 53.48423, -123.866746 53.48432, -123.866347 53.484379, -123.865937 53.484414, -123.865516 53.484436, -123.862987 53.484507, -123.862581 53.484525, -123.861797 53.48458, -123.861051 53.484668, -123.859573 53.484887, -123.859399 53.48491, -123.856744 53.485259, -123.856422 53.485262, -123.856103 53.485244, -123.855473 53.485171, -123.854043 53.484948, -123.85378 53.484925, -123.85352 53.484915, -123.853259 53.484918, -123.853006 53.484938, -123.852756 53.484977, -123.852509 53.48504, -123.852267 53.485126, -123.852024 53.485228, -123.85179 53.485348, -123.85159 53.485492, -123.8514 53.485651, -123.851228 53.485825, -123.851077 53.486013, -123.85094 53.486213, -123.850815 53.486422, -123.85046 53.487072, -123.850329 53.487286, -123.850182 53.487491, -123.849666 53.488086, -123.849525 53.488296, -123.849411 53.488518, -123.849331 53.48875, -123.84929 53.488991, -123.849283 53.489241, -123.849292 53.489498, -123.849368 53.490562, -123.849372 53.49083, -123.849342 53.491626, -123.849296 53.491882, -123.849214 53.492131, -123.849113 53.492378, -123.848835 53.492852, -123.848672 53.493091, -123.848443 53.493304, -123.848175 53.493501, -123.847859 53.493672, -123.847506 53.493827, -123.847118 53.493966, -123.846699 53.494071, -123.84626 53.494149, -123.845814 53.494177, -123.845369 53.49417, -123.844936 53.494124, -123.844515 53.494054, -123.843712 53.493886, -123.842991 53.493722, -123.842103 53.493484, -123.841639 53.493324, -123.841447 53.49324, -123.840965 53.492972, -123.84076 53.492899, -123.840509 53.492843, -123.840209 53.492798, -123.837833 53.492501, -123.83695 53.49237, -123.836532 53.492291, -123.836139 53.492187, -123.835756 53.492076, -123.835425 53.491936, -123.835175 53.491763, -123.834992 53.491565, -123.834867 53.491356, -123.834788 53.491143, -123.834787 53.49093, -123.834862 53.490715, -123.835011 53.490513, -123.835615 53.489913, -123.835784 53.489685, -123.835873 53.489431, -123.835886 53.489163, -123.835822 53.488893, -123.835689 53.488625, -123.835508 53.488369, -123.835301 53.488122, -123.835079 53.487885, -123.834832 53.487665, -123.834564 53.487456, -123.834283 53.487255, -123.833979 53.487068, -123.83366 53.486893, -123.833325 53.486729, -123.832975 53.486579, -123.8326 53.48647, -123.832221 53.486375, -123.831831 53.486301))"
24,2023-07-29 10:30:57,2023071001,2023,2.7,Non-corrected ground GPS,1688972400000,1689262093000,Under Control,JA70003000,27490.5497,914.5425,65,92f0db2d-b8f5-4d5a-9ff7-5f432da6de97,77606.9765625,1536.35725072288,https://wildfiresituation.nrs.gov.bc.ca/incidents?fireYear=2023&incidentNumber=G11360,"POLYGON ((-122.57238 53.51581, -122.57242 53.5158, -122.57247 53.5158, -122.57252 53.51581, -122.57256 53.51583, -122.57262 53.51583, -122.57267 53.51584, -122.57272 53.51586, -122.57276 53.51587, -122.57282 53.51588, -122.57292 53.51588, -122.57297 53.51587, -122.573 53.51585, -122.57304 53.51583, -122.57308 53.51582, -122.57318 53.51582, -122.57322 53.51583, -122.57328 53.51584, -122.57334 53.51587, -122.57337 53.51589, -122.57339 53.51591, -122.57342 53.51593, -122.57345 53.51596, -122.57351 53.516, -122.57354 53.51603, -122.57356 53.51606, -122.57358 53.51608, -122.57362 53.5161, -122.57366 53.51613, -122.57372 53.51617, -122.57374 53.5162, -122.57376 53.51622, -122.57376 53.51632, -122.57378 53.51635, -122.57379 53.51637, -122.57381 53.5164, -122.57383 53.51642, -122.57395 53.51648, -122.57398 53.51649, -122.57402 53.51651, -122.57404 53.51654, -122.57407 53.51657, -122.57408 53.5166, -122.5741 53.51662, -122.57412 53.51665, -122.57413 53.51667, -122.57414 53.5167, -122.57418 53.51676, -122.5742 53.51678, -122.57423 53.51684, -122.57424 53.51687, -122.57424 53.51689, -122.57423 53.51691, -122.57424 53.51694, -122.57428 53.51698, -122.57429 53.517, -122.57432 53.51703, -122.57434 53.51706, -122.57437 53.51708, -122.5744 53.51711, -122.57444 53.51717, -122.57445 53.5172, -122.57449 53.51726, -122.57452 53.51729, -122.57455 53.51731, -122.5746 53.51733, -122.57469 53.51739, -122.57475 53.51745, -122.57479 53.51751, -122.57481 53.51753, -122.57483 53.51756, -122.57487 53.5176, -122.57496 53.51766, -122.57501 53.51768, -122.57506 53.51769, -122.5751 53.5177, -122.57521 53.5177, -122.57526 53.51771, -122.57529 53.51773, -122.5753 53.51776, -122.57528 53.51778, -122.57523 53.51779, -122.57517 53.51781, -122.57513 53.51782, -122.5751 53.51783, -122.57506 53.51784, -122.57503 53.51785, -122.575 53.51787, -122.57497 53.51788, -122.57493 53.51789, -122.57489 53.51791, -122.57486 53.51792, -122.57481 53.51794, -122.57476 53.51795, -122.57472 53.51797, -122.57464 53.51799, -122.57461 53.51799, -122.57458 53.51797, -122.57452 53.51791, -122.5745 53.51788, -122.57444 53.51782, -122.57441 53.5178, -122.57439 53.51777, -122.57433 53.51771, -122.57428 53.51769, -122.57422 53.51768, -122.5741 53.51768, -122.57404 53.51767, -122.57398 53.51767, -122.5739 53.51765, -122.57387 53.51762, -122.57386 53.5176, -122.57386 53.51757, -122.57387 53.51754, -122.57386 53.51751, -122.57386 53.51747, -122.57385 53.51744, -122.57384 53.5174, -122.57384 53.51738, -122.57383 53.51736, -122.57382 53.51733, -122.57382 53.51731, -122.57381 53.51728, -122.5738 53.51726, -122.57379 53.51723, -122.57379 53.5172, -122.57377 53.51716, -122.57376 53.51713, -122.57374 53.51709, -122.57371 53.51707, -122.57369 53.51706, -122.57363 53.51704, -122.57359 53.51703, -122.57344 53.51697, -122.5734 53.51695, -122.57335 53.51692, -122.57327 53.51686, -122.57322 53.51685, -122.57317 53.51683, -122.57311 53.51681, -122.57305 53.5168, -122.57292 53.5168, -122.57286 53.51682, -122.57281 53.51684, -122.57277 53.51687, -122.57274 53.51689, -122.57266 53.51697, -122.57265 53.517, -122.57262 53.51702, -122.5726 53.51706, -122.57254 53.51715, -122.57252 53.51717, -122.5725 53.5172, -122.5725 53.51722, -122.57246 53.5173, -122.57242 53.51734, -122.57239 53.51736, -122.57229 53.51736, -122.57226 53.51735, -122.57222 53.51733, -122.57218 53.51732, -122.57203 53.51727, -122.57198 53.51726, -122.57186 53.51724, -122.57178 53.51723, -122.57172 53.51721, -122.57166 53.5172, -122.57161 53.51719, -122.57155 53.51717, -122.57151 53.51715, -122.57147 53.51712, -122.57143 53.5171, -122.57141 53.51709, -122.57136 53.51708, -122.57136 53.51703, -122.57137 53.517, -122.57135 53.51697, -122.57134 53.51695, -122.57132 53.51692, -122.57131 53.51688, -122.57129 53.51685, -122.57129 53.51682, -122.5713 53.51679, -122.5713 53.51676, -122.57131 53.51673, -122.57133 53.51669, -122.57133 53.51666, -122.57134 53.51663, -122.57135 53.51659, -122.57134 53.51656, -122.57134 53.51652, -122.57133 53.51649, -122.57131 53.51645, -122.57132 53.51642, -122.57134 53.51638, -122.57135 53.51634, -122.57135 53.51631, -122.57137 53.51628, -122.57139 53.51622, -122.57143 53.5162, -122.57147 53.51617, -122.57152 53.51614, -122.57155 53.51611, -122.57161 53.51609, -122.57164 53.51606, -122.5717 53.51603, -122.57173 53.51601, -122.57174 53.51598, -122.57179 53.51595, -122.57185 53.51592, -122.57188 53.51591, -122.57195 53.51588, -122.57199 53.51587, -122.57218 53.51587, -122.57234 53.51583, -122.57238 53.51581))"
25,2023-07-29 10:30:57,2023072401,2023,122.7,Non-corrected airborne GPS,1690182000000,1690218507000,Under Control,JA70003000,1227192.1693,4493.9214,69,7fa835ea-c829-4987-b021-8f21f220e693,3484996.5078125,7573.96604614064,https://wildfiresituation.nrs.gov.bc.ca/incidents?fireYear=2023&incidentNumber=G12186,"POLYGON ((-122.30311 53.63711, -122.303713 53.6371, -122.30457 53.63718, -122.30539 53.63735, -122.30696 53.63775, -122.30778 53.63788, -122.30865 53.63796, -122.30955 53.638, -122.31046 53.63807, -122.31137 53.63817, -122.312187 53.638346, -122.31225 53.63836, -122.312534 53.638458, -122.31303 53.63863, -122.31371 53.63897, -122.31427 53.63938, -122.31477 53.63982, -122.31523 53.64024, -122.31545 53.64046, -122.315664 53.64067, -122.316098 53.641081, -122.316304 53.64126, -122.31654 53.64146, -122.316745 53.641654, -122.316937 53.64183, -122.31726 53.642158, -122.317433 53.642411, -122.31746 53.642451, -122.31746 53.64274, -122.31729 53.64301, -122.31702 53.64327, -122.31669 53.64354, -122.3163 53.64381, -122.31587 53.64409, -122.31543 53.64435, -122.31472 53.64469, -122.31426 53.64486, -122.31359 53.64503, -122.31293 53.64511, -122.31229 53.64513, -122.31188 53.64511, -122.31133 53.645, -122.31088 53.64486, -122.310481 53.64474, -122.31048 53.64474, -122.31016 53.64463, -122.310139 53.644621, -122.30986 53.6445, -122.30957 53.64435, -122.30921 53.64418, -122.30871 53.64411, -122.30809 53.64422, -122.30724 53.64465, -122.30653 53.64526, -122.3061 53.64571, -122.30552 53.64642, -122.30513 53.64686, -122.30465 53.64725, -122.3041 53.64755, -122.30351 53.64777, -122.30289 53.64794, -122.30227 53.64807, -122.30163 53.6482, -122.30065 53.64836, -122.29997 53.64847, -122.29926 53.64855, -122.298521 53.64856, -122.298475 53.648551, -122.297847 53.648435, -122.297599 53.648327, -122.297289 53.648192, -122.296896 53.647872, -122.296681 53.64751, -122.296675 53.647499, -122.29667 53.64749, -122.29637 53.64672, -122.29616 53.64632, -122.296051 53.646169, -122.295871 53.645923, -122.295831 53.645883, -122.295478 53.64553, -122.295051 53.64514, -122.294664 53.644722, -122.294319 53.644272, -122.294119 53.643917, -122.29405 53.64379, -122.294021 53.643714, -122.29386 53.6433, -122.29383 53.6428, -122.29402 53.6423, -122.29447 53.64184, -122.29511 53.64142, -122.29586 53.64103, -122.29657 53.6406, -122.29726 53.64012, -122.29874 53.6392, -122.29951 53.63876, -122.3003 53.63832, -122.30114 53.63791, -122.30201 53.63752, -122.30311 53.63711))"
26,2023-07-29 10:30:57,2023051201,2023,1006.4,Non-corrected ground GPS,1683874800000,1684174988000,Under Control,JA70003000,10064431.012,42075.239,70,bf4defc4-2873-4c4d-987b-a85393185c5f,28134394.125,70354.4004718788,https://wildfiresituation.nrs.gov.bc.ca/incidents?fireYear=2023&incidentNumber=G30210,"MULTIPOLYGON (((-120.140417 53.334696, -120.140419 53.334674, -120.140385 53.334685, -120.140365 53.334706, -120.140333 53.334712, -120.140295 53.334714, -120.140265 53.33471, -120.140226 53.334705, -120.140192 53.334701, -120.140166 53.334688, -120.140133 53.334682, -120.140123 53.334664, -120.140112 53.334646, -120.140118 53.334625, -120.140118 53.334603, -120.140092 53.334587, -120.140078 53.334569, -120.140048 53.334553, -120.140053 53.334534, -120.140044 53.334514, -120.140078 53.334494, -120.140098 53.334473, -120.140129 53.334462, -120.140146 53.334447, -120.140127 53.334432, -120.140109 53.334413, -120.140074 53.334393, -120.140073 53.33437, -120.140051 53.334356, -120.140014 53.334341, -120.139967 53.334338, -120.139993 53.334327, -120.139962 53.334321, -120.139916 53.334319, -120.139923 53.334288, -120.139913 53.334305, -120.139916 53.334286, -120.139927 53.334266, -120.139913 53.334247, -120.139906 53.334228, -120.139884 53.334213, -120.139912 53.334186, -120.139949 53.334193, -120.139963 53.334177, -120.139953 53.334158, -120.13994 53.334137, -120.139965 53.334118, -120.139992 53.334107, -120.139985 53.334085, -120.139974 53.334059, -120.13997 53.334031, -120.139933 53.334018, -120.139919 53.333997, -120.139892 53.333987, -120.139869 53.333995, -120.139872 53.333981, -120.139873 53.333976, -120.139909 53.333958, -120.139914 53.33396, -120.139914 53.333958, -120.139947 53.333953, -120.139949 53.333952, -120.139986 53.333939, -120.139955 53.333927, -120.139988 53.333911, -120.14 53.333919, -120.14 53.333917, -120.14001 53.333899, -120.14003 53.333882, -120.139999 53.333871, -120.139978 53.333853, -120.139979 53.333835, -120.139968 53.333814, -120.139963 53.333791, -120.139929 53.33378, -120.139919 53.333757, -120.139896 53.333741, -120.139864 53.333729, -120.139885 53.33371, -120.139886 53.333684, -120.139867 53.333667, -120.139846 53.333644, -120.139847 53.333623, -120.139849 53.333603, -120.139825 53.333589, -120.139803 53.333575, -120.139776 53.333562, -120.139757 53.33354, -120.139725 53.333533, -120.139693 53.333519, -120.139657 53.333507, -120.13963 53.333498, -120.13959 53.333503, -120.139561 53.333509, -120.139536 53.333512, -120.139532 53.333512, -120.139527 53.333513, -120.139528 53.33351, -120.139529 53.333509, -120.139537 53.333492, -120.139519 53.333473, -120.139518 53.333453, -120.139532 53.333445, -120.139536 53.333443, -120.139541 53.33344, -120.139562 53.333424, -120.139568 53.333405, -120.13959 53.33339, -120.139575 53.333372, -120.139593 53.333353, -120.139571 53.333336, -120.139574 53.333316, -120.139563 53.333297, -120.139543 53.333278, -120.139537 53.33327, -120.139529 53.333274, -120.139529 53.333275, -120.139502 53.333287, -120.139519 53.333266, -120.139517 53.333258, -120.139532 53.333264, -120.139528 53.333258, -120.139551 53.333243, -120.139558 53.333244, -120.139569 53.333237, -120.139577 53.333214, -120.139586 53.333207, -120.139577 53.3332, -120.139556 53.333185, -120.13953 53.333171, -120.139483 53.33316, -120.13946 53.333146, -120.139454 53.333146, -120.139451 53.333148, -120.139459 53.333169, -120.139442 53.333151, -120.139448 53.333146, -120.139413 53.333152, -120.139393 53.333153, -120.13939 53.333156, -120.139366 53.333172, -120.139367 53.333156, -120.139366 53.333156, -120.139367 53.333155, -120.139367 53.333153, -120.139381 53.333136, -120.139382 53.333136, -120.139399 53.333124, -120.139401 53.333123, -120.139379 53.33312, -120.139387 53.333115, -120.139378 53.333109, -120.13939 53.333089, -120.139396 53.333093, -120.139401 53.33309, -120.1394 53.333088, -120.139427 53.333078, -120.139426 53.33309, -120.139455 53.333085, -120.139458 53.333103, -120.139472 53.333088, -120.139451 53.333073, -120.139475 53.333068, -120.13948 53.333049, -120.139499 53.333035, -120.139473 53.333025, -120.139468 53.333007, -120.139437 53.332994, -120.139405 53.332977, -120.139388 53.332961, -120.139379 53.332941, -120.139378 53.332922, -120.139405 53.332912, -120.139423 53.332896, -120.139422 53.332876, -120.13941 53.332858, -120.139383 53.332844, -120.139348 53.332838, -120.139353 53.332819, -120.139392 53.332815, -120.139384 53.332797, -120.139408 53.332786, -120.139406 53.332758, -120.139402 53.332733, -120.139388 53.332716, -120.139384 53.332711, -120.139377 53.33269, -120.139343 53.332675, -120.139342 53.332657, -120.139318 53.332642, -120.13934 53.332627, -120.139318 53.332607, -120.139292 53.332616, -120.139263 53.332603, -120.139232 53.332604, -120.13924 53.332577, -120.139219 53.332557, -120.139197 53.332543, -120.139166 53.332535, -120.139125 53.332538, -120.139086 53.332536, -120.139065 53.33255, -120.139031 53.332552, -120.138998 53.33254, -120.138965 53.332544, -120.138934 53.332535, -120.138913 53.332522, -120.138878 53.332519, -120.138867 53.332502, -120.138836 53.332506, -120.13879 53.332507, -120.138759 53.332521, -120.138751 53.332527, -120.13873 53.332542, -120.138705 53.332546, -120.138664 53.33255, -120.138641 53.332534, -120.138612 53.332523, -120.138571 53.332527, -120.13855 53.332513, -120.138525 53.332499, -120.138499 53.332484, -120.138504 53.332465, -120.138482 53.332448, -120.138462 53.332427, -120.138429 53.332413, -120.138444 53.332397, -120.138446 53.332379, -120.13845 53.332356, -120.138414 53.332345, -120.138399 53.332317, -120.138379 53.332294, -120.138357 53.332281, -120.138334 53.332268, -120.13831 53.332256, -120.138316 53.332238, -120.138318 53.332215, -120.13828 53.332216, -120.13825 53.332211, -120.138239 53.332233, -120.138216 53.33222, -120.138221 53.332201, -120.138261 53.332205, -120.138248 53.332189, -120.138243 53.332169, -120.138277 53.332166, -120.138298 53.33215, -120.138319 53.332134, -120.138303 53.332116, -120.138342 53.332077, -120.138377 53.332055, -120.13836 53.332034, -120.138353 53.332015, -120.138338 53.331994, -120.138329 53.331973, -120.138311 53.331957, -120.138284 53.331937, -120.13826 53.331926, -120.138248 53.331905, -120.138235 53.331885, -120.138224 53.331869, -120.138215 53.331851, -120.138206 53.331833, -120.138201 53.331815, -120.138178 53.331789, -120.138171 53.331767, -120.138194 53.331755, -120.138172 53.331736, -120.138181 53.331715, -120.138168 53.331696, -120.138156 53.331676, -120.138127 53.331664, -120.138112 53.331647, -120.138092 53.331632, -120.138064 53.331618, -120.13804 53.331596, -120.13803 53.331578, -120.138027 53.331575, -120.138014 53.331561, -120.137986 53.331546, -120.137976 53.331526, -120.137976 53.331506, -120.137956 53.331485, -120.137933 53.331462, -120.137927 53.331443, -120.137903 53.331432, -120.1379 53.331414, -120.137879 53.33139, -120.137871 53.331372, -120.137871 53.331348, -120.137851 53.331334, -120.13782 53.331314, -120.13785 53.331321, -120.137884 53.331319, -120.137915 53.331318, -120.137929 53.331299, -120.13792 53.331278, -120.137887 53.331262, -120.137883 53.331241, -120.137888 53.331222, -120.137906 53.331201, -120.137894 53.331183, -120.137897 53.331164, -120.137873 53.33115, -120.137882 53.331129, -120.137856 53.331104, -120.137854 53.331086, -120.137813 53.331088, -120.137798 53.331069, -120.137777 53.331047, -120.137759 53.33103, -120.137744 53.331011, -120.137754 53.33099, -120.137742 53.33097, -120.137737 53.330947, -120.137773 53.330959, -120.137787 53.33098, -120.137807 53.330993, -120.137797 53.331011, -120.137839 53.331006, -120.137841 53.331006, -120.137818 53.331017, -120.137844 53.33103, -120.137874 53.33103, -120.137904 53.331033, -120.137901 53.331017, -120.137901 53.331016, -120.137899 53.331002, -120.137899 53.331002, -120.137897 53.330994, -120.13789 53.330976, -120.137888 53.330972, -120.137882 53.330958, -120.137876 53.330937, -120.137917 53.330925, -120.137855 53.330913, -120.137863 53.330931, -120.137821 53.330916, -120.137822 53.330898, -120.137831 53.330878, -120.137816 53.330861, -120.137814 53.330858, -120.137793 53.33084, -120.137797 53.330816, -120.137791 53.330796, -120.137779 53.330776, -120.137765 53.330756, -120.137759 53.330752, -120.137756 53.330751, -120.137737 53.330739, -120.137717 53.330717, -120.137701 53.330697, -120.137691 53.33068, -120.137697 53.330661, -120.137672 53.330645, -120.137677 53.330626, -120.137662 53.330611, -120.137657 53.330607, -120.137634 53.330587, -120.137609 53.330566, -120.137585 53.330553, -120.137568 53.330537, -120.137544 53.330519, -120.137544 53.330495, -120.137549 53.330476, -120.137525 53.330459, -120.137528 53.33045, -120.13753 53.330441, -120.137553 53.330426, -120.137549 53.330404, -120.137568 53.330385, -120.137599 53.330389, -120.137568 53.330384, -120.137546 53.330397, -120.137512 53.330372, -120.137486 53.33036, -120.137469 53.330344, -120.137469 53.330344, -120.137457 53.330325, -120.137456 53.330302, -120.137442 53.330282, -120.137409 53.330267, -120.137414 53.330248, -120.137414 53.330225, -120.137384 53.330218, -120.13738 53.330194, -120.137377 53.330175, -120.137382 53.330155, -120.137374 53.330134, -120.1374 53.330117, -120.137434 53.330113, -120.137457 53.330085, -120.137443 53.330065, -120.137415 53.330054, -120.137404 53.330042, -120.137399 53.330036, -120.137389 53.330016, -120.137359 53.330011, -120.137328 53.330001, -120.137306 53.329986, -120.137292 53.329969, -120.137255 53.329971, -120.137241 53.329952, -120.13722 53.329938, -120.137201 53.329924, -120.13718 53.329907, -120.137143 53.329911, -120.137113 53.329903, -120.137095 53.329886, -120.137072 53.329873, -120.13707 53.329892, -120.137036 53.329895, -120.137003 53.329899, -120.137 53.329918, -120.136973 53.329932, -120.136961 53.329952, -120.136941 53.329966, -120.136964 53.329979, -120.136951 53.329996, -120.136928 53.330009, -120.136901 53.330019, -120.136899 53.33004, -120.136897 53.33005, -120.136896 53.330061, -120.136866 53.33005, -120.136819 53.330019, -120.136822 53.330016, -120.136825 53.330013, -120.136838 53.330002, -120.136796 53.329999, -120.136779 53.330004, -120.136766 53.330008, -120.136734 53.329999, -120.136699 53.329985, -120.136705 53.329986, -120.136686 53.329963, -120.136697 53.329957, -120.136712 53.329948, -120.136703 53.32993, -120.136684 53.329916, -120.136676 53.329895, -120.136687 53.329876, -120.136668 53.329862, -120.136647 53.329847, -120.136674 53.329833, -120.136674 53.32981, -120.136666 53.329785, -120.136695 53.329772, -120.136721 53.329763, -120.136709 53.329745, -120.136774 53.329761, -120.136749 53.329749, -120.13674 53.329726, -120.136768 53.329717, -120.136795 53.329705, -120.13682 53.329694, -120.136835 53.329675, -120.13681 53.329663, -120.136785 53.329646, -120.136812 53.329634, -120.136817 53.329615, -120.136836 53.329597, -120.13685 53.329579, -120.13682 53.329558, -120.136843 53.329539, -120.136844 53.329517, -120.136833 53.329497, -120.136852 53.329481, -120.136849 53.329457, -120.136873 53.329444, -120.136898 53.329433, -120.136907 53.329416, -120.136876 53.329396, -120.136857 53.329369, -120.136866 53.329349, -120.136849 53.329326, -120.136838 53.329305, -120.136818 53.32929, -120.136843 53.329277, -120.136861 53.329262, -120.13688 53.329248, -120.136885 53.329218, -120.136879 53.3292, -120.136848 53.329204, -120.136878 53.329199, -120.136912 53.3292, -120.136916 53.329203, -120.136926 53.329189, -120.136898 53.329181, -120.136874 53.329171, -120.136882 53.329152, -120.13691 53.329142, -120.136898 53.329124, -120.136891 53.329107, -120.136908 53.32909, -120.136882 53.32908, -120.136892 53.329062, -120.136926 53.329052, -120.136917 53.329027, -120.136925 53.329008, -120.136963 53.329003, -120.136998 53.328998, -120.137015 53.32898, -120.137019 53.328962, -120.137054 53.328952, -120.137061 53.328929, -120.137079 53.328903, -120.137057 53.328881, -120.137048 53.328862, -120.137032 53.32884, -120.137015 53.328821, -120.137044 53.328815, -120.137063 53.3288, -120.137055 53.328774, -120.137075 53.328753, -120.137099 53.328738, -120.137118 53.328721, -120.137136 53.328706, -120.137162 53.328691, -120.137192 53.328681, -120.137188 53.328663, -120.137201 53.328645, -120.137233 53.328646, -120.137242 53.328629, -120.137268 53.328612, -120.137277 53.328577, -120.137313 53.328575, -120.137336 53.328562, -120.137339 53.328543, -120.137364 53.328531, -120.137385 53.328517, -120.137394 53.328499, -120.137428 53.328502, -120.137451 53.328484, -120.137494 53.328474, -120.13752 53.328463, -120.137496 53.328451, -120.137469 53.328439, -120.137446 53.328427, -120.137408 53.328413, -120.137383 53.3284, -120.13735 53.32838, -120.137313 53.328366, -120.137285 53.328354, -120.137259 53.328341, -120.13724 53.328324, -120.137209 53.328304, -120.13718 53.328293, -120.137152 53.32828, -120.137135 53.328262, -120.137117 53.328241, -120.137107 53.328258, -120.137068 53.328217, -120.137101 53.328227, -120.137124 53.328213, -120.137155 53.328212, -120.137159 53.328193, -120.137162 53.328167, -120.137181 53.328153, -120.137201 53.328139, -120.13724 53.328137, -120.137273 53.328133, -120.137309 53.328133, -120.137331 53.328148, -120.137311 53.328129, -120.137326 53.328109, -120.137326 53.328106, -120.137323 53.328083, -120.13736 53.328088, -120.137386 53.328076, -120.137408 53.328063, -120.137445 53.328064, -120.137463 53.328048, -120.137455 53.328028, -120.137438 53.328013, -120.137444 53.327995, -120.137453 53.327973, -120.137476 53.32796, -120.137513 53.327972, -120.137545 53.327975, -120.137576 53.327959, -120.137549 53.327931, -120.137543 53.327912, -120.137494 53.327904, -120.137458 53.327903, -120.137419 53.32789, -120.137389 53.327892, -120.137365 53.327877, -120.137392 53.32786, -120.137426 53.32786, -120.137432 53.327841, -120.137415 53.327825, -120.137406 53.3278, -120.13739 53.327774, -120.137424 53.32775, -120.137393 53.327704, -120.137363 53.327709, -120.137363 53.32769, -120.13739 53.327677, -120.137414 53.327656, -120.137396 53.327642, -120.137369 53.32763, -120.137346 53.327618, -120.137356 53.327598, -120.137335 53.327585, -120.137316 53.327561, -120.137303 53.327535, -120.137301 53.327515, -120.137287 53.327496, -120.13725 53.327493, -120.137221 53.327484, -120.137194 53.327493, -120.137161 53.32749, -120.13714 53.327485, -120.13714 53.32749, -120.137145 53.327512, -120.137137 53.327533, -120.13712 53.327554, -120.137114 53.327572, -120.1371 53.327592, -120.137071 53.327612, -120.137042 53.327626, -120.137019 53.327641, -120.136998 53.327657, -120.136974 53.32767, -120.136925 53.327682, -120.136929 53.32769, -120.136932 53.327717, -120.136915 53.327698, -120.136914 53.327671, -120.136853 53.327608, -120.136814 53.327636, -120.136831 53.327751, -120.136801 53.327764, -120.136746 53.327757, -120.136748 53.327777, -120.136757 53.327785, -120.136758 53.327785, -120.136758 53.327785, -120.136769 53.327794, -120.136777 53.327813, -120.136769 53.327802, -120.13672 53.327819, -120.136751 53.327822, -120.136776 53.327833, -120.136804 53.327823, -120.136764 53.327838, -120.136738 53.32785, -120.136704 53.32785, -120.136671 53.327845, -120.136649 53.327833, -120.136622 53.327824, -120.136588 53.327814, -120.13656 53.327806, -120.136532 53.327798, -120.136501 53.327796, -120.136512 53.327816, -120.136502 53.327837, -120.136479 53.327862, -120.136489 53.32788, -120.136482 53.327898, -120.136476 53.327917, -120.136473 53.327924, -120.136459 53.327955, -120.136466 53.327974, -120.136496 53.327985, -120.136525 53.32799, -120.136495 53.327993, -120.136443 53.327992, -120.13641 53.32799, -120.136381 53.327978, -120.13639 53.327961, -120.13637 53.327938, -120.136347 53.327924, -120.136328 53.327917, -120.136315 53.327912, -120.13631 53.327907, -120.136293 53.327893, -120.13629 53.327871, -120.136236 53.327852, -120.136206 53.327848, -120.136179 53.327838, -120.136177 53.327808, -120.136138 53.327805, -120.136105 53.327816, -120.136075 53.327826, -120.136071 53.327826, -120.136081 53.327818, -120.136086 53.327797, -120.136075 53.327779, -120.136073 53.327766, -120.136068 53.327761, -120.136027 53.327755, -120.135998 53.32775, -120.135988 53.327749, -120.135998 53.327741, -120.135996 53.327721, -120.135988 53.327707, -120.135987 53.327706, -120.135983 53.3277, -120.135966 53.327684, -120.135956 53.327657, -120.135959 53.327628, -120.135976 53.327609, -120.136002 53.327599, -120.136032 53.32759, -120.13605 53.327574, -120.136051 53.327557, -120.136051 53.327553, -120.136048 53.327527, -120.136053 53.327506, -120.136069 53.327491, -120.13605 53.327476, -120.136049 53.327458, -120.136025 53.327447, -120.136057 53.32745, -120.136079 53.327429, -120.136094 53.327407, -120.1361 53.327402, -120.136061 53.327375, -120.136037 53.327361, -120.13601 53.327339, -120.135988 53.327316, -120.135972 53.327291, -120.135969 53.327259, -120.13596 53.327254, -120.135934 53.32723, -120.135885 53.327213, -120.135862 53.327194, -120.135849 53.327149, -120.135831 53.327123, -120.135822 53.327095, -120.135821 53.32707, -120.135827 53.327058, -120.135813 53.327042, -120.135792 53.327023, -120.135791 53.32701, -120.135791 53.327009, -120.135789 53.327, -120.135805 53.326981, -120.135808 53.326971, -120.135798 53.326963, -120.135792 53.32694, -120.135784 53.326905, -120.135766 53.326876, -120.135766 53.326863, -120.135766 53.326856, -120.135759 53.326838, -120.135761 53.32682, -120.135736 53.326828, -120.135758 53.32681, -120.135751 53.326802, -120.13574 53.32679, -120.135739 53.326785, -120.135736 53.326784, -120.135723 53.326779, -120.135698 53.326766, -120.135684 53.326749, -120.135673 53.326731, -120.135675 53.326712, -120.135644 53.326707, -120.135643 53.326708, -120.135663 53.32672, -120.135639 53.326716, -120.135634 53.326715, -120.135608 53.326705, -120.135578 53.326701, -120.13555 53.326712, -120.13553 53.326726, -120.135516 53.326743, -120.135511 53.326763, -120.135498 53.326781, -120.135509 53.326798, -120.135476 53.326801, -120.135446 53.326798, -120.135415 53.326789, -120.135386 53.326783, -120.135384 53.326792, -120.135389 53.326806, -120.135396 53.326833, -120.135408 53.326883, -120.135419 53.326918, -120.135421 53.32696, -120.135402 53.327015, -120.135397 53.327049, -120.135386 53.327086, -120.135375 53.327123, -120.135379 53.327147, -120.135382 53.327159, -120.135378 53.327166, -120.135387 53.327183, -120.13539 53.327188, -120.135388 53.3272, -120.135386 53.327212, -120.135385 53.327218, -120.135386 53.327211, -120.135377 53.327201, -120.135379 53.327175, -120.135375 53.327171, -120.135367 53.327159, -120.135356 53.327136, -120.135354 53.327129, -120.135349 53.327113, -120.135344 53.327094, -120.135332 53.327072, -120.13532 53.327048, -120.135316 53.327025, -120.135305 53.327001, -120.135306 53.326996, -120.135303 53.32699, -120.135305 53.326967, -120.135314 53.326942, -120.135318 53.326932, -120.13532 53.32691, -120.135324 53.326885, -120.135325 53.32688, -120.135327 53.32686, -120.13533 53.326832, -120.135326 53.326808, -120.135325 53.326783, -120.135327 53.32677, -120.135321 53.326769, -120.135283 53.32678, -120.135253 53.326772, -120.135224 53.326778, -120.135196 53.326787, -120.135174 53.326802, -120.135159 53.326819, -120.135166 53.326837, -120.135187 53.326859, -120.13518 53.326877, -120.135189 53.326894, -120.135203 53.326913, -120.135189 53.32693, -120.13516 53.326944, -120.135161 53.326986, -120.135131 53.326986, -120.135102 53.32698, -120.135095 53.326998, -120.135112 53.327015, -120.135131 53.327033, -120.135143 53.327052, -120.135141 53.327072, -120.135126 53.327089, -120.135157 53.327093, -120.135183 53.327105, -120.135201 53.327132, -120.135177 53.327143, -120.135145 53.327147, -120.135125 53.327165, -120.135101 53.327175, -120.135087 53.327192, -120.135056 53.32721, -120.13503 53.327223, -120.134995 53.327226, -120.134976 53.32724, -120.134954 53.327254, -120.134937 53.327269, -120.134938 53.327291, -120.134892 53.327316, -120.134887 53.327335, -120.134874 53.327352, -120.134887 53.327369, -120.134887 53.32739, -120.134902 53.327409, -120.134922 53.327427, -120.134975 53.327448, -120.135002 53.327459, -120.135034 53.327448, -120.135073 53.327452, -120.135111 53.327463, -120.135086 53.327484, -120.135057 53.327494, -120.13503 53.327504, -120.135045 53.327523, -120.135025 53.32754, -120.135022 53.327559, -120.135002 53.327575, -120.134988 53.327595, -120.134985 53.327615, -120.134975 53.327631, -120.134985 53.327639, -120.134999 53.327657, -120.135 53.327659, -120.135001 53.327662, -120.135006 53.327674, -120.135026 53.32769, -120.135008 53.327714, -120.13497 53.327726, -120.134997 53.327729, -120.135025 53.327745, -120.135001 53.327759, -120.134981 53.327743, -120.134973 53.327731, -120.134957 53.327724, -120.134957 53.327724, -120.134931 53.32772, -120.134917 53.327746, -120.134908 53.327728, -120.134876 53.32772, -120.134846 53.327717, -120.134817 53.327724, -120.134789 53.327716, -120.134771 53.327683, -120.134755 53.327668, -120.134737 53.327668, -120.13474 53.327675, -120.134726 53.327674, -120.134697 53.327675, -120.134701 53.327674, -120.134697 53.327661, -120.13469 53.327661, -120.134682 53.327666, -120.134662 53.327676, -120.134675 53.327694, -120.134642 53.327684, -120.134612 53.327688, -120.134581 53.327698, -120.134556 53.327708, -120.134551 53.327711, -120.134528 53.327723, -120.134543 53.327739, -120.134551 53.327757, -120.134546 53.327775, -120.134518 53.327783, -120.134498 53.327803, -120.134497 53.327821, -120.134497 53.32784, -120.134498 53.327862, -120.134526 53.327871, -120.134549 53.327886, -120.134574 53.327898, -120.134598 53.327909, -120.134622 53.327936, -120.134633 53.327954, -120.134646 53.327978, -120.134636 53.327996, -120.134605 53.328002, -120.134573 53.328015, -120.134562 53.328032, -120.134552 53.32805, -120.134524 53.32806, -120.134496 53.328067, -120.134458 53.32807, -120.134417 53.328072, -120.134425 53.328103, -120.134431 53.328121, -120.13443 53.328146, -120.134436 53.328173, -120.134468 53.328194, -120.134476 53.3282, -120.134495 53.328212, -120.134463 53.328218, -120.134445 53.328233, -120.134419 53.328244, -120.134411 53.328262, -120.134396 53.328278, -120.134366 53.328286, -120.134365 53.328306, -120.134348 53.328324, -120.134362 53.32835, -120.134388 53.328361, -120.134349 53.328375, -120.13432 53.328384, -120.134307 53.328401, -120.134295 53.328419, -120.134313 53.328436, -120.134307 53.328458, -120.134288 53.328472, -120.134241 53.328456, -120.134208 53.32846, -120.134179 53.328452, -120.134164 53.328437, -120.134131 53.32843, -120.134106 53.328414, -120.134097 53.328391, -120.13407 53.328378, -120.134041 53.328364, -120.134026 53.328348, -120.134006 53.328337, -120.133996 53.328341, -120.133993 53.32834, -120.133983 53.328336, -120.133987 53.32834, -120.133987 53.328345, -120.133989 53.328359, -120.133977 53.328355, -120.133989 53.328371, -120.133987 53.328373, -120.133991 53.328383, -120.134024 53.328401, -120.134038 53.328417, -120.134043 53.328452, -120.134049 53.328484, -120.134054 53.328502, -120.134026 53.328512, -120.134013 53.328531, -120.134024 53.32855, -120.134048 53.328565, -120.134079 53.328582, -120.134102 53.328564, -120.134109 53.328583, -120.134113 53.328603, -120.134114 53.328623, -120.134114 53.328624, -120.134088 53.328612, -120.134048 53.328624, -120.134049 53.32863, -120.134049 53.328636, -120.134051 53.328649, -120.134064 53.328645, -120.134072 53.328643, -120.134074 53.328649, -120.13408 53.32866, -120.134094 53.328678, -120.134115 53.328697, -120.134131 53.328712, -120.134145 53.32873, -120.134145 53.328732, -120.134151 53.328735, -120.134166 53.328761, -120.134171 53.328765, -120.134186 53.328775, -120.134214 53.32879, -120.134216 53.328791, -120.134224 53.328795, -120.13425 53.328814, -120.134285 53.328821, -120.134317 53.328819, -120.134362 53.328832, -120.134399 53.328835, -120.134409 53.328837, -120.134428 53.328841, -120.134444 53.328857, -120.134428 53.328873, -120.134437 53.328891, -120.134419 53.328869, -120.134392 53.328868, -120.134377 53.328867, -120.134348 53.32885, -120.134306 53.328849, -120.134269 53.328839, -120.134242 53.328814, -120.134229 53.328831, -120.134193 53.328828, -120.13419 53.32881, -120.134184 53.328816, -120.134182 53.328799, -120.134167 53.328789, -120.134156 53.328765, -120.134121 53.328742, -120.1341 53.328694, -120.134081 53.328685, -120.134056 53.328669, -120.134058 53.328671, -120.134061 53.328694, -120.134056 53.328712, -120.134042 53.328732, -120.134022 53.328747, -120.133996 53.328761, -120.133959 53.328766, -120.133937 53.328788, -120.133915 53.328804, -120.133925 53.328821, -120.133917 53.328835, -120.133914 53.32884, -120.133913 53.328859, -120.133898 53.328883, -120.133869 53.328893, -120.13384 53.328899, -120.133803 53.328898, -120.133769 53.328893, -120.133738 53.328893, -120.133708 53.32889, -120.133675 53.328889, -120.13366 53.328883, -120.133653 53.328886, -120.13364 53.328882, -120.133625 53.328891, -120.133647 53.328905, -120.133627 53.328921, -120.133624 53.328903, -120.133624 53.328903, -120.133621 53.328885, -120.13362 53.328885, -120.133613 53.328894, -120.133613 53.328909, -120.133624 53.328929, -120.133643 53.328952, -120.133641 53.328962, -120.133638 53.328971, -120.133609 53.328975, -120.13358 53.328982, -120.133547 53.328984, -120.133514 53.328988, -120.133486 53.328998, -120.133449 53.32902, -120.133445 53.329, -120.133411 53.329002, -120.13341 53.329002, -120.133376 53.329004, -120.133361 53.329021, -120.133337 53.329033, -120.133304 53.329034, -120.133272 53.329041, -120.133241 53.329032, -120.13321 53.329028, -120.13318 53.329032, -120.133203 53.329047, -120.133202 53.32907, -120.13315 53.329088, -120.133148 53.329121, -120.133129 53.329136, -120.133104 53.329152, -120.133071 53.329158, -120.133039 53.329153, -120.133006 53.32915, -120.13301 53.329127, -120.133012 53.329107, -120.133006 53.329077, -120.132992 53.32906, -120.132993 53.329036, -120.132976 53.32902, -120.132949 53.328998, -120.132921 53.328987, -120.132908 53.32897, -120.132908 53.328969, -120.13288 53.328955, -120.132861 53.328938, -120.132836 53.328918, -120.132867 53.328924, -120.13288 53.328941, -120.132902 53.328943, -120.132906 53.328962, -120.132922 53.328971, -120.132949 53.328962, -120.132959 53.328981, -120.132957 53.328999, -120.132963 53.328981, -120.132995 53.328981, -120.133026 53.328979, -120.133044 53.328996, -120.133058 53.328978, -120.13307 53.328995, -120.133102 53.329004, -120.133101 53.328985, -120.133129 53.328973, -120.133135 53.328974, -120.133139 53.328975, -120.133161 53.32898, -120.133196 53.32898, -120.133181 53.328962, -120.133166 53.328942, -120.133158 53.328919, -120.13319 53.328931, -120.133222 53.328933, -120.133251 53.32892, -120.133279 53.328911, -120.133306 53.328898, -120.133341 53.328907, -120.133355 53.328903, -120.133378 53.328897, -120.133399 53.328883, -120.133409 53.328864, -120.133396 53.328842, -120.133393 53.328824, -120.13339 53.328801, -120.133406 53.328793, -120.133417 53.328788, -120.133431 53.328802, -120.133439 53.328787, -120.133446 53.328768, -120.133447 53.328591, -120.133481 53.328598, -120.133493 53.328711, -120.133512 53.328694, -120.133534 53.32868, -120.133577 53.328679, -120.133605 53.328684, -120.133621 53.328682, -120.133621 53.328678, -120.133625 53.328657, -120.133626 53.328639, -120.133657 53.328628, -120.133653 53.328604, -120.133686 53.328596, -120.133718 53.328602, -120.133753 53.328599, -120.133789 53.328603, -120.13379 53.328584, -120.13376 53.328566, -120.133792 53.328575, -120.133811 53.328589, -120.133814 53.328582, -120.13382 53.328572, -120.133822 53.328567, -120.133838 53.328541, -120.133839 53.328539, -120.133838 53.328539, -120.13382 53.328534, -120.133814 53.328532, -120.133811 53.328532, -120.133806 53.32853, -120.133807 53.328527, -120.133808 53.328525, -120.133837 53.32852, -120.133839 53.328502, -120.133844 53.328481, -120.133812 53.328476, -120.133845 53.328477, -120.133876 53.328463, -120.133889 53.328444, -120.133926 53.328438, -120.133945 53.32842, -120.133961 53.328403, -120.133963 53.328382, -120.133968 53.328325, -120.134021 53.32833, -120.134052 53.328328, -120.134098 53.328319, -120.134129 53.32831, -120.134158 53.328302, -120.134126 53.328308, -120.134102 53.328296, -120.134118 53.328272, -120.134128 53.328256, -120.134126 53.328256, -120.134132 53.328247, -120.134133 53.32824, -120.134133 53.328238, -120.134138 53.328237, -120.134164 53.32823, -120.134202 53.32824, -120.134238 53.328229, -120.134273 53.328209, -120.13429 53.328193, -120.134321 53.328179, -120.134273 53.328167, -120.134228 53.328163, -120.134199 53.328152, -120.1342 53.328133, -120.134224 53.328121, -120.134262 53.328119, -120.134286 53.328107, -120.134319 53.328089, -120.134309 53.328106, -120.134327 53.328079, -120.134333 53.328062, -120.134346 53.32804, -120.134376 53.328028, -120.134402 53.328011, -120.134424 53.327997, -120.134384 53.327997, -120.134407 53.327976, -120.134423 53.327974, -120.134402 53.327957, -120.134384 53.327937, -120.1344 53.327911, -120.13437 53.327918, -120.134337 53.327924, -120.134309 53.327915, -120.13431 53.327897, -120.134324 53.327878, -120.134335 53.327858, -120.134359 53.327819, -120.134363 53.327808, -120.134346 53.327797, -120.134337 53.327787, -120.134337 53.327786, -120.134334 53.327783, -120.134339 53.327781, -120.134343 53.327782, -120.134381 53.327758, -120.134374 53.327737, -120.134395 53.327721, -120.134419 53.327711, -120.134416 53.327692, -120.134445 53.327684, -120.134476 53.327666, -120.134483 53.327665, -120.134503 53.32766, -120.134511 53.327646, -120.134504 53.327621, -120.134512 53.327599, -120.134539 53.327612, -120.134549 53.327594, -120.134569 53.327581, -120.134534 53.327575, -120.134524 53.327558, -120.134507 53.327541, -120.134463 53.327538, -120.134451 53.32752, -120.134433 53.327503, -120.134463 53.327504, -120.134508 53.327515, -120.134542 53.327511, -120.13458 53.327519, -120.134588 53.327522, -120.134588 53.327522, -120.134619 53.327522, -120.134635 53.327463, -120.134652 53.327447, -120.134653 53.327446, -120.13465 53.327439, -120.134665 53.327422, -120.134684 53.327406, -120.134699 53.327382, -120.134688 53.327389, -120.134673 53.327407, -120.134677 53.327377, -120.134656 53.327363, -120.134665 53.327345, -120.134666 53.327342, -120.134681 53.327349, -120.13472 53.327349, -120.134728 53.32733, -120.134711 53.327316, -120.134717 53.327297, -120.134709 53.327277, -120.134712 53.327257, -120.134712 53.327252, -120.134741 53.327258, -120.134754 53.327231, -120.134737 53.327214, -120.134769 53.327199, -120.134796 53.327184, -120.134761 53.32718, -120.134759 53.327161, -120.134752 53.327139, -120.134769 53.327119, -120.134788 53.32711, -120.134759 53.327101, -120.134752 53.327081, -120.134784 53.32708, -120.134812 53.327072, -120.134814 53.327073, -120.134842 53.327065, -120.134792 53.327061, -120.134782 53.327041, -120.134814 53.32703, -120.134844 53.327025, -120.134843 53.327004, -120.134854 53.326987, -120.134867 53.326969, -120.13487 53.32695, -120.134869 53.326938, -120.134846 53.326945, -120.134858 53.326937, -120.134844 53.326939, -120.13485 53.326921, -120.134874 53.326904, -120.134888 53.326888, -120.134892 53.326869, -120.134922 53.326854, -120.134953 53.326847, -120.134892 53.326861, -120.134867 53.326873, -120.134867 53.326849, -120.134857 53.32683, -120.134854 53.326812, -120.134839 53.326793, -120.134883 53.326784, -120.134913 53.326778, -120.13494 53.326765, -120.134959 53.326804, -120.134979 53.326779, -120.134996 53.326764, -120.135018 53.326744, -120.135026 53.326762, -120.135061 53.326769, -120.135094 53.326771, -120.135109 53.326754, -120.135116 53.326734, -120.13513 53.326715, -120.135161 53.326728, -120.135163 53.326707, -120.13518 53.326692, -120.135204 53.326709, -120.135234 53.326722, -120.135241 53.326743, -120.135269 53.326724, -120.135274 53.326706, -120.135271 53.326681, -120.135276 53.326662, -120.135315 53.326663, -120.135326 53.326644, -120.135362 53.326665, -120.135374 53.326647, -120.135404 53.326642, -120.135434 53.326648, -120.135422 53.32667, -120.135446 53.326646, -120.135477 53.326638, -120.135511 53.326631, -120.135539 53.326612, -120.135576 53.326616, -120.135604 53.3266, -120.135599 53.326581, -120.135584 53.326569, -120.134561 53.326078, -120.134398 53.326, -120.134398 53.326024, -120.134394 53.326031, -120.134381 53.326049, -120.134379 53.326068, -120.134373 53.326085, -120.13436 53.326102, -120.134387 53.326118, -120.134401 53.326123, -120.134422 53.32613, -120.134458 53.326137, -120.134485 53.326147, -120.13451 53.326161, -120.134513 53.326184, -120.134494 53.326199, -120.134459 53.3262, -120.134419 53.326204, -120.134403 53.326205, -120.134385 53.326206, -120.134375 53.326223, -120.134388 53.326247, -120.134358 53.326238, -120.134322 53.326229, -120.134304 53.326213, -120.13428 53.326197, -120.134278 53.326171, -120.13427 53.326152, -120.13429 53.326133, -120.134246 53.326126, -120.134233 53.326109, -120.134216 53.326092, -120.134192 53.326074, -120.134157 53.326055, -120.13414 53.326039, -120.134127 53.326021, -120.134113 53.325999, -120.134117 53.325977, -120.134067 53.325976, -120.134034 53.325963, -120.134036 53.325944, -120.134015 53.325928, -120.133991 53.325911, -120.133958 53.325913, -120.133952 53.325895, -120.133894 53.325891, -120.133881 53.325874, -120.133903 53.325858, -120.133919 53.325835, -120.133946 53.325819, -120.133944 53.3258, -120.133901 53.32581, -120.133875 53.325799, -120.133847 53.325809, -120.133815 53.325803, -120.133791 53.325781, -120.133794 53.325779, -120.13378 53.325776, -120.133791 53.325772, -120.133789 53.325771, -120.133767 53.325746, -120.133765 53.325743, -120.133745 53.325745, -120.133741 53.325743, -120.133744 53.325722, -120.133788 53.325714, -120.13382 53.325685, -120.133844 53.325665, -120.13386 53.325643, -120.133853 53.325625, -120.133832 53.32561, -120.133827 53.325591, -120.133861 53.325581, -120.133892 53.325565, -120.133745 53.325449, -120.133551 53.325295, -120.133544 53.325305, -120.133503 53.325298, -120.133466 53.325298, -120.133431 53.325299, -120.133401 53.325285, -120.133368 53.325283, -120.133338 53.325287, -120.133326 53.325305, -120.133302 53.325318, -120.133265 53.325336, -120.133257 53.325355, -120.133259 53.325374, -120.133268 53.325399, -120.133255 53.325417, -120.133251 53.325438, -120.133254 53.325459, -120.13328 53.325485, -120.133319 53.325489, -120.133332 53.325511, -120.133295 53.325517, -120.133283 53.325538, -120.133261 53.325557, -120.133262 53.325576, -120.13326 53.325596, -120.133242 53.325614, -120.133271 53.325621, -120.133288 53.325636, -120.133309 53.325654, -120.13334 53.325672, -120.133368 53.325679, -120.133405 53.325684, -120.133431 53.325696, -120.133424 53.325722, -120.133455 53.325729, -120.133486 53.325728, -120.133474 53.32575, -120.133466 53.325765, -120.133321 53.325933, -120.133294 53.325964, -120.133264 53.325954, -120.133244 53.325973, -120.133232 53.325991, -120.13321 53.326003, -120.133237 53.32602, -120.133254 53.326037, -120.133237 53.326057, -120.133207 53.326069, -120.133214 53.326079, -120.133212 53.32608, -120.133203 53.326098, -120.133183 53.326113, -120.133178 53.326128, -120.133176 53.326135, -120.13322 53.326125, -120.133191 53.326144, -120.133162 53.326156, -120.133127 53.326156, -120.133092 53.326146, -120.133069 53.326133, -120.13304 53.326119, -120.133003 53.326122, -120.133005 53.326143, -120.13299 53.326159, -120.132977 53.326176, -120.132948 53.326191, -120.132912 53.32619, -120.132892 53.326203, -120.13289 53.326222, -120.132891 53.326248, -120.132901 53.326265, -120.132898 53.326286, -120.13286 53.326296, -120.132828 53.326296, -120.132798 53.326301, -120.132784 53.326323, -120.13275 53.32633, -120.132719 53.326343, -120.132719 53.326343, -120.132711 53.326347, -120.132724 53.326365, -120.132755 53.326376, -120.132745 53.326393, -120.132719 53.326406, -120.132738 53.326428, -120.132762 53.326446, -120.132753 53.326463, -120.132767 53.326485, -120.132776 53.326504, -120.132753 53.326519, -120.132752 53.32652, -120.132719 53.326527, -120.132748 53.326539, -120.132707 53.326551, -120.132684 53.326563, -120.132737 53.326598, -120.132746 53.326618, -120.132773 53.326632, -120.13278 53.326651, -120.132782 53.32667, -120.132803 53.326684, -120.13282 53.326703, -120.132849 53.326722, -120.132866 53.326738, -120.1329 53.326749, -120.13293 53.326758, -120.132968 53.326764, -120.132998 53.326767, -120.133032 53.326782, -120.133062 53.326799, -120.133081 53.326813, -120.133075 53.326833, -120.133094 53.326848, -120.133127 53.32685, -120.133145 53.32687, -120.133172 53.326883, -120.133206 53.326904, -120.133193 53.326922, -120.133206 53.326943, -120.133227 53.326958, -120.133247 53.326972, -120.133248 53.326973, -120.133273 53.326987, -120.133298 53.327003, -120.133295 53.327022, -120.13328 53.327039, -120.133272 53.327061, -120.133303 53.327072, -120.133313 53.32709, -120.13335 53.327095, -120.133383 53.327105, -120.133346 53.327112, -120.133317 53.327102, -120.13334 53.327126, -120.133307 53.32712, -120.133275 53.327118, -120.133248 53.327128, -120.133226 53.327113, -120.133204 53.327098, -120.133179 53.327086, -120.133172 53.327067, -120.133141 53.327064, -120.133109 53.327063, -120.133072 53.32706, -120.133032 53.327064, -120.133002 53.327049, -120.132978 53.327032, -120.132947 53.327023, -120.13291 53.327019, -120.132887 53.327003, -120.132874 53.326986, -120.132876 53.326965, -120.132825 53.326963, -120.132786 53.326945, -120.132765 53.326932, -120.132741 53.326917, -120.132716 53.326906, -120.132692 53.326892, -120.132644 53.326882, -120.132612 53.326884, -120.13259 53.326868, -120.132562 53.326847, -120.132539 53.326829, -120.132524 53.326816, -120.132505 53.326817, -120.132478 53.326807, -120.13246 53.326791, -120.132438 53.326775, -120.132416 53.326761, -120.132398 53.326744, -120.132372 53.326752, -120.13236 53.326756, -120.132334 53.326746, -120.132354 53.326724, -120.132345 53.326698, -120.132318 53.326688, -120.132313 53.326669, -120.132309 53.326641, -120.132282 53.326625, -120.132248 53.326616, -120.132228 53.326601, -120.132209 53.326584, -120.132202 53.326565, -120.132173 53.326553, -120.132161 53.326533, -120.132144 53.326518, -120.132113 53.326512, -120.132105 53.32649, -120.132103 53.326484, -120.132073 53.326483, -120.132054 53.326502, -120.132033 53.326518, -120.132018 53.326535, -120.131979 53.326533, -120.131943 53.326533, -120.131977 53.326525, -120.131985 53.326512, -120.131957 53.326516, -120.131982 53.326509, -120.131975 53.326505, -120.131966 53.3265, -120.131935 53.3265, -120.131897 53.326473, -120.131869 53.326472, -120.131896 53.326399, -120.131911 53.326381, -120.131903 53.326373, -120.131898 53.326364, -120.131922 53.32635, -120.131957 53.32634, -120.131959 53.326338, -120.131975 53.326323, -120.131952 53.32631, -120.13195 53.326288, -120.131916 53.326277, -120.131906 53.326259, -120.131912 53.326239, -120.131912 53.326239, -120.131918 53.32622, -120.131926 53.326202, -120.131926 53.326181, -120.131959 53.326176, -120.131988 53.326167, -120.131991 53.326147, -120.132002 53.326129, -120.132014 53.326105, -120.131978 53.326099, -120.131958 53.326085, -120.131994 53.326087, -120.13204 53.326092, -120.132069 53.326089, -120.132076 53.326069, -120.132107 53.326076, -120.132102 53.326098, -120.132088 53.326121, -120.132073 53.326139, -120.132091 53.326157, -120.132087 53.326176, -120.1321 53.326195, -120.132131 53.326199, -120.132165 53.326199, -120.132178 53.326203, -120.132193 53.326208, -120.132226 53.326212, -120.132263 53.326217, -120.1323 53.326216, -120.13233 53.326217, -120.132358 53.326206, -120.132382 53.326214, -120.132386 53.326199, -120.132388 53.326198, -120.132388 53.326196, -120.132389 53.326195, -120.132388 53.326195, -120.132354 53.326193, -120.132357 53.326169, -120.13236 53.326151, -120.132389 53.326157, -120.132396 53.326176, -120.132427 53.326177, -120.132439 53.326197, -120.132442 53.326179, -120.132463 53.326164, -120.132506 53.326157, -120.132535 53.326176, -120.132554 53.326161, -120.132559 53.326189, -120.132576 53.326204, -120.132602 53.326194, -120.132636 53.326173, -120.132635 53.326129, -120.132671 53.326124, -120.132687 53.326142, -120.132722 53.326145, -120.132726 53.326168, -120.132762 53.326177, -120.132755 53.326154, -120.13273 53.326139, -120.132712 53.326116, -120.132703 53.326093, -120.132675 53.326081, -120.132632 53.326078, -120.13261 53.326066, -120.1326 53.326045, -120.132581 53.326023, -120.132592 53.326006, -120.132612 53.32599, -120.132624 53.326007, -120.132641 53.326027, -120.132685 53.326024, -120.132705 53.326026, -120.1327 53.325998, -120.132703 53.325976, -120.132757 53.325981, -120.13279 53.32598, -120.13282 53.325978, -120.132807 53.325963, -120.132847 53.325963, -120.132877 53.325958, -120.132932 53.325955, -120.132952 53.325941, -120.132975 53.325955, -120.133004 53.325946, -120.133048 53.325931, -120.133062 53.325914, -120.133039 53.325901, -120.133008 53.325898, -120.132984 53.325887, -120.132973 53.325862, -120.132981 53.325841, -120.132981 53.325828, -120.132981 53.325827, -120.132981 53.325821, -120.133013 53.325817, -120.13303 53.325797, -120.133063 53.325797, -120.133096 53.325798, -120.133127 53.325798, -120.133163 53.325804, -120.133191 53.325812, -120.133208 53.325819, -120.133212 53.325776, -120.133192 53.325759, -120.133203 53.325741, -120.13319 53.32573, -120.133153 53.325722, -120.133127 53.325711, -120.133094 53.32571, -120.133064 53.325699, -120.13305 53.325676, -120.133067 53.325657, -120.133079 53.325637, -120.133075 53.325631, -120.133065 53.325616, -120.133102 53.325612, -120.133098 53.325589, -120.133115 53.325571, -120.133086 53.325549, -120.133075 53.325526, -120.133054 53.325527, -120.13303 53.325513, -120.133004 53.325504, -120.132973 53.325504, -120.132945 53.325494, -120.132929 53.325477, -120.132913 53.325459, -120.132893 53.325442, -120.132888 53.325425, -120.132856 53.325426, -120.13282 53.325435, -120.13279 53.325433, -120.132758 53.325425, -120.132721 53.325427, -120.132685 53.325426, -120.132654 53.325439, -120.132631 53.325452, -120.132599 53.325464, -120.132587 53.325446, -120.132598 53.325428, -120.132593 53.325408, -120.132574 53.325391, -120.132565 53.325373, -120.132567 53.325354, -120.132531 53.325338, -120.132509 53.325322, -120.132496 53.3253, -120.132482 53.325281, -120.132465 53.325265, -120.132457 53.325244, -120.132422 53.325232, -120.132391 53.325232, -120.132367 53.325244, -120.132344 53.325232, -120.132348 53.325212, -120.132381 53.325208, -120.132405 53.325196, -120.132442 53.3252, -120.132482 53.325196, -120.132497 53.325215, -120.132532 53.325203, -120.132567 53.325207, -120.132603 53.325207, -120.132607 53.325189, -120.13262 53.325176, -120.132632 53.325178, -120.132645 53.325186, -120.132633 53.325179, -120.132635 53.325179, -120.132668 53.325189, -120.132699 53.32518, -120.132719 53.325157, -120.132735 53.32514, -120.132749 53.325119, -120.132777 53.32511, -120.132792 53.325094, -120.1328 53.325074, -120.132802 53.325049, -120.1328 53.32503, -120.132796 53.325013, -120.132795 53.325008, -120.132789 53.324989, -120.132786 53.324965, -120.132866 53.32494, -120.132141 53.32478, -120.132039 53.324768, -120.132025 53.324744, -120.131996 53.324736, -120.131991 53.324735, -120.131962 53.324729, -120.131955 53.324727, -120.131938 53.324724, -120.131927 53.324741, -120.131912 53.324725, -120.131909 53.324719, -120.131904 53.324713, -120.131907 53.32471, -120.131899 53.324705, -120.131897 53.324703, -120.1319 53.324698, -120.131912 53.324674, -120.131878 53.324667, -120.131866 53.32463, -120.131833 53.32463, -120.131818 53.324613, -120.131789 53.324622, -120.131756 53.324626, -120.131784 53.324607, -120.131804 53.324598, -120.131798 53.324578, -120.131769 53.324573, -120.131766 53.324593, -120.131728 53.324579, -120.131729 53.324576, -120.131732 53.324564, -120.131732 53.324562, -120.131732 53.324561, -120.131715 53.324545, -120.131699 53.324527, -120.131659 53.324515, -120.131663 53.324495, -120.131639 53.324482, -120.131596 53.324482, -120.131554 53.324482, -120.131521 53.324485, -120.131497 53.324497, -120.131474 53.32452, -120.131468 53.324537, -120.131469 53.324557, -120.131469 53.324577, -120.131454 53.324597, -120.131462 53.324617, -120.131481 53.324642, -120.131477 53.324659, -120.131468 53.324697, -120.131442 53.324713, -120.131426 53.324714, -120.131403 53.324725, -120.131388 53.324729, -120.131366 53.324734, -120.13134 53.324748, -120.131313 53.324732, -120.13128 53.324733, -120.131258 53.324753, -120.131255 53.324782, -120.131222 53.324793, -120.131216 53.324822, -120.131214 53.324849, -120.131187 53.324885, -120.131152 53.324888, -120.131117 53.324885, -120.13108 53.324901, -120.131041 53.324901, -120.131024 53.324882, -120.131015 53.324899, -120.13099 53.324913, -120.13097 53.324931, -120.130972 53.324951, -120.130967 53.324963, -120.130936 53.324964, -120.130905 53.32496, -120.130871 53.324957, -120.13087 53.324957, -120.130861 53.324956, -120.130872 53.324963, -120.130875 53.324975, -120.130841 53.324972, -120.130815 53.324984, -120.130789 53.324995, -120.130785 53.324997, -120.130756 53.325009, -120.130707 53.325005, -120.130676 53.325005, -120.130692 53.325022, -120.130722 53.325032, -120.130699 53.325053, -120.130688 53.325076, -120.130724 53.325083, -120.130723 53.325104, -120.130697 53.32509, -120.130682 53.325108, -120.13068 53.325127, -120.130692 53.325146, -120.130646 53.325124, -120.130612 53.325123, -120.130568 53.325118, -120.130572 53.325137, -120.130542 53.325161, -120.130511 53.325156, -120.130468 53.325154, -120.130431 53.325149, -120.130403 53.32514, -120.130373 53.325116, -120.130342 53.325097, -120.130317 53.325085, -120.130256 53.325091, -120.130268 53.325113, -120.13031 53.325098, -120.130285 53.325113, -120.130271 53.325131, -120.130261 53.325149, -120.130269 53.325168, -120.130283 53.325194, -120.130311 53.325215, -120.130332 53.325227, -120.130334 53.325228, -120.130302 53.325231, -120.130315 53.325251, -120.130279 53.325266, -120.130257 53.32528, -120.130233 53.325291, -120.130226 53.325312, -120.130215 53.325338, -120.130213 53.325357, -120.130202 53.325381, -120.130244 53.325388, -120.130278 53.325378, -120.130308 53.325388, -120.130344 53.325403, -120.130375 53.325387, -120.130374 53.325417, -120.130363 53.325436, -120.130334 53.325429, -120.130283 53.325418, -120.130297 53.325434, -120.130291 53.325461, -120.130299 53.325485, -120.130327 53.325503, -120.130338 53.325522, -120.130337 53.325532, -120.130337 53.325533, -120.130335 53.325551, -120.130342 53.325561, -120.13037 53.325557, -120.130346 53.325569, -120.130346 53.325568, -120.130322 53.32558, -120.130327 53.325564, -120.130325 53.325564, -120.130301 53.325587, -120.13027 53.325588, -120.130264 53.325614, -120.130298 53.325619, -120.130344 53.325632, -120.130346 53.32566, -120.130364 53.325675, -120.130409 53.325668, -120.130442 53.32566, -120.13043 53.325677, -120.130468 53.325682, -120.13047 53.325706, -120.130438 53.325694, -120.13043 53.325714, -120.130408 53.325738, -120.130393 53.32576, -120.13038 53.325751, -120.130376 53.325764, -120.130351 53.325778, -120.130342 53.325779, -120.130345 53.325786, -120.130327 53.325782, -120.130321 53.325783, -120.130322 53.325781, -120.130313 53.325779, -120.130273 53.325768, -120.130273 53.325769, -120.130244 53.325763, -120.130206 53.325769, -120.130189 53.325785, -120.130157 53.325792, -120.130156 53.325792, -120.130137 53.325785, -120.130127 53.325781, -120.130118 53.3258, -120.130082 53.325811, -120.130049 53.325806, -120.130036 53.325785, -120.130028 53.325782, -120.130009 53.325789, -120.129982 53.325803, -120.129954 53.325811, -120.129928 53.325827, -120.129903 53.325841, -120.129872 53.325839, -120.129823 53.325857, -120.129791 53.325849, -120.129759 53.325845, -120.129738 53.325829, -120.129675 53.325819, -120.129641 53.325811, -120.129608 53.32581, -120.129582 53.325797, -120.129575 53.325777, -120.129598 53.325763, -120.129598 53.325742, -120.129626 53.325734, -120.12965 53.325723, -120.12968 53.325725, -120.1297 53.325706, -120.129733 53.32572, -120.129749 53.325702, -120.129768 53.325685, -120.129786 53.32567, -120.129819 53.325649, -120.129791 53.325642, -120.129763 53.32563, -120.129736 53.325639, -120.129676 53.325629, -120.129673 53.325607, -120.129706 53.325592, -120.129733 53.325571, -120.129756 53.32555, -120.129776 53.325534, -120.129773 53.325504, -120.129768 53.325484, -120.129752 53.325457, -120.129776 53.325436, -120.129794 53.325418, -120.129827 53.325408, -120.129834 53.325407, -120.12982 53.32539, -120.129814 53.325381, -120.12981 53.325374, -120.129828 53.325372, -120.129861 53.325365, -120.129865 53.325356, -120.12987 53.325339, -120.129883 53.325309, -120.129903 53.325294, -120.129923 53.325279, -120.129948 53.325269, -120.129973 53.325258, -120.129984 53.325237, -120.130018 53.32524, -120.129996 53.325218, -120.129994 53.325198, -120.130025 53.325192, -120.130012 53.325171, -120.130017 53.325144, -120.130039 53.325158, -120.130064 53.325138, -120.130091 53.325123, -120.13009 53.325122, -120.130058 53.325113, -120.130024 53.325121, -120.130034 53.325099, -120.130026 53.325078, -120.130036 53.325061, -120.130036 53.32503, -120.130045 53.325017, -120.130048 53.325012, -120.130022 53.325001, -120.129989 53.324987, -120.129961 53.32498, -120.129934 53.324971, -120.129917 53.324949, -120.129926 53.324929, -120.1299 53.324919, -120.129929 53.324908, -120.129909 53.324889, -120.129883 53.324877, -120.129857 53.324864, -120.12984 53.324838, -120.129834 53.324818, -120.129798 53.32482, -120.129763 53.324823, -120.129735 53.324814, -120.129701 53.324806, -120.12966 53.3248, -120.129635 53.324788, -120.129643 53.32477, -120.129658 53.324751, -120.129664 53.324728, -120.129646 53.324712, -120.129631 53.324696, -120.12961 53.324678, -120.129575 53.324663, -120.129542 53.324649, -120.1295 53.324645, -120.129472 53.324639, -120.129479 53.324625, -120.129473 53.324603, -120.129473 53.32458, -120.129454 53.32456, -120.129434 53.324543, -120.129415 53.324525, -120.129395 53.32451, -120.129375 53.324495, -120.12935 53.324477, -120.129317 53.324472, -120.129275 53.324462, -120.129268 53.324461, -120.129237 53.324445, -120.129206 53.324429, -120.1292 53.32441, -120.129193 53.32439, -120.129187 53.324372, -120.129179 53.324345, -120.12916 53.32436, -120.129126 53.324374, -120.129105 53.32439, -120.129078 53.324405, -120.129065 53.324423, -120.129043 53.324399, -120.129038 53.324381, -120.129064 53.324363, -120.129093 53.324354, -120.129118 53.324344, -120.129092 53.32433, -120.129051 53.324321, -120.129021 53.324311, -120.128977 53.32428, -120.128967 53.324262, -120.128934 53.324256, -120.128903 53.324243, -120.128874 53.324227, -120.128845 53.32421, -120.128849 53.324191, -120.128832 53.324175, -120.128801 53.324173, -120.128787 53.324156, -120.128776 53.324131, -120.128743 53.324127, -120.128718 53.324116, -120.128733 53.324099, -120.128727 53.32409, -120.128735 53.324089, -120.12877 53.324075, -120.128803 53.324063, -120.128824 53.32405, -120.128848 53.324038, -120.128858 53.324015, -120.128867 53.323991, -120.128873 53.323968, -120.128898 53.323956, -120.128928 53.323938, -120.12891 53.323922, -120.128898 53.323904, -120.128895 53.323885, -120.128888 53.323865, -120.128874 53.323845, -120.128864 53.323825, -120.128835 53.323835, -120.128807 53.32382, -120.128785 53.323806, -120.128789 53.323788, -120.128759 53.323785, -120.128775 53.323768, -120.128762 53.323748, -120.128748 53.323729, -120.128729 53.323704, -120.128736 53.323686, -120.128721 53.323657, -120.128693 53.323644, -120.128669 53.323627, -120.12867 53.323606, -120.128639 53.323601, -120.128665 53.323586, -120.128656 53.323558, -120.128674 53.323542, -120.128693 53.32356, -120.128672 53.323538, -120.128685 53.32352, -120.128695 53.323497, -120.128707 53.323479, -120.128677 53.323483, -120.128649 53.323473, -120.128623 53.323462, -120.128603 53.323441, -120.128615 53.323416, -120.12866 53.323382, -120.128699 53.32337, -120.128722 53.32335, -120.128732 53.323347, -120.128772 53.323336, -120.128804 53.323329, -120.128802 53.323311, -120.128806 53.32329, -120.128805 53.323269, -120.12879 53.323247, -120.12879 53.323228, -120.128826 53.323228, -120.128826 53.323208, -120.128833 53.32319, -120.128866 53.323192, -120.128886 53.323172, -120.128876 53.323144, -120.128908 53.323123, -120.128915 53.323099, -120.128927 53.32308, -120.128959 53.323068, -120.128927 53.323075, -120.128893 53.323068, -120.128873 53.323047, -120.128863 53.323025, -120.128874 53.323006, -120.128904 53.322982, -120.128878 53.322972, -120.128896 53.322957, -120.128902 53.322933, -120.128901 53.322923, -120.128886 53.322924, -120.128889 53.322921, -120.128876 53.322904, -120.128857 53.322886, -120.128856 53.32288, -120.128853 53.322871, -120.128851 53.322862, -120.128856 53.322835, -120.12887 53.322816, -120.128861 53.322806, -120.128832 53.322784, -120.128801 53.322786, -120.128767 53.322793, -120.128735 53.322798, -120.128701 53.322777, -120.128727 53.32275, -120.128747 53.322729, -120.128768 53.322702, -120.128746 53.322685, -120.128773 53.322676, -120.128779 53.322646, -120.128745 53.322644, -120.128737 53.322628, -120.128802 53.32258, -120.128797 53.322562, -120.128765 53.322546, -120.12878 53.322529, -120.128776 53.322529, -120.128787 53.322523, -120.128805 53.322511, -120.128811 53.322507, -120.128831 53.32249, -120.128862 53.322482, -120.128893 53.322468, -120.128888 53.322466, -120.128909 53.322461, -120.128892 53.322438, -120.128866 53.322417, -120.12884 53.322405, -120.12881 53.322429, -120.12881 53.322407, -120.128821 53.322385, -120.128816 53.322366, -120.128833 53.322347, -120.128817 53.322331, -120.128787 53.322325, -120.12877 53.322307, -120.128815 53.322246, -120.128877 53.322188, -120.128917 53.322158, -120.128907 53.322129, -120.12895 53.322082, -120.128918 53.322087, -120.128898 53.322102, -120.128869 53.322109, -120.12885 53.322093, -120.128817 53.322095, -120.12877 53.322078, -120.128758 53.322055, -120.128729 53.322045, -120.128711 53.32203, -120.128718 53.322011, -120.128675 53.322007, -120.128647 53.321995, -120.128607 53.321983, -120.128612 53.321957, -120.128556 53.321968, -120.128526 53.321965, -120.128481 53.321945, -120.128461 53.321915, -120.128509 53.321915, -120.128542 53.321902, -120.128558 53.321922, -120.12859 53.321905, -120.128632 53.321903, -120.128665 53.321901, -120.128689 53.321886, -120.128716 53.321867, -120.128733 53.321846, -120.128786 53.321825, -120.128759 53.321834, -120.128733 53.321824, -120.128699 53.321808, -120.128677 53.321809, -120.128677 53.321806, -120.128642 53.3218, -120.128603 53.321796, -120.128593 53.321777, -120.128588 53.321753, -120.128552 53.32177, -120.128569 53.321747, -120.128546 53.321732, -120.128531 53.321755, -120.128529 53.321729, -120.12853 53.321708, -120.12852 53.321689, -120.128527 53.32167, -120.128505 53.321652, -120.128477 53.321619, -120.128461 53.321603, -120.12845 53.321583, -120.128421 53.321591, -120.128402 53.321607, -120.128371 53.321609, -120.128334 53.3216, -120.128297 53.321594, -120.128291 53.321574, -120.128275 53.321553, -120.128234 53.321548, -120.128203 53.321553, -120.128173 53.321549, -120.128152 53.321566, -120.12815 53.321544, -120.128136 53.321525, -120.128103 53.321516, -120.128072 53.321524, -120.128041 53.321533, -120.128015 53.321545, -120.128015 53.321557, -120.128017 53.321556, -120.128048 53.321556, -120.12805 53.32156, -120.128071 53.321564, -120.128061 53.321582, -120.128016 53.321572, -120.127967 53.32159, -120.127965 53.321571, -120.127987 53.321545, -120.128014 53.321528, -120.128002 53.321508, -120.128014 53.321481, -120.127977 53.321481, -120.127966 53.321463, -120.127934 53.321459, -120.127904 53.321461, -120.127902 53.321445, -120.127901 53.321433, -120.1279 53.321411, -120.127909 53.321393, -120.127947 53.32137, -120.127947 53.321368, -120.127957 53.321342, -120.127946 53.32136, -120.127949 53.321341, -120.127965 53.321313, -120.12798 53.321297, -120.127931 53.321311, -120.127901 53.321304, -120.127885 53.321287, -120.127854 53.321294, -120.127819 53.321279, -120.127813 53.32126, -120.127799 53.321242, -120.127796 53.321234, -120.12779 53.321215, -120.12775 53.32121, -120.127703 53.321218, -120.127665 53.321215, -120.127621 53.321219, -120.127585 53.321228, -120.127556 53.321216, -120.127571 53.321198, -120.12763 53.321178, -120.127648 53.32116, -120.127632 53.321141, -120.127629 53.321121, -120.127648 53.321103, -120.127649 53.321082, -120.127618 53.321087, -120.127581 53.321075, -120.127552 53.321061, -120.127526 53.321049, -120.127483 53.321046, -120.127449 53.32105, -120.127398 53.321061, -120.127381 53.321044, -120.127379 53.321039, -120.127379 53.321038, -120.127373 53.321021, -120.127346 53.321008, -120.127317 53.321, -120.127288 53.320988, -120.127248 53.320983, -120.127234 53.32096, -120.127247 53.320942, -120.127214 53.320928, -120.127188 53.320936, -120.127178 53.320915, -120.127191 53.320888, -120.127181 53.32087, -120.127164 53.320885, -120.127134 53.320879, -120.127093 53.320875, -120.127117 53.320854, -120.127122 53.320836, -120.12709 53.320828, -120.127085 53.320827, -120.127061 53.320812, -120.127042 53.320793, -120.12702 53.320778, -120.126989 53.320777, -120.126954 53.320767, -120.126911 53.320749, -120.126863 53.320731, -120.126818 53.32074, -120.126798 53.320755, -120.126772 53.320772, -120.126745 53.320786, -120.126732 53.320807, -120.126707 53.320818, -120.126683 53.32082, -120.126672 53.320821, -120.126659 53.320797, -120.126657 53.320819, -120.126649 53.320845, -120.126662 53.320861, -120.126664 53.32088, -120.126664 53.32088, -120.126672 53.320907, -120.126664 53.320934, -120.12663 53.320948, -120.12661 53.320973, -120.12655 53.320956, -120.126524 53.320932, -120.126499 53.320921, -120.126468 53.320915, -120.126442 53.3209, -120.126399 53.320896, -120.126372 53.320885, -120.126344 53.320871, -120.126316 53.320867, -120.126308 53.320865, -120.126281 53.320856, -120.126252 53.320844, -120.126213 53.320827, -120.126175 53.32081, -120.126138 53.320804, -120.12613 53.320805, -120.12583 53.320662, -120.125853 53.320654, -120.125868 53.320636, -120.125872 53.320614, -120.125868 53.320596, -120.125851 53.320577, -120.125842 53.320558, -120.125827 53.320537, -120.125836 53.320518, -120.12584 53.320498, -120.125827 53.320479, -120.125822 53.320462, -120.125812 53.320443, -120.125798 53.320421, -120.125799 53.320402, -120.125828 53.320389, -120.125857 53.320382, -120.125896 53.320376, -120.125926 53.320376, -120.125958 53.320362, -120.125954 53.320343, -120.125969 53.320327, -120.126003 53.320327, -120.126032 53.32032, -120.126064 53.320303, -120.126083 53.320285, -120.126073 53.320263, -120.126092 53.320249, -120.126123 53.320249, -120.126153 53.320254, -120.12619 53.320261, -120.126202 53.32028, -120.126222 53.320294, -120.126255 53.320297, -120.126292 53.320303, -120.12633 53.320294, -120.126365 53.32029, -120.126403 53.320287, -120.126438 53.320281, -120.126473 53.320282, -120.126501 53.320294, -120.126531 53.320294, -120.126561 53.320306, -120.126589 53.320313, -120.126622 53.320304, -120.126651 53.320299, -120.126687 53.32031, -120.126719 53.320313, -120.126746 53.320323, -120.126772 53.320336, -120.126802 53.320348, -120.12683 53.320346, -120.126832 53.320346, -120.126858 53.320335, -120.126873 53.320318, -120.126902 53.320322, -120.126932 53.320321, -120.12696 53.320329, -120.126988 53.320341, -120.127008 53.320359, -120.127007 53.320379, -120.127018 53.320398, -120.127052 53.320409, -120.12709 53.320416, -120.127121 53.32042, -120.127153 53.320421, -120.127186 53.320425, -120.127215 53.320431, -120.127236 53.320448, -120.127237 53.320468, -120.127244 53.320486, -120.12725 53.320508, -120.12724 53.320526, -120.127246 53.32055, -120.127241 53.320569, -120.127261 53.320584, -120.127291 53.320594, -120.12733 53.320608, -120.12736 53.320617, -120.12739 53.320626, -120.127415 53.320643, -120.127425 53.32066, -120.127439 53.320678, -120.127474 53.320687, -120.127506 53.320683, -120.127538 53.320678, -120.127572 53.320678, -120.127607 53.320677, -120.127638 53.320674, -120.127666 53.320667, -120.127702 53.320672, -120.127736 53.320672, -120.127761 53.320659, -120.127788 53.320652, -120.12781 53.320637, -120.127835 53.320619, -120.127854 53.320604, -120.127863 53.320585, -120.127882 53.320562, -120.12792 53.320554, -120.12795 53.320548, -120.127945 53.320529, -120.127968 53.320515, -120.127997 53.320507, -120.127997 53.320484, -120.128027 53.320475, -120.128058 53.320466, -120.128092 53.320462, -120.128122 53.320466, -120.128155 53.320473, -120.128189 53.320479, -120.128219 53.320479, -120.128244 53.320496, -120.128267 53.320509, -120.128298 53.320518, -120.128351 53.320542, -120.128382 53.320545, -120.128421 53.32054, -120.128451 53.320532, -120.128446 53.320513, -120.12845 53.320493, -120.128478 53.320478, -120.128508 53.320474, -120.12854 53.320464, -120.128551 53.320448, -120.128583 53.320443, -120.128619 53.320445, -120.128647 53.320434, -120.12868 53.320429, -120.128713 53.320433, -120.128734 53.320446, -120.12875 53.320463, -120.128775 53.320477, -120.128783 53.320499, -120.128797 53.32052, -120.128801 53.320539, -120.128829 53.320545, -120.128863 53.320546, -120.128892 53.320539, -120.128909 53.320522, -120.128938 53.320514, -120.12898 53.320515, -120.129023 53.320515, -120.129041 53.32053, -120.129071 53.320524, -120.129105 53.320525, -120.129141 53.320527, -120.129171 53.320522, -120.129201 53.320522, -120.129232 53.320514, -120.129259 53.3205, -120.129281 53.320487, -120.12931 53.320494, -120.12934 53.320509, -120.129379 53.320513, -120.129416 53.320513, -120.129454 53.320519, -120.129497 53.32052, -120.129537 53.320522, -120.129566 53.320518, -120.129599 53.32052, -120.129619 53.320506, -120.129644 53.320494, -120.129672 53.320484, -120.129707 53.320469, -120.129752 53.320461, -120.129783 53.320453, -120.129812 53.320441, -120.129844 53.32044, -120.129875 53.320435, -120.129907 53.320436, -120.129927 53.320421, -120.129942 53.320388, -120.129919 53.320374, -120.129887 53.320368, -120.12985 53.320364, -120.129826 53.320346, -120.129793 53.320341, -120.129738 53.32034, -120.12976 53.320309, -120.129761 53.320278, -120.129736 53.320262, -120.129726 53.320241, -120.129719 53.320217, -120.129717 53.320195, -120.129724 53.320171, -120.129718 53.320152, -120.129706 53.320131, -120.129709 53.320104, -120.129713 53.320084, -120.129715 53.320064, -120.129691 53.320046, -120.129672 53.320022, -120.129662 53.320003, -120.129645 53.319983, -120.129631 53.319967, -120.129622 53.319948, -120.129614 53.319926, -120.129599 53.319909, -120.129602 53.319886, -120.129613 53.319867, -120.129592 53.319853, -120.129591 53.319827, -120.129581 53.319809, -120.129571 53.319785, -120.129586 53.319769, -120.129606 53.319739, -120.129585 53.319721, -120.129547 53.319718, -120.129504 53.319722, -120.129484 53.319706, -120.129465 53.319692, -120.129443 53.319674, -120.129443 53.31965, -120.129411 53.319651, -120.129376 53.319657, -120.12935 53.319645, -120.129333 53.319623, -120.129313 53.319607, -120.129292 53.319588, -120.12929 53.319565, -120.129276 53.319544, -120.129242 53.319537, -120.129202 53.319536, -120.129168 53.319537, -120.129141 53.319525, -120.12912 53.319506, -120.129108 53.319489, -120.129095 53.319469, -120.129087 53.319449, -120.129077 53.319429, -120.129084 53.319411, -120.129102 53.319394, -120.129131 53.319382, -120.129145 53.319363, -120.129155 53.319342, -120.129158 53.319319, -120.129158 53.319293, -120.129136 53.319278, -120.129104 53.319278, -120.129105 53.319257, -120.129108 53.319229, -120.1291 53.319208, -120.129103 53.319189, -120.129113 53.319171, -120.129131 53.319156, -120.129165 53.319145, -120.12919 53.319131, -120.12921 53.319115, -120.12921 53.319095, -120.129236 53.319086, -120.129259 53.319071, -120.12928 53.319052, -120.129302 53.319034, -120.129324 53.31902, -120.129339 53.319003, -120.129336 53.318982, -120.129322 53.318965, -120.129295 53.318975, -120.129277 53.318954, -120.129249 53.318939, -120.12922 53.318921, -120.129188 53.31892, -120.129158 53.318918, -120.12913 53.318908, -120.129116 53.318892, -120.129084 53.318882, -120.129065 53.318866, -120.12904 53.318856, -120.129007 53.318864, -120.128979 53.318876, -120.128952 53.318866, -120.128975 53.318821, -120.128948 53.31881, -120.128916 53.318799, -120.128929 53.318782, -120.128915 53.318765, -120.128939 53.31875, -120.128953 53.318729, -120.128951 53.318708, -120.128966 53.318688, -120.128946 53.318673, -120.128907 53.318672, -120.128874 53.318658, -120.12885 53.318645, -120.128834 53.318629, -120.128814 53.318609, -120.128786 53.318598, -120.128766 53.318582, -120.128729 53.318565, -120.12871 53.31855, -120.128677 53.318549, -120.128637 53.318558, -120.128599 53.318548, -120.128566 53.318547, -120.128522 53.318545, -120.128487 53.318534, -120.128456 53.318525, -120.128433 53.318512, -120.1284 53.318498, -120.128378 53.318484, -120.128346 53.31847, -120.12833 53.318449, -120.128302 53.318441, -120.128278 53.318426, -120.128272 53.318407, -120.128282 53.318385, -120.128256 53.318353, -120.128236 53.318337, -120.128223 53.318317, -120.128188 53.3183, -120.128155 53.318293, -120.128117 53.318283, -120.128084 53.318275, -120.128054 53.318265, -120.128024 53.318264, -120.128009 53.318246, -120.127957 53.318225, -120.127942 53.318207, -120.127909 53.318196, -120.127855 53.318207, -120.127824 53.318208, -120.127792 53.318201, -120.127781 53.318178, -120.12775 53.318171, -120.127738 53.318154, -120.127705 53.318152, -120.127704 53.318133, -120.127681 53.318116, -120.127649 53.318125, -120.127612 53.318127, -120.12759 53.318114, -120.127566 53.318097, -120.127544 53.318082, -120.127526 53.31806, -120.127515 53.318038, -120.127489 53.318021, -120.127466 53.318007, -120.127418 53.31799, -120.127423 53.317971, -120.127406 53.31795, -120.127377 53.317944, -120.127348 53.317928, -120.127328 53.317906, -120.127295 53.317901, -120.127281 53.317884, -120.127263 53.317867, -120.127246 53.317848, -120.127207 53.317839, -120.127173 53.317829, -120.127144 53.317819, -120.127112 53.317819, -120.127079 53.317818, -120.127046 53.317815, -120.127004 53.31781, -120.126986 53.317794, -120.126939 53.317788, -120.126903 53.317785, -120.126876 53.317766, -120.12686 53.31775, -120.126849 53.31773, -120.126833 53.317711, -120.126829 53.317682, -120.126832 53.317658, -120.126801 53.317647, -120.126782 53.317633, -120.126756 53.317621, -120.12674 53.317604, -120.12673 53.317584, -120.126743 53.317565, -120.126736 53.317543, -120.126709 53.317534, -120.126675 53.317527, -120.126634 53.317518, -120.126604 53.317505, -120.126584 53.31749, -120.126564 53.317476, -120.126536 53.317467, -120.12651 53.317457, -120.126478 53.317442, -120.12646 53.317424, -120.126431 53.317414, -120.126395 53.317405, -120.126362 53.317398, -120.126336 53.317388, -120.126326 53.31737, -120.126321 53.317352, -120.126291 53.317347, -120.126256 53.317344, -120.12621 53.31735, -120.126178 53.317352, -120.126159 53.317334, -120.126147 53.317316, -120.126119 53.317309, -120.126088 53.317307, -120.126056 53.317296, -120.12602 53.317292, -120.125988 53.317279, -120.125969 53.317264, -120.125937 53.317262, -120.125908 53.317251, -120.12588 53.317239, -120.125849 53.31723, -120.125816 53.317227, -120.12579 53.317214, -120.125778 53.317195, -120.125765 53.317171, -120.125745 53.317155, -120.125712 53.317143, -120.125682 53.317135, -120.125656 53.317121, -120.125626 53.317114, -120.125605 53.317094, -120.125593 53.317075, -120.125653 53.317056, -120.125654 53.317035, -120.125628 53.317024, -120.12561 53.317008, -120.125588 53.316988, -120.125576 53.316967, -120.12556 53.316951, -120.125531 53.316958, -120.125503 53.316948, -120.125471 53.316941, -120.125456 53.316924, -120.125448 53.316904, -120.125432 53.316883, -120.125424 53.31686, -120.12539 53.316844, -120.125382 53.316825, -120.125374 53.316806, -120.125389 53.316788, -120.125406 53.316772, -120.125412 53.31675, -120.1254 53.316731, -120.12538 53.316711, -120.125383 53.316691, -120.125356 53.316681, -120.12533 53.316666, -120.125308 53.316653, -120.125291 53.316635, -120.125268 53.316622, -120.125237 53.316615, -120.125199 53.316609, -120.125204 53.316589, -120.125213 53.316568, -120.125211 53.316547, -120.125191 53.31653, -120.125196 53.316509, -120.12519 53.316487, -120.125164 53.316473, -120.125144 53.316457, -120.125137 53.316434, -120.125121 53.316415, -120.12509 53.316408, -120.125065 53.316396, -120.125039 53.316384, -120.125017 53.316363, -120.124997 53.31635, -120.124972 53.316335, -120.124992 53.316321, -120.125008 53.316305, -120.125012 53.316287, -120.125042 53.316279, -120.125071 53.316271, -120.125085 53.316253, -120.125102 53.316237, -120.125122 53.316217, -120.125106 53.3162, -120.125089 53.316185, -120.125087 53.316163, -120.125102 53.316147, -120.12509 53.316125, -120.125079 53.316106, -120.125062 53.316082, -120.125045 53.316067, -120.125041 53.316045, -120.125002 53.31604, -120.124972 53.316033, -120.124935 53.316026, -120.1249 53.316025, -120.125048 53.315607, -120.124813 53.315372, -120.124754 53.315057, -120.124795 53.314842, -120.125013 53.314618, -120.125275 53.314388, -120.125554 53.314176, -120.125583 53.313943, -120.125455 53.313691, -120.12525 53.313479, -120.125204 53.313513, -120.125185 53.313538, -120.125163 53.313559, -120.125163 53.313579, -120.125166 53.3136, -120.125176 53.313618, -120.125171 53.313637, -120.125159 53.313667, -120.125145 53.313686, -120.125105 53.313693, -120.125097 53.313708, -120.125117 53.313714, -120.125141 53.313739, -120.125177 53.313757, -120.125197 53.313776, -120.125214 53.313775, -120.12521 53.313786, -120.125202 53.313815, -120.125227 53.313838, -120.125259 53.313854, -120.125189 53.313944, -120.125179 53.313967, -120.125208 53.313987, -120.125175 53.313985, -120.125134 53.314, -120.125157 53.314017, -120.125202 53.314011, -120.12523 53.313996, -120.125249 53.314019, -120.125283 53.314015, -120.125302 53.313998, -120.125306 53.314026, -120.125333 53.314041, -120.1253 53.314083, -120.125298 53.314102, -120.125283 53.314085, -120.125279 53.314104, -120.125234 53.314138, -120.125211 53.314121, -120.125206 53.314145, -120.125182 53.314175, -120.125157 53.314162, -120.125132 53.314142, -120.125095 53.314103, -120.12509 53.314126, -120.125091 53.314171, -120.125092 53.314202, -120.125089 53.314229, -120.125077 53.314293, -120.125073 53.314324, -120.125035 53.314334, -120.124989 53.314353, -120.124934 53.314379, -120.124915 53.314387, -120.124885 53.314421, -120.124901 53.314399, -120.124917 53.314365, -120.124903 53.314342, -120.124915 53.314205, -120.124889 53.314178, -120.12485 53.314177, -120.124857 53.314203, -120.12483 53.314213, -120.124824 53.314212, -120.124787 53.314205, -120.124792 53.314228, -120.124763 53.314212, -120.124742 53.314225, -120.124747 53.314255, -120.124751 53.314289, -120.124746 53.314318, -120.124745 53.314323, -120.124738 53.314306, -120.124724 53.314334, -120.124698 53.314317, -120.124683 53.314329, -120.124676 53.314334, -120.124667 53.314333, -120.124667 53.314333, -120.124654 53.314337, -120.124649 53.31433, -120.124649 53.314329, -120.124627 53.314325, -120.124614 53.314297, -120.124587 53.314309, -120.124566 53.314328, -120.124592 53.314337, -120.124599 53.314317, -120.124607 53.314337, -120.124636 53.314337, -120.124668 53.314354, -120.124667 53.314361, -120.124647 53.314393, -120.124613 53.314396, -120.124604 53.314375, -120.124581 53.314387, -120.124543 53.314401, -120.124512 53.314415, -120.124547 53.314413, -120.124576 53.31443, -120.124558 53.314463, -120.124562 53.314482, -120.12455 53.314502, -120.124527 53.314514, -120.124466 53.314523, -120.124469 53.314496, -120.124434 53.314519, -120.124414 53.314509, -120.124378 53.314514, -120.124371 53.314519, -120.124357 53.314527, -120.124354 53.314529, -120.12432 53.314526, -120.124319 53.314549, -120.124295 53.314535, -120.124282 53.314569, -120.124313 53.314582, -120.1243 53.314599, -120.124297 53.314619, -120.124275 53.314634, -120.124265 53.314661, -120.124241 53.314681, -120.124206 53.314671, -120.124054 53.314595, -120.124073 53.314611, -120.124066 53.314628, -120.124096 53.314644, -120.12409 53.314664, -120.1241 53.31469, -120.124087 53.314706, -120.124092 53.314728, -120.124091 53.314747, -120.12406 53.314767, -120.124062 53.314785, -120.124107 53.314791, -120.124076 53.314803, -120.124039 53.314814, -120.123993 53.314822, -120.12398 53.314839, -120.123963 53.314856, -120.123951 53.314873, -120.123931 53.314894, -120.123896 53.314906, -120.123877 53.314925, -120.123834 53.314942, -120.123867 53.314952, -120.123871 53.314971, -120.123857 53.314995, -120.123829 53.315013, -120.123812 53.315028, -120.123777 53.315024, -120.123736 53.315042, -120.123737 53.31502, -120.123706 53.31503, -120.1237 53.314998, -120.123669 53.315, -120.123642 53.315016, -120.123622 53.315036, -120.123585 53.31505, -120.123557 53.315072, -120.123524 53.315075, -120.123561 53.315083, -120.123573 53.315066, -120.123638 53.315085, -120.123616 53.315101, -120.123581 53.315116, -120.123588 53.315137, -120.1236 53.315144, -120.123587 53.315146, -120.123547 53.315162, -120.123557 53.315129, -120.123528 53.315123, -120.123505 53.315141, -120.123464 53.315144, -120.123446 53.315126, -120.123417 53.315115, -120.123399 53.315135, -120.123378 53.315156, -120.123357 53.315137, -120.12332 53.315128, -120.123288 53.315121, -120.123275 53.315138, -120.123282 53.315159, -120.123261 53.315171, -120.123257 53.315173, -120.123244 53.315181, -120.123214 53.315193, -120.123189 53.315221, -120.123161 53.315232, -120.123167 53.315212, -120.12311 53.315223, -120.123064 53.315229, -120.12305 53.31521, -120.123002 53.315282, -120.122992 53.315264, -120.122986 53.315213, -120.122949 53.315215, -120.122921 53.315205, -120.122894 53.315214, -120.122917 53.315187, -120.122895 53.315201, -120.122905 53.315181, -120.122878 53.315169, -120.122857 53.315155, -120.12284 53.315132, -120.122839 53.315153, -120.122807 53.315187, -120.122797 53.315214, -120.122795 53.315214, -120.122753 53.315223, -120.122727 53.315241, -120.122701 53.315256, -120.122677 53.315279, -120.122696 53.315261, -120.122667 53.315266, -120.122626 53.315267, -120.122594 53.31527, -120.122563 53.315265, -120.122534 53.31525, -120.122512 53.315237, -120.122479 53.315223, -120.122491 53.315203, -120.122493 53.315183, -120.122453 53.315184, -120.122431 53.315208, -120.122399 53.315222, -120.122394 53.315248, -120.122357 53.315254, -120.122329 53.315266, -120.122304 53.315283, -120.12227 53.315284, -120.122247 53.315298, -120.122213 53.3153, -120.12223 53.315319, -120.122214 53.315337, -120.12218 53.315341, -120.122142 53.315352, -120.12212 53.315369, -120.122097 53.315377, -120.122058 53.315389, -120.122027 53.315394, -120.122022 53.315375, -120.12199 53.315395, -120.12196 53.315391, -120.121927 53.315403, -120.121896 53.315414, -120.121887 53.315436, -120.121881 53.315458, -120.121873 53.315479, -120.121862 53.315506, -120.12188 53.315522, -120.121894 53.315542, -120.121848 53.315581, -120.121826 53.315602, -120.121814 53.315584, -120.121787 53.315563, -120.121758 53.315548, -120.121737 53.315534, -120.121726 53.315553, -120.121705 53.315566, -120.121676 53.315559, -120.121659 53.315544, -120.121641 53.31556, -120.121628 53.31558, -120.121571 53.315551, -120.121539 53.315538, -120.121535 53.315544, -120.12152 53.315563, -120.121505 53.31558, -120.121503 53.315599, -120.121495 53.315616, -120.121476 53.315642, -120.121465 53.315662, -120.121447 53.315683, -120.121435 53.3157, -120.121418 53.315727, -120.121395 53.315714, -120.121354 53.31571, -120.121356 53.315686, -120.121333 53.315699, -120.121317 53.315679, -120.121301 53.31566, -120.121271 53.31567, -120.121247 53.315656, -120.121217 53.31566, -120.12119 53.31565, -120.121159 53.315659, -120.121125 53.315668, -120.12109 53.315672, -120.121049 53.315676, -120.121045 53.315676, -120.121062 53.315668, -120.120985 53.315648, -120.120911 53.315646, -120.120852 53.315656, -120.120826 53.315657, -120.120793 53.315662, -120.120778 53.315681, -120.12073 53.315691, -120.120696 53.315684, -120.120661 53.315685, -120.120623 53.31569, -120.120662 53.315706, -120.120743 53.315769, -120.120712 53.315763, -120.120677 53.315759, -120.12066 53.31574, -120.120618 53.315746, -120.120581 53.315747, -120.120549 53.315746, -120.12051 53.315741, -120.120492 53.315726, -120.120467 53.315715, -120.120455 53.315698, -120.120417 53.315691, -120.120382 53.315693, -120.120347 53.315699, -120.120312 53.315691, -120.12028 53.31569, -120.120258 53.315677, -120.120222 53.315666, -120.120184 53.315662, -120.120155 53.315654, -120.120134 53.31564, -120.120095 53.315634, -120.12007 53.315617, -120.120038 53.3156, -120.120013 53.315588, -120.120002 53.31559, -120.119985 53.31561, -120.119958 53.315623, -120.119923 53.315631, -120.119886 53.315627, -120.119859 53.315612, -120.119837 53.3156, -120.119805 53.3156, -120.119781 53.315586, -120.119751 53.315605, -120.119783 53.315598, -120.119766 53.315616, -120.119804 53.31562, -120.119804 53.315643, -120.119772 53.315634, -120.119771 53.315635, -120.11977 53.315625, -120.119741 53.315643, -120.119727 53.31564, -120.119704 53.315636, -120.119674 53.315624, -120.119657 53.315607, -120.119618 53.315609, -120.119588 53.315614, -120.119551 53.315616, -120.119515 53.315621, -120.119473 53.315632, -120.119442 53.315636, -120.119407 53.315645, -120.119377 53.315661, -120.119336 53.315666, -120.119351 53.315687, -120.119321 53.315709, -120.119295 53.31572, -120.119262 53.315716, -120.11923 53.315716, -120.119194 53.315716, -120.119159 53.31572, -120.119172 53.315739, -120.119158 53.315761, -120.119125 53.315784, -120.119112 53.315801, -120.119086 53.315818, -120.119074 53.315839, -120.119044 53.315857, -120.119008 53.315871, -120.118974 53.315877, -120.118933 53.315892, -120.118927 53.315915, -120.118909 53.315932, -120.118907 53.315954, -120.118905 53.315976, -120.118911 53.315994, -120.118907 53.316021, -120.118925 53.316036, -120.118907 53.31606, -120.118874 53.316072, -120.118856 53.316092, -120.118845 53.31611, -120.118815 53.316124, -120.118782 53.316136, -120.118803 53.31615, -120.118813 53.316158, -120.118807 53.31616, -120.118791 53.316163, -120.118772 53.316166, -120.118737 53.316159, -120.118712 53.316144, -120.118672 53.31615, -120.118689 53.316169, -120.118688 53.316189, -120.118664 53.316208, -120.118636 53.316224, -120.118614 53.316245, -120.118583 53.316243, -120.11855 53.316254, -120.11852 53.316261, -120.118491 53.316268, -120.118465 53.316278, -120.118471 53.316297, -120.118489 53.316316, -120.118463 53.316326, -120.118524 53.316307, -120.118556 53.316307, -120.118525 53.316321, -120.118479 53.316343, -120.118435 53.316354, -120.118394 53.316357, -120.118364 53.316344, -120.11832 53.316352, -120.118309 53.316372, -120.118295 53.316388, -120.118295 53.316408, -120.118283 53.316425, -120.118282 53.316426, -120.11831 53.316425, -120.118286 53.316437, -120.118273 53.316462, -120.118238 53.316523, -120.118242 53.316545, -120.118233 53.316562, -120.118214 53.316583, -120.118198 53.316602, -120.118171 53.316612, -120.118137 53.316618, -120.118107 53.316629, -120.118076 53.316623, -120.118052 53.316636, -120.118015 53.316641, -120.117987 53.316659, -120.117993 53.316682, -120.118022 53.316689, -120.118013 53.316708, -120.118024 53.316719, -120.117992 53.316723, -120.117964 53.316739, -120.117908 53.316732, -120.117879 53.31672, -120.117859 53.31673, -120.117846 53.316736, -120.117813 53.316726, -120.117779 53.316728, -120.117757 53.316745, -120.117721 53.316752, -120.117713 53.316732, -120.117688 53.316743, -120.117686 53.316764, -120.117668 53.316781, -120.117637 53.316777, -120.117613 53.316794, -120.117591 53.316811, -120.117576 53.316827, -120.117552 53.316841, -120.117516 53.316844, -120.117482 53.316849, -120.117458 53.316861, -120.117416 53.316865, -120.117412 53.316865, -120.117397 53.316875, -120.117379 53.316893, -120.117359 53.31691, -120.117341 53.316927, -120.11733 53.316933, -120.117318 53.31694, -120.117288 53.316936, -120.11725 53.316953, -120.117217 53.316945, -120.117209 53.316964, -120.11719 53.316981, -120.117156 53.317006, -120.117126 53.316997, -120.117095 53.316998, -120.11706 53.317007, -120.117029 53.317012, -120.116986 53.317004, -120.116952 53.317016, -120.116926 53.317027, -120.116892 53.31703, -120.116862 53.317035, -120.116888 53.317044, -120.116894 53.317067, -120.116862 53.317069, -120.116838 53.317084, -120.116841 53.317106, -120.116839 53.317125, -120.116843 53.317145, -120.116838 53.317168, -120.11685 53.317186, -120.116834 53.317205, -120.116807 53.317222, -120.116776 53.317238, -120.116748 53.317265, -120.116726 53.317277, -120.116705 53.317293, -120.116674 53.31731, -120.116658 53.317328, -120.116628 53.317331, -120.116592 53.317342, -120.116591 53.317343, -120.116585 53.317342, -120.116588 53.317344, -120.116556 53.317361, -120.116537 53.31738, -120.11656 53.317392, -120.116587 53.317376, -120.116597 53.317371, -120.11658 53.317391, -120.116549 53.317405, -120.116569 53.317429, -120.116534 53.317437, -120.116499 53.31746, -120.116466 53.31748, -120.116431 53.317488, -120.116416 53.317504, -120.116409 53.31753, -120.116388 53.317551, -120.116361 53.317561, -120.11635 53.317583, -120.116352 53.317606, -120.11635 53.317625, -120.116349 53.317628, -120.116348 53.317658, -120.116349 53.31769, -120.116335 53.317712, -120.116336 53.317733, -120.116326 53.317751, -120.116319 53.317776, -120.116297 53.317758, -120.116266 53.317758, -120.116247 53.317777, -120.116246 53.317799, -120.116216 53.317795, -120.116195 53.317811, -120.116195 53.317832, -120.116174 53.317849, -120.116157 53.317865, -120.116166 53.317887, -120.116154 53.317913, -120.116143 53.317934, -120.116132 53.317956, -120.116141 53.317974, -120.116135 53.317992, -120.116118 53.318009, -120.116106 53.318026, -120.11611 53.318046, -120.116112 53.31807, -120.116098 53.318089, -120.116057 53.318106, -120.116048 53.318125, -120.116022 53.318135, -120.116021 53.318162, -120.115994 53.318182, -120.116013 53.3182, -120.116014 53.318221, -120.11602 53.318244, -120.115997 53.318265, -120.116002 53.318288, -120.115989 53.318307, -120.116003 53.318328, -120.115973 53.318334, -120.115974 53.318366, -120.115948 53.318384, -120.115933 53.318403, -120.115871 53.318421, -120.115863 53.318397, -120.115831 53.31843, -120.115776 53.318456, -120.115804 53.318474, -120.115776 53.318489, -120.115751 53.318478, -120.115717 53.318484, -120.115735 53.318455, -120.115694 53.318468, -120.115685 53.31848, -120.115711 53.318492, -120.115697 53.318513, -120.115671 53.318537, -120.115655 53.318559, -120.115633 53.318574, -120.115606 53.318594, -120.115586 53.318608, -120.11556 53.318598, -120.11558 53.318616, -120.115551 53.318623, -120.115537 53.318604, -120.115532 53.318606, -120.115503 53.318616, -120.115463 53.318609, -120.115483 53.318622, -120.115461 53.318644, -120.11539 53.318677, -120.115396 53.318654, -120.115381 53.318661, -120.115335 53.318694, -120.115318 53.318685, -120.115284 53.318694, -120.115322 53.3187, -120.115247 53.318737, -120.115163 53.318757, -120.11509 53.318793, -120.115085 53.318787, -120.115091 53.318751, -120.115055 53.318769, -120.115006 53.318776, -120.11504 53.318796, -120.115021 53.318813, -120.115002 53.318824, -120.114964 53.318841, -120.114952 53.318858, -120.114912 53.318865, -120.114894 53.318881, -120.11486 53.318858, -120.114847 53.318882, -120.11482 53.318897, -120.114808 53.318925, -120.1148 53.318921, -120.114791 53.318942, -120.114744 53.318982, -120.114728 53.318956, -120.114705 53.318977, -120.114667 53.318973, -120.114671 53.318955, -120.114637 53.318976, -120.114653 53.318994, -120.114622 53.318994, -120.114593 53.319011, -120.114592 53.318967, -120.114583 53.318938, -120.11456 53.318926, -120.114534 53.318915, -120.114506 53.318903, -120.114536 53.318899, -120.114556 53.31887, -120.114501 53.318868, -120.114473 53.318859, -120.11444 53.318855, -120.114487 53.318821, -120.114392 53.318823, -120.114377 53.318804, -120.114399 53.318779, -120.114331 53.318829, -120.114287 53.318767, -120.1143 53.318801, -120.114237 53.318849, -120.114217 53.318869, -120.114216 53.318889, -120.114219 53.318912, -120.11422 53.318918, -120.114207 53.318934, -120.114197 53.318953, -120.114172 53.318975, -120.114186 53.318953, -120.114167 53.318938, -120.114143 53.318926, -120.114149 53.318902, -120.114136 53.318885, -120.114137 53.318904, -120.114115 53.318946, -120.114115 53.318969, -120.114097 53.318985, -120.114069 53.318971, -120.114039 53.318959, -120.114049 53.318979, -120.114029 53.318993, -120.114027 53.318995, -120.113985 53.319002, -120.113947 53.319037, -120.113944 53.319039, -120.113922 53.31905, -120.113889 53.319041, -120.113866 53.319056, -120.113838 53.319072, -120.113813 53.319095, -120.113788 53.319113, -120.113765 53.319126, -120.113774 53.319107, -120.113755 53.319124, -120.113748 53.319147, -120.113718 53.319121, -120.113682 53.319141, -120.11366 53.319155, -120.113651 53.319174, -120.113643 53.319196, -120.113607 53.319201, -120.113606 53.31917, -120.113558 53.319165, -120.113504 53.319219, -120.113498 53.319229, -120.113488 53.319226, -120.113474 53.319242, -120.11344 53.319265, -120.113452 53.319278, -120.113442 53.319284, -120.113409 53.319298, -120.113384 53.319281, -120.11335 53.319291, -120.113364 53.31931, -120.113336 53.319336, -120.113344 53.319356, -120.113308 53.319361, -120.11324 53.319381, -120.113213 53.319391, -120.113248 53.319384, -120.11328 53.319377, -120.113258 53.31939, -120.113238 53.319407, -120.113222 53.319425, -120.113178 53.319445, -120.113148 53.319439, -120.113132 53.319455, -120.113128 53.319477, -120.113153 53.319494, -120.113132 53.319512, -120.113109 53.319525, -120.113098 53.319508, -120.113014 53.319459, -120.113013 53.319439, -120.112985 53.319419, -120.112976 53.319439, -120.112966 53.319456, -120.112989 53.319469, -120.113003 53.319499, -120.113022 53.319521, -120.113032 53.319543, -120.113034 53.319565, -120.113042 53.319584, -120.113027 53.319601, -120.11302 53.31962, -120.11302 53.319645, -120.11302 53.319665, -120.112993 53.319687, -120.11299 53.319707, -120.11299 53.319726, -120.112976 53.319742, -120.112943 53.319756, -120.112922 53.31977, -120.112926 53.319788, -120.112933 53.319809, -120.112894 53.319801, -120.112883 53.319784, -120.112841 53.319779, -120.112834 53.31979, -120.112834 53.319792, -120.112829 53.319799, -120.112791 53.319795, -120.112758 53.319795, -120.112735 53.31982, -120.112716 53.319848, -120.112694 53.31983, -120.112682 53.31985, -120.112659 53.319862, -120.112623 53.319857, -120.112622 53.319861, -120.112583 53.319864, -120.112601 53.319879, -120.112593 53.319896, -120.112566 53.319884, -120.112537 53.319871, -120.112516 53.319856, -120.11251 53.319877, -120.112478 53.319886, -120.112436 53.319902, -120.112423 53.31992, -120.112393 53.319924, -120.112377 53.319943, -120.112384 53.319964, -120.112352 53.319985, -120.112318 53.319979, -120.112285 53.319987, -120.112318 53.319998, -120.112303 53.320015, -120.112269 53.320016, -120.112253 53.320033, -120.112254 53.320063, -120.112182 53.320048, -120.112091 53.320105, -120.112117 53.320155, -120.112096 53.320183, -120.112057 53.320166, -120.111993 53.320187, -120.111998 53.320213, -120.111974 53.320222, -120.111944 53.320233, -120.111917 53.320245, -120.111929 53.320263, -120.111903 53.320271, -120.111856 53.320258, -120.111812 53.320257, -120.111783 53.320241, -120.111753 53.320251, -120.11173 53.320272, -120.111733 53.320291, -120.111704 53.320296, -120.111665 53.320295, -120.11163 53.320296, -120.11166 53.320302, -120.111626 53.320301, -120.111592 53.320304, -120.111613 53.320289, -120.111578 53.320283, -120.111543 53.320287, -120.111513 53.320286, -120.111484 53.320275, -120.111459 53.320288, -120.111469 53.32027, -120.111439 53.320259, -120.111408 53.320255, -120.111368 53.320249, -120.11134 53.32024, -120.111289 53.320238, -120.111254 53.320225, -120.111244 53.320243, -120.111275 53.320246, -120.111243 53.320246, -120.111228 53.32023, -120.111201 53.320216, -120.111197 53.320194, -120.111172 53.320171, -120.111152 53.320156, -120.111161 53.320137, -120.111128 53.32013, -120.111095 53.320118, -120.111083 53.320136, -120.111042 53.320126, -120.111006 53.32013, -120.111007 53.320107, -120.110993 53.32009, -120.110973 53.320073, -120.110946 53.320054, -120.110916 53.320038, -120.110886 53.320042, -120.110852 53.320045, -120.110835 53.320029, -120.11085 53.32, -120.110835 53.319992, -120.110811 53.319981, -120.11078 53.319981, -120.110751 53.319965, -120.110728 53.319979, -120.110698 53.31997, -120.110663 53.319961, -120.110639 53.319947, -120.110611 53.319934, -120.110605 53.319916, -120.110605 53.319893, -120.110632 53.319878, -120.110646 53.319858, -120.110607 53.319843, -120.110568 53.319846, -120.110548 53.319827, -120.110523 53.319809, -120.110533 53.319795, -120.110536 53.319791, -120.110513 53.31977, -120.11049 53.319755, -120.11047 53.319753, -120.110461 53.319752, -120.110424 53.319756, -120.110395 53.319764, -120.110364 53.319777, -120.110335 53.319764, -120.11031 53.319752, -120.110277 53.319748, -120.110277 53.319726, -120.110241 53.319721, -120.110215 53.319709, -120.110237 53.319695, -120.110259 53.319674, -120.110261 53.31965, -120.110251 53.319618, -120.110259 53.319611, -120.11027 53.319601, -120.11025 53.319586, -120.110255 53.319561, -120.110235 53.31954, -120.110232 53.319518, -120.110216 53.319499, -120.110185 53.319489, -120.110154 53.31949, -120.110125 53.31948, -120.110087 53.319463, -120.110062 53.319451, -120.110044 53.319431, -120.11003 53.319406, -120.110024 53.319386, -120.109992 53.319387, -120.109953 53.319378, -120.109923 53.319371, -120.109956 53.319367, -120.109971 53.31935, -120.109961 53.319327, -120.109923 53.319316, -120.109891 53.319303, -120.109873 53.319289, -120.109868 53.319284, -120.109829 53.319276, -120.109795 53.319276, -120.109781 53.319276, -120.109753 53.319265, -120.10972 53.319261, -120.109688 53.319253, -120.109658 53.319246, -120.109672 53.319224, -120.109694 53.319207, -120.109704 53.3192, -120.10972 53.319188, -120.109701 53.319163, -120.109664 53.319143, -120.109637 53.319132, -120.109635 53.319109, -120.109605 53.319096, -120.10958 53.319074, -120.109574 53.319051, -120.109535 53.319044, -120.109532 53.319025, -120.10953 53.318995, -120.109489 53.318989, -120.10948 53.318971, -120.109458 53.318952, -120.109429 53.318945, -120.109416 53.318924, -120.109395 53.318911, -120.109381 53.318895, -120.10938 53.318855, -120.109289 53.318775, -120.10929 53.318802, -120.109275 53.318785, -120.109236 53.318787, -120.109207 53.318779, -120.109204 53.318779, -120.10918 53.318762, -120.109155 53.318751, -120.109097 53.318748, -120.109063 53.318736, -120.109072 53.318713, -120.109054 53.318693, -120.109047 53.318675, -120.109019 53.318654, -120.108991 53.318641, -120.108958 53.318633, -120.108939 53.318618, -120.108904 53.318613, -120.108881 53.3186, -120.108877 53.318618, -120.108848 53.318608, -120.108823 53.31859, -120.108817 53.318571, -120.108808 53.318553, -120.108815 53.318532, -120.108782 53.318522, -120.108764 53.318504, -120.108758 53.318483, -120.108732 53.318468, -120.108707 53.318453, -120.108743 53.318459, -120.108765 53.318441, -120.108765 53.318421, -120.108736 53.318401, -120.10872 53.318384, -120.108692 53.318371, -120.108665 53.318354, -120.108647 53.318332, -120.108644 53.31831, -120.108631 53.318288, -120.108609 53.318276, -120.108609 53.318251, -120.108576 53.31824, -120.108589 53.31823, -120.108573 53.318217, -120.108547 53.318221, -120.108547 53.318202, -120.108511 53.31819, -120.108455 53.318173, -120.108476 53.318156, -120.108449 53.318174, -120.108461 53.31819, -120.108443 53.318208, -120.108412 53.318209, -120.108391 53.318229, -120.108377 53.318247, -120.108351 53.318236, -120.108356 53.318258, -120.108371 53.318276, -120.108336 53.318278, -120.108324 53.318296, -120.108323 53.318314, -120.108322 53.318336, -120.108356 53.318342, -120.108347 53.318368, -120.108312 53.318361, -120.108274 53.318359, -120.108259 53.31834, -120.108202 53.318279, -120.108183 53.318263, -120.108157 53.318241, -120.10812 53.318217, -120.108105 53.3182, -120.108141 53.318163, -120.108129 53.318148, -120.108108 53.318148, -120.108081 53.318135, -120.108058 53.318121, -120.108022 53.318117, -120.107982 53.318121, -120.107998 53.318095, -120.107985 53.318077, -120.107992 53.318056, -120.107992 53.318037, -120.107981 53.318016, -120.107989 53.317998, -120.108026 53.318014, -120.108019 53.317988, -120.107995 53.317973, -120.107981 53.317945, -120.107964 53.317926, -120.10795 53.317908, -120.10794 53.317883, -120.107944 53.317861, -120.107937 53.317842, -120.107963 53.317824, -120.107961 53.317801, -120.10799 53.317787, -120.108007 53.317767, -120.108017 53.317755, -120.108022 53.317749, -120.108034 53.317727, -120.108047 53.317708, -120.108077 53.317721, -120.108089 53.317745, -120.108123 53.31776, -120.108149 53.31775, -120.108165 53.317731, -120.108193 53.317725, -120.108218 53.317711, -120.10822 53.31769, -120.108217 53.317662, -120.1082 53.317642, -120.108184 53.317622, -120.10816 53.317605, -120.108131 53.317618, -120.108095 53.317617, -120.10807 53.317598, -120.108056 53.317595, -120.108037 53.317583, -120.108052 53.31756, -120.10807 53.317545, -120.1081 53.317524, -120.108133 53.317511, -120.108165 53.317507, -120.10818 53.317514, -120.108191 53.317504, -120.108216 53.31749, -120.108236 53.317469, -120.108207 53.317455, -120.108195 53.317437, -120.108182 53.317416, -120.108152 53.317415, -120.108146 53.317407, -120.108125 53.317397, -120.108153 53.317385, -120.108187 53.317375, -120.108145 53.317383, -120.108114 53.31739, -120.108087 53.317394, -120.108079 53.317389, -120.108076 53.317396, -120.108064 53.317387, -120.108041 53.317373, -120.108038 53.31735, -120.108032 53.31733, -120.108024 53.317298, -120.107993 53.317282, -120.10799 53.317261, -120.108002 53.317243, -120.108019 53.317226, -120.108016 53.31722, -120.108011 53.317207, -120.107989 53.317188, -120.107977 53.317171, -120.107954 53.317155, -120.107936 53.317137, -120.107916 53.317121, -120.107908 53.31712, -120.107914 53.317114, -120.107924 53.317093, -120.107922 53.317075, -120.107931 53.317055, -120.107939 53.317036, -120.107974 53.31702, -120.107943 53.317013, -120.107932 53.316993, -120.107951 53.316973, -120.107979 53.316965, -120.107998 53.316945, -120.107974 53.316934, -120.107948 53.316944, -120.107931 53.316924, -120.107921 53.316906, -120.107908 53.316888, -120.107909 53.316912, -120.107929 53.316929, -120.107902 53.316938, -120.107873 53.316946, -120.107855 53.316928, -120.107822 53.316925, -120.107781 53.316914, -120.107759 53.316898, -120.10773 53.316906, -120.107717 53.316888, -120.107681 53.316883, -120.10765 53.316878, -120.107652 53.316859, -120.107624 53.316845, -120.107599 53.316828, -120.107583 53.316811, -120.107552 53.316794, -120.10752 53.316789, -120.107504 53.316761, -120.107474 53.316759, -120.10744 53.316753, -120.10741 53.316735, -120.107386 53.316724, -120.10735 53.316721, -120.10732 53.316705, -120.107316 53.316666, -120.107283 53.316667, -120.107279 53.316687, -120.107285 53.316711, -120.107285 53.316732, -120.107262 53.316747, -120.107244 53.31677, -120.107258 53.316788, -120.10725 53.316794, -120.107243 53.316808, -120.107228 53.316824, -120.107208 53.316839, -120.107192 53.316846, -120.107192 53.316847, -120.107189 53.316848, -120.10718 53.316852, -120.107161 53.316849, -120.107157 53.316849, -120.107147 53.316847, -120.107124 53.316848, -120.107122 53.316848, -120.107112 53.316849, -120.107083 53.316838, -120.107074 53.316837, -120.107047 53.316835, -120.107015 53.316833, -120.106985 53.316828, -120.106983 53.316823, -120.106977 53.31681, -120.106976 53.316809, -120.106966 53.316785, -120.106963 53.31678, -120.10696 53.316775, -120.106953 53.316761, -120.10692 53.31675, -120.10689 53.31674, -120.106875 53.316722, -120.106864 53.316704, -120.106857 53.316682, -120.106849 53.316673, -120.106845 53.316668, -120.106834 53.316656, -120.106816 53.316636, -120.106779 53.316622, -120.106747 53.316615, -120.106722 53.316598, -120.106722 53.316568, -120.10671 53.316549, -120.106697 53.316532, -120.106675 53.316518, -120.106657 53.316498, -120.106635 53.316485, -120.106593 53.316486, -120.106559 53.316496, -120.106549 53.316486, -120.106542 53.316478, -120.106516 53.316458, -120.106485 53.316455, -120.106458 53.316467, -120.106428 53.316462, -120.106403 53.316452, -120.10637 53.316448, -120.106342 53.316438, -120.106314 53.316424, -120.106289 53.316412, -120.106259 53.316407, -120.106228 53.316405, -120.106202 53.316394, -120.106179 53.316374, -120.106165 53.316337, -120.106164 53.316336, -120.106138 53.316308, -120.106095 53.316297, -120.106087 53.316299, -120.106046 53.316306, -120.106021 53.316317, -120.106003 53.316333, -120.105958 53.316317, -120.105944 53.316309, -120.105931 53.316301, -120.105921 53.316287, -120.105918 53.316282, -120.105899 53.316264, -120.105857 53.316257, -120.105828 53.316265, -120.105823 53.316266, -120.105794 53.316272, -120.105806 53.31629, -120.105805 53.316309, -120.105781 53.31632, -120.105773 53.316329, -120.105768 53.316336, -120.105744 53.316354, -120.10572 53.316367, -120.105716 53.316373, -120.10571 53.31638, -120.105705 53.316386, -120.105683 53.3164, -120.105658 53.316411, -120.105638 53.316417, -120.105628 53.31642, -120.105626 53.316421, -120.105605 53.316432, -120.10559 53.316453, -120.105593 53.316471, -120.1056 53.316489, -120.105588 53.3165, -120.105583 53.316506, -120.105555 53.316518, -120.105502 53.316535, -120.105482 53.316551, -120.105462 53.316565, -120.105438 53.31658, -120.105408 53.316589, -120.105392 53.316586, -120.105374 53.316583, -120.105352 53.316566, -120.105326 53.316555, -120.105294 53.316542, -120.105287 53.31654, -120.105259 53.316531, -120.105229 53.31652, -120.105224 53.316496, -120.10522 53.316475, -120.105202 53.316456, -120.105175 53.316447, -120.10515 53.316436, -120.105146 53.316418, -120.105158 53.316399, -120.105147 53.316382, -120.105143 53.316371, -120.105139 53.31636, -120.105131 53.316342, -120.105113 53.316329, -120.105111 53.316327, -120.105094 53.316311, -120.10507 53.316296, -120.105043 53.316286, -120.105008 53.316284, -120.104972 53.316287, -120.104939 53.316285, -120.104905 53.316289, -120.104873 53.316287, -120.104843 53.316274, -120.104817 53.316285, -120.104789 53.316277, -120.104767 53.316264, -120.104737 53.316256, -120.104705 53.316251, -120.104671 53.316246, -120.104659 53.316241, -120.104645 53.316236, -120.104627 53.316228, -120.10462 53.316225, -120.104616 53.316218, -120.104616 53.316218, -120.104613 53.316213, -120.10461 53.316207, -120.104605 53.316202, -120.104593 53.316191, -120.104577 53.316174, -120.104575 53.316153, -120.104579 53.316135, -120.104558 53.316121, -120.104538 53.316119, -120.104525 53.316118, -120.104499 53.316102, -120.1045 53.316091, -120.104501 53.316081, -120.104495 53.31606, -120.104463 53.316047, -120.104406 53.316028, -120.104402 53.316026, -120.104401 53.316027, -120.104399 53.316027, -120.1044 53.316025, -120.104381 53.316017, -120.10435 53.316006, -120.104317 53.316007, -120.104295 53.316001, -120.10427 53.315999, -120.104258 53.315999, -120.104226 53.315996, -120.104196 53.316001, -120.104155 53.316003, -120.104128 53.316011, -120.104114 53.316018, -120.104104 53.316024, -120.10409 53.31604, -120.104067 53.316054, -120.104033 53.316059, -120.103991 53.316059, -120.103956 53.316058, -120.103926 53.316053, -120.103903 53.316039, -120.103889 53.316023, -120.103855 53.31602, -120.103833 53.316026, -120.103825 53.316029, -120.103812 53.316032, -120.103797 53.316037, -120.103768 53.31603, -120.103736 53.31602, -120.103714 53.316004, -120.1037 53.315992, -120.103697 53.315989, -120.103712 53.315972, -120.103706 53.315952, -120.103728 53.315937, -120.103761 53.315933, -120.103779 53.315917, -120.103775 53.315895, -120.103751 53.315874, -120.103735 53.315855, -120.103738 53.315834, -120.103732 53.315818, -120.10373 53.315812, -120.103716 53.315791, -120.103712 53.315769, -120.103699 53.315749, -120.103699 53.315748, -120.103698 53.315729, -120.103724 53.315714, -120.103755 53.315707, -120.10379 53.315694, -120.103804 53.315678, -120.103817 53.315659, -120.103835 53.31564, -120.1038 53.315626, -120.103786 53.315609, -120.10379 53.315598, -120.103792 53.31559, -120.103801 53.315576, -120.103802 53.315574, -120.103803 53.315573, -120.103804 53.315573, -120.1038 53.315555, -120.103806 53.315536, -120.103807 53.315515, -120.103828 53.315497, -120.103841 53.315478, -120.10384 53.315457, -120.103832 53.315435, -120.103827 53.315417, -120.10381 53.315402, -120.103806 53.315399, -120.103789 53.315382, -120.103782 53.315375, -120.103765 53.315357, -120.103733 53.315352, -120.103709 53.315363, -120.103687 53.315376, -120.10365 53.31537, -120.103616 53.315367, -120.103585 53.315356, -120.103554 53.315348, -120.103523 53.315338, -120.103491 53.315334, -120.103461 53.315331, -120.103429 53.315331, -120.103399 53.315331, -120.103367 53.315329, -120.103349 53.31531, -120.103355 53.315298, -120.103359 53.315291, -120.103359 53.315267, -120.103341 53.315243, -120.103327 53.31522, -120.103305 53.315211, -120.103291 53.315205, -120.103257 53.315199, -120.10323 53.31519, -120.103225 53.31519, -120.103198 53.315187, -120.10317 53.315196, -120.103134 53.315191, -120.103079 53.315205, -120.103049 53.315213, -120.103023 53.31523, -120.102991 53.315236, -120.102966 53.315248, -120.102977 53.315267, -120.10297 53.315266, -120.102945 53.315263, -120.102921 53.31525, -120.102916 53.315248, -120.102892 53.315242, -120.102885 53.315239, -120.102871 53.315234, -120.102859 53.315229, -120.102842 53.315213, -120.102839 53.315201, -120.102839 53.315198, -120.102838 53.315194, -120.102813 53.315183, -120.102803 53.315163, -120.102795 53.315155, -120.102787 53.315145, -120.102759 53.315137, -120.10273 53.315143, -120.102721 53.315144, -120.102688 53.315146, -120.102658 53.315143, -120.102627 53.315137, -120.102594 53.315126, -120.10257 53.315113, -120.102539 53.315105, -120.102521 53.315085, -120.102521 53.315068, -120.102514 53.315057, -120.102504 53.315047, -120.102488 53.315025, -120.102481 53.315002, -120.102482 53.314985, -120.102452 53.314974, -120.102444 53.314954, -120.102452 53.314936, -120.102444 53.314918, -120.102425 53.314898, -120.102427 53.314888, -120.102428 53.31488, -120.102429 53.314874, -120.102425 53.314853, -120.102407 53.314837, -120.102382 53.314822, -120.102392 53.314802, -120.102366 53.314791, -120.102372 53.314773, -120.102384 53.314753, -120.102363 53.314738, -120.102363 53.314719, -120.102361 53.314714, -120.102354 53.314701, -120.102351 53.314698, -120.102341 53.314692, -120.102335 53.314687, -120.102332 53.314684, -120.102329 53.31468, -120.102322 53.314671, -120.102321 53.314646, -120.102316 53.314645, -120.102318 53.314644, -120.102321 53.314642, -120.102321 53.314638, -120.102312 53.314639, -120.102284 53.314631, -120.102277 53.31463, -120.102254 53.314626, -120.10223 53.314614, -120.10221 53.314598, -120.102191 53.314576, -120.102179 53.314557, -120.10218 53.31455, -120.102182 53.314536, -120.102203 53.314522, -120.102173 53.314514, -120.102145 53.314504, -120.102124 53.314491, -120.102091 53.314485, -120.102063 53.314475, -120.102047 53.314458, -120.102025 53.314441, -120.102001 53.314426, -120.101989 53.314405, -120.10196 53.314398, -120.101931 53.314387, -120.101905 53.314378, -120.101868 53.314372, -120.101834 53.314366, -120.101808 53.314349, -120.101798 53.31434, -120.10179 53.314333, -120.101766 53.314315, -120.101753 53.314297, -120.101731 53.314278, -120.101715 53.314261, -120.101701 53.314244, -120.101667 53.314239, -120.101654 53.314221, -120.10164 53.314203, -120.101652 53.314196, -120.101667 53.314187, -120.101673 53.314169, -120.101672 53.314149, -120.10165 53.314136, -120.10162 53.314132, -120.101593 53.314122, -120.101566 53.31411, -120.101537 53.314095, -120.101521 53.31408, -120.101491 53.314078, -120.101463 53.31407, -120.101434 53.314059, -120.101407 53.314048, -120.101389 53.314033, -120.101359 53.314022, -120.10133 53.314017, -120.101311 53.313999, -120.101296 53.31398, -120.101296 53.313959, -120.101286 53.313938, -120.10128 53.313916, -120.101273 53.313894, -120.101283 53.313869, -120.101264 53.313855, -120.101261 53.313849, -120.101256 53.313842, -120.101253 53.313836, -120.101224 53.313828, -120.101192 53.313829, -120.101158 53.313815, -120.101125 53.31381, -120.101101 53.31382, -120.101079 53.313835, -120.101055 53.313851, -120.10102 53.313854, -120.100993 53.313865, -120.100962 53.313857, -120.100955 53.313856, -120.100948 53.313855, -120.100935 53.313853, -120.100911 53.313846, -120.100902 53.313843, -120.100893 53.313835, -120.100883 53.313826, -120.100875 53.313813, -120.100869 53.313814, -120.100865 53.313817, -120.100849 53.313829, -120.100824 53.313842, -120.100808 53.313841, -120.100801 53.313823, -120.100807 53.313804, -120.100813 53.313795, -120.100818 53.313789, -120.100818 53.313788, -120.100816 53.313787, -120.100784 53.313784, -120.100774 53.31379, -120.100737 53.313794, -120.100727 53.313793, -120.100719 53.313793, -120.100701 53.313792, -120.100668 53.313798, -120.100645 53.313818, -120.100626 53.313804, -120.100605 53.31379, -120.100575 53.313783, -120.100557 53.313768, -120.100536 53.313753, -120.10056 53.313765, -120.10055 53.313743, -120.100536 53.313727, -120.100498 53.313723, -120.100465 53.313727, -120.100435 53.313723, -120.100428 53.313704, -120.100406 53.313687, -120.100393 53.313668, -120.100378 53.313656, -120.100374 53.313653, -120.100358 53.313638, -120.100342 53.313621, -120.100327 53.313601, -120.100306 53.313583, -120.100299 53.313563, -120.100295 53.313554, -120.100282 53.313537, -120.100257 53.313527, -120.100226 53.313527, -120.10026 53.31353, -120.10023 53.313535, -120.10021 53.313548, -120.100181 53.313539, -120.10017 53.313522, -120.100165 53.313515, -120.100153 53.313515, -120.100126 53.313503, -120.100157 53.313505, -120.100184 53.313516, -120.100198 53.313497, -120.100199 53.313472, -120.100196 53.313451, -120.100195 53.313432, -120.100177 53.313414, -120.100175 53.313408, -120.100173 53.313402, -120.100171 53.313393, -120.100162 53.313384, -120.100153 53.313376, -120.100137 53.31336, -120.100121 53.31334, -120.100116 53.313319, -120.100119 53.313298, -120.100069 53.313278, -120.100043 53.313258, -120.100039 53.313249, -120.100024 53.313216, -120.100006 53.3132, -120.100007 53.31318, -120.100022 53.313158, -120.100014 53.313138, -120.099999 53.313119, -120.099998 53.313097, -120.099997 53.313055, -120.099992 53.313036, -120.099989 53.313015, -120.09999 53.312997, -120.099976 53.312981, -120.099954 53.312963, -120.099954 53.312942, -120.099955 53.312924, -120.099952 53.312902, -120.099933 53.312885, -120.099937 53.312866, -120.099958 53.312852, -120.099976 53.312837, -120.09998 53.312818, -120.099949 53.312802, -120.099917 53.312798, -120.099886 53.312794, -120.099874 53.312776, -120.099857 53.312755, -120.099831 53.312743, -120.099818 53.312723, -120.099803 53.312704, -120.099787 53.312685, -120.099763 53.312671, -120.099748 53.312653, -120.09974 53.312634, -120.09971 53.312628, -120.099661 53.31264, -120.099632 53.312636, -120.099603 53.312622, -120.099567 53.312609, -120.099548 53.312592, -120.099537 53.312571, -120.099529 53.312554, -120.099499 53.312541, -120.099499 53.312519, -120.0995 53.312499, -120.099484 53.312481, -120.099468 53.312462, -120.099437 53.312465, -120.099408 53.312462, -120.09937 53.312431, -120.099362 53.312414, -120.099332 53.312402, -120.099301 53.312399, -120.099273 53.312406, -120.099247 53.312396, -120.099206 53.312391, -120.09919 53.312374, -120.099148 53.312359, -120.099119 53.312353, -120.099095 53.312341, -120.099073 53.312323, -120.099065 53.312306, -120.099033 53.312306, -120.099004 53.312319, -120.09897 53.312315, -120.098941 53.312307, -120.09891 53.312292, -120.098877 53.312307, -120.098846 53.312311, -120.098813 53.312299, -120.098835 53.312286, -120.098821 53.31227, -120.098786 53.312273, -120.098753 53.312282, -120.098729 53.312293, -120.098704 53.312281, -120.098677 53.31229, -120.098642 53.312292, -120.098608 53.312296, -120.098577 53.312296, -120.098546 53.312295, -120.098513 53.312295, -120.098475 53.312289, -120.098437 53.312281, -120.098398 53.31228, -120.098338 53.312272, -120.098312 53.312285, -120.098308 53.312288, -120.098288 53.312301, -120.098262 53.312316, -120.098236 53.312329, -120.098209 53.312338, -120.098176 53.312333, -120.098167 53.312314, -120.098134 53.312313, -120.098117 53.312331, -120.098084 53.312332, -120.098059 53.31232, -120.098034 53.312308, -120.098004 53.312316, -120.097977 53.312324, -120.097964 53.312343, -120.097937 53.312356, -120.097931 53.312375, -120.097909 53.312389, -120.097875 53.31239, -120.097846 53.312395, -120.097814 53.312393, -120.097787 53.312381, -120.097753 53.312381, -120.097714 53.312372, -120.097681 53.312374, -120.097654 53.312386, -120.09763 53.312397, -120.097614 53.312382, -120.097582 53.31238, -120.097552 53.312391, -120.097511 53.312388, -120.09748 53.312382, -120.097445 53.312388, -120.097423 53.312401, -120.097395 53.312408, -120.097363 53.312417, -120.097332 53.312409, -120.09731 53.312396, -120.097282 53.312384, -120.097274 53.312361, -120.097258 53.312342, -120.097227 53.312341, -120.097195 53.312347, -120.09716 53.31234, -120.097132 53.31233, -120.097091 53.31233, -120.097053 53.312313, -120.097043 53.312296, -120.097029 53.312279, -120.097004 53.312268, -120.096991 53.312247, -120.096961 53.312243, -120.096931 53.31223, -120.096924 53.312211, -120.096899 53.312195, -120.096888 53.312172, -120.096876 53.312152, -120.096847 53.312142, -120.096817 53.312132, -120.096782 53.312127, -120.096757 53.312109, -120.09674 53.312092, -120.096726 53.31207, -120.096711 53.312053, -120.0967 53.312036, -120.096671 53.312021, -120.096646 53.312004, -120.09663 53.311986, -120.096601 53.311975, -120.09657 53.311958, -120.096539 53.311953, -120.096513 53.311941, -120.096488 53.311929, -120.096451 53.311921, -120.096425 53.311905, -120.096384 53.311906, -120.096346 53.311924, -120.096313 53.311931, -120.096277 53.311929, -120.096254 53.311915, -120.096221 53.311912, -120.096186 53.311909, -120.096147 53.311902, -120.096111 53.311894, -120.096085 53.311882, -120.096053 53.311869, -120.096024 53.311863, -120.095995 53.311857, -120.095961 53.311846, -120.095924 53.311849, -120.095903 53.311867, -120.095872 53.311879, -120.095836 53.311885, -120.095802 53.311894, -120.095786 53.311911, -120.09575 53.311923, -120.095721 53.311932, -120.0957 53.311945, -120.095673 53.311935, -120.095657 53.311915, -120.095627 53.311907, -120.095592 53.311888, -120.09556 53.311882, -120.095534 53.311892, -120.095505 53.311902, -120.095466 53.311905, -120.095432 53.311906, -120.095375 53.311911, -120.095353 53.311924, -120.095334 53.31194, -120.095315 53.311962, -120.095304 53.311975, -120.095305 53.311975, -120.095294 53.311994, -120.0953 53.312013, -120.095278 53.312033, -120.09526 53.31205, -120.095232 53.312041, -120.095251 53.312026, -120.095272 53.312012, -120.09528 53.311992, -120.095295 53.311966, -120.095295 53.311965, -120.095287 53.311958, -120.095257 53.311954, -120.095255 53.311936, -120.095237 53.311921, -120.095247 53.3119, -120.095261 53.311882, -120.095293 53.311875, -120.095318 53.311863, -120.095314 53.311842, -120.09532 53.311822, -120.095323 53.311801, -120.095316 53.311783, -120.095309 53.31176, -120.09533 53.311745, -120.09536 53.311744, -120.095389 53.311735, -120.095404 53.311718, -120.09543 53.311707, -120.095429 53.311686, -120.095452 53.311667, -120.095471 53.311652, -120.095442 53.311642, -120.095421 53.311623, -120.095391 53.311618, -120.095374 53.311602, -120.095368 53.311584, -120.095383 53.311561, -120.09544 53.311548, -120.095425 53.311527, -120.095415 53.311506, -120.09542 53.311486, -120.095453 53.311473, -120.095488 53.311458, -120.095515 53.311446, -120.095531 53.311425, -120.095492 53.311415, -120.09545 53.311415, -120.09541 53.311403, -120.09538 53.311398, -120.095345 53.311397, -120.095313 53.311388, -120.095281 53.311382, -120.095259 53.311396, -120.095232 53.311409, -120.095196 53.311406, -120.09517 53.311396, -120.095152 53.311414, -120.095146 53.311434, -120.095116 53.311444, -120.095086 53.311453, -120.095049 53.311451, -120.095017 53.311457, -120.094983 53.311456, -120.094965 53.311438, -120.094972 53.311419, -120.094966 53.311396, -120.094936 53.311384, -120.094909 53.311373, -120.094888 53.31136, -120.094849 53.31137, -120.094817 53.311375, -120.094794 53.311355, -120.094768 53.311346, -120.094732 53.311349, -120.094728 53.311349, -120.094708 53.311349, -120.094696 53.311349, -120.094664 53.311339, -120.094641 53.311326, -120.094634 53.311306, -120.094613 53.311292, -120.094582 53.311286, -120.094544 53.311283, -120.094514 53.311284, -120.094568 53.311291, -120.094534 53.31129, -120.094494 53.31129, -120.09447 53.311277, -120.094446 53.311262, -120.094435 53.311243, -120.094422 53.311227, -120.094395 53.311208, -120.094386 53.31119, -120.094367 53.311174, -120.094324 53.311169, -120.094294 53.311167, -120.094283 53.311147, -120.094288 53.311136, -120.094288 53.311135, -120.094292 53.311126, -120.094294 53.311105, -120.094157 53.311046, -120.09413 53.311037, -120.094103 53.311025, -120.094075 53.311014, -120.094053 53.310999, -120.094017 53.310998, -120.093978 53.311004, -120.093946 53.311006, -120.093919 53.310996, -120.093891 53.310985, -120.093877 53.310967, -120.09387 53.310948, -120.09386 53.310926, -120.093837 53.310941, -120.093824 53.310924, -120.093817 53.310906, -120.093832 53.310882, -120.09383 53.310863, -120.093824 53.310858, -120.093809 53.310844, -120.093799 53.31084, -120.093771 53.310826, -120.093748 53.31081, -120.09375 53.310789, -120.093762 53.31077, -120.093755 53.310752, -120.093756 53.310733, -120.093738 53.310718, -120.093759 53.310703, -120.093756 53.310682, -120.093769 53.310662, -120.093791 53.310645, -120.093816 53.310633, -120.093828 53.310615, -120.093824 53.310588, -120.093848 53.310569, -120.093861 53.310551, -120.093865 53.310528, -120.093857 53.310509, -120.093824 53.310504, -120.09381 53.310486, -120.093815 53.310463, -120.093819 53.310442, -120.093843 53.310431, -120.093856 53.310408, -120.093879 53.310392, -120.093889 53.310373, -120.093902 53.310354, -120.093913 53.310335, -120.09393 53.310311, -120.093944 53.310293, -120.093942 53.310273, -120.093923 53.310258, -120.093914 53.310237, -120.093883 53.310227, -120.093861 53.310214, -120.093849 53.310195, -120.093874 53.310176, -120.093892 53.310152, -120.093928 53.310146, -120.093969 53.310146, -120.094 53.310141, -120.094021 53.310126, -120.094028 53.310107, -120.09403 53.310084, -120.09404 53.31006, -120.094043 53.310041, -120.094059 53.310022, -120.094068 53.310005, -120.094047 53.30999, -120.094049 53.309971, -120.094036 53.309953, -120.093993 53.309954, -120.093869 53.30986, -120.093851 53.309845, -120.09384 53.309827, -120.09381 53.309824, -120.093778 53.309841, -120.093739 53.309851, -120.093697 53.309851, -120.093657 53.309851, -120.093621 53.309853, -120.093582 53.309854, -120.093566 53.30987, -120.093539 53.309884, -120.093505 53.309872, -120.093479 53.30986, -120.093447 53.309864, -120.093453 53.309843, -120.093479 53.309829, -120.093514 53.309824, -120.09352 53.309801, -120.09353 53.309781, -120.093538 53.30976, -120.093542 53.309737, -120.093564 53.309717, -120.093582 53.3097, -120.093594 53.309676, -120.093614 53.309653, -120.093582 53.309653, -120.093547 53.309654, -120.093515 53.309652, -120.093481 53.309648, -120.093445 53.30965, -120.093417 53.309659, -120.093396 53.309677, -120.093367 53.309685, -120.093336 53.309692, -120.093291 53.30971, -120.093254 53.309714, -120.093221 53.309718, -120.093193 53.309732, -120.093164 53.309747, -120.09315 53.309765, -120.093118 53.309778, -120.093106 53.309796, -120.093085 53.30981, -120.093051 53.309823, -120.093024 53.309835, -120.092986 53.309842, -120.092947 53.309865, -120.09292 53.309879, -120.092899 53.309893, -120.092861 53.309909, -120.092836 53.309921, -120.092809 53.309941, -120.092791 53.309958, -120.092823 53.309969, -120.092809 53.309985, -120.092794 53.310005, -120.092777 53.310028, -120.092763 53.310047, -120.092745 53.310064, -120.092722 53.310078, -120.092689 53.310077, -120.092715 53.310102, -120.092737 53.310118, -120.092771 53.31012, -120.092783 53.310138, -120.092801 53.310152, -120.092826 53.310167, -120.092841 53.310184, -120.09288 53.310188, -120.092911 53.31019, -120.092946 53.310191, -120.092978 53.310201, -120.092987 53.310204, -120.092961 53.310211, -120.092969 53.310234, -120.092982 53.310251, -120.092975 53.310251, -120.092949 53.310264, -120.092911 53.310279, -120.092881 53.310291, -120.09285 53.310293, -120.09283 53.310309, -120.092787 53.310324, -120.092759 53.310336, -120.092732 53.310344, -120.09273 53.310368, -120.092739 53.310383, -120.09272 53.310384, -120.092691 53.310369, -120.092651 53.310367, -120.092613 53.310353, -120.092611 53.310332, -120.092639 53.310324, -120.092665 53.310314, -120.092707 53.310306, -120.092736 53.310297, -120.092768 53.310284, -120.092778 53.310267, -120.092752 53.310255, -120.092756 53.310236, -120.092726 53.31023, -120.092689 53.310231, -120.092657 53.310228, -120.092604 53.310225, -120.092575 53.310219, -120.09257 53.310238, -120.092536 53.310236, -120.092502 53.31024, -120.092443 53.310257, -120.092412 53.310264, -120.092366 53.310288, -120.092347 53.310304, -120.092346 53.310322, -120.092326 53.310337, -120.092296 53.310343, -120.092266 53.310347, -120.092225 53.31036, -120.092193 53.310358, -120.092161 53.31036, -120.092139 53.310373, -120.092121 53.310388, -120.092089 53.310402, -120.09207 53.310416, -120.092045 53.310405, -120.091997 53.310406, -120.091968 53.310399, -120.091931 53.310396, -120.091907 53.310409, -120.091872 53.31042, -120.091843 53.310433, -120.09182 53.310445, -120.091789 53.310448, -120.091778 53.310431, -120.091753 53.31042, -120.09167 53.310507, -120.091663 53.310525, -120.091646 53.310549, -120.091665 53.310542, -120.091662 53.310547, -120.091662 53.310568, -120.091656 53.310586, -120.09163 53.310598, -120.091607 53.310616, -120.091599 53.310633, -120.091573 53.310645, -120.091562 53.310664, -120.091559 53.310684, -120.091519 53.310689, -120.091487 53.310692, -120.091463 53.310711, -120.091437 53.310724, -120.091402 53.310718, -120.091384 53.310733, -120.091362 53.310751, -120.09133 53.31075, -120.091331 53.310772, -120.09136 53.310786, -120.091381 53.310801, -120.091383 53.310822, -120.091369 53.310841, -120.091343 53.310852, -120.09131 53.310851, -120.091286 53.310868, -120.091261 53.310886, -120.091245 53.310905, -120.091246 53.310926, -120.091273 53.310923, -120.091254 53.310943, -120.091242 53.31096, -120.09122 53.310982, -120.091214 53.311002, -120.091205 53.311026, -120.091175 53.311031, -120.091137 53.31102, -120.091106 53.31101, -120.091066 53.31101, -120.09104 53.311022, -120.091018 53.311044, -120.090995 53.311063, -120.090996 53.311084, -120.090962 53.31108, -120.09093 53.311087, -120.090944 53.311106, -120.090914 53.311111, -120.090875 53.311107, -120.090841 53.311117, -120.090814 53.311136, -120.090795 53.311152, -120.090787 53.31117, -120.090763 53.311191, -120.090783 53.31121, -120.090779 53.311213, -120.090787 53.311218, -120.09077 53.311219, -120.090762 53.311225, -120.090764 53.31122, -120.090764 53.311219, -120.090747 53.311221, -120.090729 53.311236, -120.090731 53.311261, -120.090725 53.311283, -120.090732 53.311305, -120.090727 53.311324, -120.090719 53.311338, -120.090714 53.311347, -120.090694 53.311365, -120.090704 53.311385, -120.090727 53.3114, -120.090723 53.311421, -120.090691 53.311431, -120.090685 53.311451, -120.090678 53.31147, -120.090655 53.31149, -120.090654 53.311512, -120.090634 53.311527, -120.090616 53.311546, -120.090615 53.311569, -120.090614 53.311588, -120.090614 53.311613, -120.090601 53.311633, -120.090589 53.311654, -120.090563 53.311663, -120.090528 53.311673, -120.090529 53.311692, -120.090518 53.31171, -120.090482 53.311714, -120.090485 53.311735, -120.090464 53.31175, -120.090441 53.311765, -120.090416 53.311781, -120.090399 53.311799, -120.090365 53.311799, -120.090344 53.311813, -120.090324 53.311826, -120.090297 53.311835, -120.090301 53.311855, -120.090291 53.311873, -120.090281 53.311891, -120.090278 53.311911, -120.090269 53.311921, -120.090262 53.31193, -120.090257 53.311948, -120.090223 53.311953, -120.090199 53.311968, -120.090192 53.311988, -120.090192 53.312006, -120.090165 53.312019, -120.090186 53.312034, -120.090152 53.312034, -120.090123 53.312042, -120.090109 53.312059, -120.090076 53.312046, -120.090046 53.312015, -120.090036 53.311978, -120.090011 53.311968, -120.090017 53.31199, -120.089995 53.312051, -120.089859 53.312357, -120.08954 53.312481, -120.089386 53.312511, -120.089357 53.312517, -120.089207 53.312546, -120.089093 53.312568, -120.089094 53.312576, -120.089025 53.312603, -120.088844 53.312584, -120.088861 53.312648, -120.088767 53.312671, -120.088576 53.312639, -120.088454 53.312517, -120.088377 53.312439, -120.088282 53.312421, -120.088206 53.312361, -120.088089 53.312267, -120.088104 53.312372, -120.088219 53.312478, -120.088146 53.312561, -120.088118 53.312565, -120.088083 53.312571, -120.088046 53.312576, -120.08808 53.312654, -120.088123 53.312728, -120.088026 53.312772, -120.088025 53.312773, -120.08787 53.312798, -120.087789 53.312785, -120.087756 53.312779, -120.087745 53.312787, -120.0877 53.312819, -120.08763 53.312884, -120.087468 53.312852, -120.08735 53.312777, -120.087321 53.312776, -120.087306 53.312841, -120.087224 53.312772, -120.087215 53.312764, -120.087109 53.312716, -120.086995 53.312709, -120.086827 53.312634, -120.086685 53.312662, -120.086557 53.312658, -120.086496 53.312718, -120.086496 53.312722, -120.086505 53.312802, -120.086414 53.312843, -120.086243 53.312829, -120.086113 53.312799, -120.085928 53.312763, -120.085711 53.312719, -120.085567 53.312696, -120.085484 53.312638, -120.085419 53.312591, -120.08534 53.31255, -120.085286 53.312522, -120.085181 53.312429, -120.085008 53.312402, -120.084853 53.312332, -120.084656 53.312323, -120.084476 53.312221, -120.084243 53.312131, -120.084071 53.31206, -120.083884 53.312042, -120.083886 53.311985, -120.083822 53.311917, -120.083811 53.311906, -120.083806 53.311903, -120.083776 53.311884, -120.083724 53.311851, -120.083574 53.311857, -120.083403 53.311805, -120.083538 53.311897, -120.08358 53.311962, -120.083706 53.31199, -120.083824 53.312071, -120.083874 53.312122, -120.083661 53.312134, -120.083565 53.311995, -120.083389 53.311944, -120.083244 53.311941, -120.083181 53.311975, -120.083032 53.311986, -120.082866 53.311926, -120.082628 53.311854, -120.082592 53.31193, -120.082728 53.312022, -120.082853 53.312071, -120.082859 53.312074, -120.083037 53.312147, -120.083099 53.312217, -120.083201 53.312297, -120.08321 53.312363, -120.083023 53.312362, -120.082995 53.312421, -120.082892 53.312415, -120.082786 53.312336, -120.082637 53.312315, -120.082488 53.31235, -120.082386 53.312321, -120.082163 53.312315, -120.082063 53.312368, -120.081991 53.312291, -120.081836 53.312328, -120.081754 53.312317, -120.081582 53.312283, -120.081509 53.312182, -120.081339 53.312131, -120.081191 53.312099, -120.081068 53.312079, -120.080992 53.312028, -120.080874 53.31206, -120.080731 53.312074, -120.080628 53.312038, -120.080699 53.312012, -120.080587 53.311975, -120.080707 53.311946, -120.080749 53.311905, -120.080679 53.311843, -120.080546 53.311801, -120.08055 53.31175, -120.080551 53.31173, -120.080552 53.311713, -120.080566 53.31165, -120.08042 53.311612, -120.080347 53.311572, -120.080339 53.311586, -120.080323 53.311616, -120.080232 53.311582, -120.080159 53.31149, -120.080082 53.311433, -120.080043 53.311392, -120.080012 53.311337, -120.080003 53.311289, -120.079973 53.311229, -120.079901 53.311208, -120.079881 53.311262, -120.079777 53.311264, -120.079866 53.31121, -120.079824 53.311162, -120.079701 53.311122, -120.079643 53.311071, -120.079881 53.311099, -120.079982 53.311071, -120.079988 53.31107, -120.08001 53.311014, -120.080081 53.311039, -120.080183 53.310967, -120.080153 53.310925, -120.07996 53.310876, -120.079858 53.310736, -120.080096 53.310721, -120.079874 53.310655, -120.079711 53.310559, -120.079836 53.310513, -120.079804 53.310397, -120.07978 53.310379, -120.079774 53.310374, -120.079697 53.310317, -120.079698 53.310256, -120.079638 53.310191, -120.079616 53.310199, -120.079525 53.310231, -120.079485 53.310274, -120.079483 53.310276, -120.079392 53.310348, -120.079264 53.310365, -120.079192 53.310301, -120.07927 53.31024, -120.079341 53.310168, -120.079321 53.310121, -120.079348 53.31009, -120.079391 53.310042, -120.079599 53.310085, -120.079591 53.310076, -120.079578 53.31006, -120.079556 53.310033, -120.079635 53.309943, -120.079628 53.309896, -120.079439 53.309861, -120.079314 53.309818, -120.079558 53.309665, -120.07966 53.309613, -120.079741 53.309583, -120.079737 53.309534, -120.079587 53.309507, -120.079567 53.309391, -120.07942 53.309365, -120.079522 53.309483, -120.079456 53.309461, -120.079354 53.309494, -120.079273 53.309514, -120.07918 53.309526, -120.079214 53.309569, -120.079207 53.309622, -120.079221 53.3097, -120.0792 53.309746, -120.079172 53.309788, -120.079281 53.309832, -120.079134 53.309844, -120.079194 53.309886, -120.079138 53.309918, -120.079132 53.309922, -120.0789 53.309831, -120.078761 53.309809, -120.078666 53.309707, -120.078465 53.309683, -120.07833 53.309674, -120.078224 53.309667, -120.078112 53.309566, -120.0781 53.309555, -120.078125 53.309468, -120.078235 53.309391, -120.078284 53.309376, -120.078391 53.309345, -120.078515 53.309339, -120.07843 53.309314, -120.078201 53.309238, -120.078116 53.309148, -120.078074 53.309115, -120.078046 53.309092, -120.07799 53.309047, -120.078 53.308998, -120.077825 53.309022, -120.0777 53.309041, -120.077671 53.308997, -120.077659 53.309048, -120.077603 53.309122, -120.07761 53.309154, -120.077616 53.309185, -120.077485 53.309162, -120.077362 53.309212, -120.077248 53.309253, -120.077168 53.309248, -120.077075 53.30924, -120.076966 53.309203, -120.076898 53.309222, -120.076772 53.309253, -120.076642 53.309236, -120.076638 53.309188, -120.076689 53.309151, -120.076825 53.309097, -120.076788 53.309061, -120.076774 53.309047, -120.076583 53.309003, -120.076532 53.308979, -120.076515 53.30897, -120.076419 53.308924, -120.076237 53.308861, -120.076068 53.308804, -120.075897 53.308788, -120.075772 53.308821, -120.075696 53.308926, -120.07554 53.308932, -120.075373 53.30885, -120.075164 53.308801, -120.075023 53.308854, -120.074958 53.308951, -120.075098 53.309007, -120.074982 53.309095, -120.074907 53.30911, -120.074717 53.309125, -120.074485 53.30908, -120.074393 53.309082, -120.074517 53.30919, -120.07443 53.309263, -120.074549 53.309365, -120.074584 53.309408, -120.074587 53.309453, -120.074687 53.309477, -120.074734 53.309544, -120.074683 53.309638, -120.074728 53.309686, -120.074696 53.309691, -120.074656 53.309697, -120.074634 53.309701, -120.074665 53.309742, -120.074661 53.309762, -120.074653 53.309804, -120.074703 53.309843, -120.074829 53.309884, -120.074597 53.309896, -120.074566 53.309946, -120.07468 53.310024, -120.074588 53.310073, -120.074662 53.310102, -120.074597 53.310164, -120.074497 53.310136, -120.074538 53.310218, -120.07449 53.310283, -120.074489 53.310317, -120.074489 53.31032, -120.074488 53.310355, -120.074426 53.310408, -120.074302 53.310411, -120.07422 53.310443, -120.074275 53.310476, -120.074332 53.310509, -120.074143 53.310473, -120.073934 53.310416, -120.073922 53.310413, -120.073884 53.310324, -120.073817 53.3103, -120.073676 53.310263, -120.07388 53.310228, -120.07396 53.310138, -120.073857 53.310143, -120.073736 53.310117, -120.073586 53.3101, -120.073509 53.310113, -120.073526 53.310166, -120.073369 53.310151, -120.073249 53.310073, -120.073227 53.310058, -120.073275 53.309993, -120.073293 53.309944, -120.073144 53.309894, -120.072946 53.309806, -120.072825 53.309774, -120.07282 53.309852, -120.072857 53.309892, -120.072721 53.309916, -120.07264 53.309912, -120.072592 53.309955, -120.072594 53.310015, -120.072509 53.310012, -120.072461 53.310054, -120.072323 53.310079, -120.072201 53.310076, -120.072081 53.310108, -120.07201 53.310123, -120.071929 53.310122, -120.07192 53.310067, -120.071991 53.309973, -120.072078 53.309895, -120.072164 53.309883, -120.072122 53.309844, -120.072057 53.309809, -120.072004 53.309772, -120.071824 53.30973, -120.071822 53.309684, -120.071723 53.309622, -120.071582 53.309562, -120.071469 53.309576, -120.071423 53.309619, -120.071407 53.309678, -120.071284 53.30962, -120.071201 53.309632, -120.070991 53.309616, -120.070957 53.309645, -120.07109 53.309694, -120.071146 53.309738, -120.071051 53.309786, -120.070829 53.309778, -120.070613 53.309769, -120.07076 53.309859, -120.070717 53.309903, -120.070662 53.309935, -120.070666 53.310005, -120.070602 53.310033, -120.070419 53.310019, -120.070421 53.310025, -120.070437 53.310075, -120.070444 53.310126, -120.07053 53.31015, -120.070494 53.310204, -120.070441 53.310275, -120.070255 53.310258, -120.070049 53.310245, -120.069929 53.310372, -120.069898 53.310383, -120.069876 53.310395, -120.069861 53.310412, -120.069834 53.310403, -120.069826 53.310426, -120.069796 53.310436, -120.069786 53.310404, -120.069773 53.310421, -120.069728 53.310422, -120.069696 53.310431, -120.06969 53.31045, -120.069677 53.310468, -120.06967 53.31045, -120.069674 53.310431, -120.069656 53.31041, -120.069644 53.310409, -120.069624 53.310421, -120.069621 53.310442, -120.069587 53.310467, -120.069576 53.310475, -120.069566 53.310492, -120.069552 53.31051, -120.069507 53.31052, -120.06947 53.310527, -120.069426 53.310529, -120.069455 53.310513, -120.069454 53.310493, -120.069421 53.310486, -120.069388 53.310491, -120.069369 53.31051, -120.069336 53.310522, -120.069301 53.310519, -120.06929 53.310501, -120.069276 53.310484, -120.069235 53.31049, -120.069219 53.310462, -120.069256 53.310463, -120.06922 53.310452, -120.069202 53.310437, -120.069165 53.310443, -120.069135 53.310452, -120.069111 53.31044, -120.069083 53.310445, -120.06905 53.310456, -120.069019 53.310459, -120.068974 53.310467, -120.068949 53.310477, -120.068924 53.310464, -120.068935 53.310446, -120.0689 53.310458, -120.068869 53.310461, -120.068832 53.310474, -120.068801 53.310472, -120.068768 53.310486, -120.068739 53.310493, -120.068735 53.310471, -120.068698 53.310465, -120.068677 53.310487, -120.068658 53.310467, -120.068625 53.310472, -120.068592 53.310485, -120.068552 53.310477, -120.068519 53.310477, -120.068479 53.310482, -120.068447 53.310487, -120.068453 53.310475, -120.068424 53.31047, -120.068393 53.310474, -120.068397 53.310496, -120.06839 53.310519, -120.06836 53.310521, -120.068331 53.310538, -120.068303 53.310505, -120.06827 53.310508, -120.068231 53.310516, -120.068199 53.310521, -120.068149 53.310509, -120.068143 53.310532, -120.068111 53.31054, -120.06808 53.310544, -120.068047 53.310544, -120.068009 53.310543, -120.06798 53.310536, -120.067953 53.310545, -120.067929 53.310566, -120.067905 53.310575, -120.067903 53.310576, -120.067889 53.310595, -120.067858 53.310604, -120.067826 53.310592, -120.067805 53.310605, -120.067766 53.31061, -120.067764 53.310591, -120.067718 53.310604, -120.067675 53.310607, -120.067629 53.310623, -120.067596 53.310628, -120.067611 53.310607, -120.067579 53.31061, -120.067529 53.31061, -120.067497 53.310613, -120.067462 53.310613, -120.067433 53.310591, -120.067449 53.310574, -120.067437 53.310549, -120.067428 53.310532, -120.067432 53.31051, -120.067423 53.310493, -120.067385 53.310494, -120.067377 53.310467, -120.067348 53.310455, -120.067342 53.310434, -120.067325 53.310418, -120.067311 53.310405, -120.067309 53.310402, -120.06734 53.310404, -120.067334 53.310386, -120.067318 53.310369, -120.067329 53.310345, -120.067359 53.310333, -120.06738 53.310321, -120.067431 53.310341, -120.067409 53.310324, -120.067445 53.310326, -120.067434 53.310308, -120.067425 53.310289, -120.067405 53.310258, -120.067439 53.310264, -120.067478 53.310263, -120.067515 53.310263, -120.067496 53.310248, -120.067539 53.310245, -120.06757 53.31024, -120.067553 53.31022, -120.067561 53.310198, -120.06755 53.310179, -120.067561 53.310156, -120.067529 53.310145, -120.06749 53.310155, -120.067462 53.310174, -120.067435 53.310164, -120.067409 53.310148, -120.067354 53.310157, -120.067315 53.310159, -120.067257 53.310143, -120.067216 53.310129, -120.067256 53.31013, -120.06726 53.310102, -120.067268 53.310081, -120.067299 53.310075, -120.067342 53.3101, -120.067375 53.310097, -120.067404 53.31011, -120.067399 53.310083, -120.067431 53.310084, -120.067438 53.310077, -120.067404 53.310068, -120.067386 53.310053, -120.067356 53.310032, -120.067368 53.310008, -120.067377 53.30999, -120.067407 53.309984, -120.067441 53.309974, -120.067473 53.309974, -120.067506 53.309975, -120.067477 53.30996, -120.067446 53.309964, -120.067416 53.309959, -120.067437 53.309942, -120.067407 53.309957, -120.067384 53.309982, -120.067357 53.309993, -120.067327 53.310003, -120.067315 53.310025, -120.06732 53.310003, -120.067307 53.309982, -120.067271 53.309986, -120.067243 53.309971, -120.067246 53.309944, -120.067205 53.30994, -120.067172 53.309943, -120.067168 53.309963, -120.067195 53.309997, -120.067193 53.310019, -120.067164 53.310027, -120.067131 53.310018, -120.067112 53.309995, -120.067107 53.309977, -120.067077 53.309967, -120.067069 53.309949, -120.06705 53.30993, -120.066981 53.30996, -120.066947 53.309955, -120.066915 53.309961, -120.066909 53.309931, -120.066893 53.309911, -120.066879 53.309929, -120.066847 53.309924, -120.066809 53.309926, -120.066773 53.309938, -120.066752 53.309961, -120.066713 53.309966, -120.066686 53.30998, -120.066656 53.309983, -120.066634 53.309965, -120.066597 53.309977, -120.066572 53.309962, -120.066545 53.309943, -120.066523 53.309925, -120.066504 53.309909, -120.066472 53.309913, -120.066436 53.309886, -120.066435 53.309909, -120.0664 53.309897, -120.066372 53.309887, -120.066338 53.309883, -120.066302 53.309885, -120.066298 53.309884, -120.066224 53.309881, -120.0662 53.309887, -120.066196 53.309888, -120.066173 53.309894, -120.066171 53.309895, -120.066183 53.309908, -120.066191 53.309927, -120.066154 53.309928, -120.066135 53.309914, -120.066165 53.309888, -120.066221 53.309875, -120.066232 53.309855, -120.066224 53.309831, -120.066193 53.309833, -120.06615 53.309823, -120.066083 53.30981, -120.066082 53.30979, -120.066081 53.309771, -120.066035 53.309783, -120.066016 53.309757, -120.065979 53.309746, -120.065995 53.309725, -120.065961 53.309706, -120.065929 53.309702, -120.065928 53.309683, -120.065965 53.309685, -120.065978 53.309668, -120.065988 53.309647, -120.065986 53.309644, -120.065971 53.309651, -120.065969 53.309625, -120.065979 53.30961, -120.065979 53.309609, -120.065979 53.309598, -120.065968 53.309575, -120.065981 53.309549, -120.065931 53.309561, -120.065896 53.309542, -120.06587 53.309511, -120.065857 53.309493, -120.065823 53.309485, -120.065785 53.309483, -120.065773 53.309465, -120.065753 53.309505, -120.065742 53.309468, -120.065736 53.309443, -120.065694 53.309434, -120.065694 53.309414, -120.065687 53.309425, -120.0657 53.30939, -120.065707 53.309395, -120.065707 53.309416, -120.065732 53.309379, -120.065755 53.309351, -120.065729 53.309324, -120.065698 53.309337, -120.065686 53.309347, -120.065698 53.309357, -120.065659 53.30937, -120.06567 53.309398, -120.065659 53.309416, -120.06565 53.309377, -120.065649 53.309357, -120.06564 53.309328, -120.065599 53.309374, -120.065602 53.309312, -120.065642 53.309292, -120.065638 53.309274, -120.065618 53.309276, -120.065594 53.309236, -120.06563 53.309221, -120.065689 53.309172, -120.06564 53.309194, -120.065606 53.309213, -120.065579 53.309217, -120.065552 53.309231, -120.065528 53.309231, -120.065566 53.309206, -120.065525 53.309219, -120.065593 53.309177, -120.065577 53.309197, -120.065607 53.309189, -120.06562 53.309151, -120.065634 53.309124, -120.065569 53.309104, -120.065581 53.309081, -120.065601 53.30906, -120.065541 53.309069, -120.065556 53.309041, -120.065585 53.308986, -120.065553 53.308982, -120.065547 53.308964, -120.065588 53.308963, -120.06559 53.308961, -120.065593 53.308944, -120.065586 53.308917, -120.065551 53.308906, -120.065516 53.308906, -120.065492 53.308924, -120.06549 53.308896, -120.065484 53.308878, -120.065457 53.308854, -120.065467 53.308833, -120.065442 53.308823, -120.065414 53.308808, -120.065412 53.308789, -120.065418 53.308764, -120.065423 53.308749, -120.065426 53.308733, -120.065398 53.308719, -120.065392 53.308697, -120.06541 53.308681, -120.06538 53.308662, -120.06535 53.308675, -120.06535 53.308653, -120.06539 53.308653, -120.065426 53.30864, -120.065465 53.308637, -120.065502 53.308608, -120.065443 53.308623, -120.065466 53.308607, -120.065491 53.308577, -120.065462 53.308605, -120.065441 53.308554, -120.065409 53.308557, -120.065392 53.308537, -120.065377 53.308514, -120.0654 53.308481, -120.065454 53.308495, -120.065457 53.308493, -120.065454 53.308493, -120.065446 53.308475, -120.065458 53.308492, -120.065508 53.308492, -120.065553 53.308457, -120.065483 53.308467, -120.065464 53.308439, -120.065447 53.308449, -120.06544 53.308462, -120.065424 53.308456, -120.065429 53.308423, -120.06541 53.308439, -120.065415 53.30842, -120.065413 53.308413, -120.065361 53.308412, -120.065372 53.308371, -120.06537 53.308397, -120.065405 53.308383, -120.0655 53.308287, -120.065521 53.308282, -120.065583 53.308292, -120.065543 53.308317, -120.065583 53.308317, -120.065612 53.308305, -120.065634 53.3083, -120.065642 53.308299, -120.065673 53.308294, -120.065687 53.308292, -120.065707 53.30828, -120.065671 53.308292, -120.065708 53.30827, -120.06573 53.308248, -120.065733 53.308246, -120.065728 53.308248, -120.065703 53.30826, -120.065678 53.308247, -120.06565 53.308236, -120.065642 53.30821, -120.065697 53.30819, -120.065681 53.308155, -120.065718 53.308133, -120.065763 53.308114, -120.065775 53.308094, -120.065792 53.308082, -120.065777 53.308052, -120.065775 53.308005, -120.065734 53.308011, -120.065718 53.308015, -120.065702 53.307997, -120.065652 53.30802, -120.065675 53.308006, -120.06564 53.307985, -120.065665 53.307941, -120.065636 53.307953, -120.065585 53.30795, -120.065568 53.307932, -120.065534 53.307941, -120.06552 53.307945, -120.065502 53.307957, -120.065487 53.307976, -120.065456 53.307956, -120.065457 53.307914, -120.065444 53.30789, -120.065415 53.307882, -120.065419 53.307863, -120.06544 53.307809, -120.065407 53.307781, -120.065411 53.307761, -120.065383 53.307765, -120.065381 53.307788, -120.065359 53.307768, -120.065351 53.307768, -120.065338 53.307779, -120.065331 53.30777, -120.065326 53.307759, -120.065326 53.307757, -120.06529 53.307752, -120.065256 53.307725, -120.06525 53.307753, -120.065252 53.307792, -120.065211 53.307783, -120.065203 53.30776, -120.065167 53.307754, -120.065121 53.307764, -120.065086 53.307747, -120.065067 53.307724, -120.065051 53.30769, -120.065029 53.307675, -120.06501 53.307647, -120.065005 53.307629, -120.064973 53.307623, -120.064946 53.307574, -120.065904 53.307508, -120.065902 53.307504, -120.065903 53.307489, -120.06591 53.307402, -120.065917 53.307352, -120.065904 53.307313, -120.065919 53.307299, -120.065995 53.307256, -120.065996 53.307256, -120.065996 53.307256, -120.065994 53.307256, -120.065926 53.307245, -120.065915 53.307183, -120.065912 53.307183, -120.06594 53.307137, -120.065917 53.307089, -120.065908 53.307037, -120.06592 53.307032, -120.06594 53.306995, -120.065945 53.306993, -120.065929 53.306964, -120.06596 53.306921, -120.065962 53.306918, -120.066037 53.306873, -120.066019 53.30684, -120.066034 53.306774, -120.066063 53.306778, -120.06609 53.306768, -120.066095 53.30673, -120.066143 53.306676, -120.066192 53.306647, -120.066219 53.306655, -120.066218 53.306654, -120.066229 53.306658, -120.066241 53.306589, -120.066204 53.306547, -120.066292 53.306459, -120.066248 53.30642, -120.066257 53.306408, -120.066254 53.306391, -120.066194 53.306408, -120.066245 53.306384, -120.066252 53.306387, -120.066248 53.30638, -120.066238 53.306362, -120.066236 53.306359, -120.066252 53.306335, -120.066262 53.306316, -120.066303 53.306277, -120.066343 53.306233, -120.066358 53.306209, -120.066356 53.306179, -120.066395 53.306166, -120.066472 53.306133, -120.066477 53.306087, -120.066592 53.306055, -120.066645 53.306003, -120.066646 53.305971, -120.066623 53.305932, -120.066631 53.305902, -120.066632 53.305891, -120.06659 53.305869, -120.066553 53.305849, -120.066503 53.305842, -120.066577 53.305811, -120.066615 53.305763, -120.06666 53.305786, -120.06671 53.305722, -120.066714 53.305794, -120.066794 53.305777, -120.066878 53.305648, -120.066939 53.305676, -120.067027 53.305647, -120.067085 53.305597, -120.06706 53.305584, -120.067024 53.305573, -120.067111 53.305587, -120.067112 53.305587, -120.067192 53.305555, -120.067191 53.305527, -120.06724 53.30549, -120.067237 53.30543, -120.067252 53.305441, -120.067311 53.305433, -120.067365 53.305404, -120.067474 53.30539, -120.067536 53.305355, -120.067539 53.305356, -120.067553 53.305357, -120.067568 53.305321, -120.067593 53.305282, -120.067554 53.305237, -120.067535 53.30524, -120.067536 53.305224, -120.067486 53.305221, -120.067391 53.30527, -120.067405 53.305238, -120.067388 53.305222, -120.06736 53.305244, -120.067247 53.305281, -120.067185 53.305284, -120.067114 53.305332, -120.067063 53.305338, -120.06694 53.305284, -120.066831 53.305268, -120.066824 53.305222, -120.066789 53.305157, -120.066863 53.305113, -120.066995 53.305074, -120.067088 53.305041, -120.067141 53.304984, -120.067202 53.304888, -120.067211 53.304887, -120.067224 53.304886, -120.067235 53.304866, -120.067252 53.304878, -120.067263 53.304867, -120.067258 53.304812, -120.067271 53.304766, -120.067291 53.30473, -120.067341 53.304705, -120.067374 53.304688, -120.067472 53.304674, -120.067471 53.304659, -120.067519 53.304633, -120.067553 53.304649, -120.067585 53.304601, -120.067495 53.304602, -120.06752 53.304571, -120.067512 53.304497, -120.067542 53.304506, -120.067584 53.304498, -120.067596 53.304473, -120.067629 53.304422, -120.067577 53.304394, -120.067568 53.30436, -120.067574 53.304328, -120.067514 53.304327, -120.067461 53.304311, -120.067477 53.304327, -120.067414 53.304315, -120.067394 53.304312, -120.067326 53.304348, -120.067245 53.304408, -120.067204 53.304397, -120.067165 53.304405, -120.06706 53.304442, -120.066962 53.304466, -120.066961 53.30439, -120.066939 53.304327, -120.066829 53.304286, -120.066743 53.304258, -120.066703 53.304228, -120.066671 53.30419, -120.066621 53.304166, -120.066571 53.304191, -120.066569 53.304196, -120.066539 53.30422, -120.066506 53.304254, -120.066415 53.304277, -120.066395 53.30429, -120.066376 53.304323, -120.06632 53.304302, -120.066249 53.304273, -120.066196 53.304229, -120.066116 53.304183, -120.066096 53.304136, -120.066073 53.304085, -120.066041 53.304041, -120.066041 53.303976, -120.066042 53.303962, -120.066029 53.303906, -120.065997 53.303897, -120.065991 53.303905, -120.065985 53.303883, -120.065944 53.303863, -120.065891 53.303841, -120.065845 53.303818, -120.065769 53.303794, -120.065728 53.30375, -120.06573 53.303706, -120.065763 53.303671, -120.065774 53.303672, -120.065773 53.303619, -120.065789 53.30362, -120.065838 53.303597, -120.065838 53.303523, -120.065793 53.303503, -120.065734 53.303452, -120.06573 53.303459, -120.0657 53.30341, -120.065616 53.303374, -120.065598 53.303323, -120.065547 53.303291, -120.065475 53.303209, -120.065401 53.303138, -120.065317 53.30307, -120.065344 53.302961, -120.065348 53.302946, -120.065349 53.302941, -120.065365 53.302878, -120.065326 53.302863, -120.065269 53.302847, -120.065196 53.302838, -120.065098 53.302766, -120.065036 53.30275, -120.064952 53.302733, -120.064913 53.302708, -120.064857 53.302632, -120.06482 53.302564, -120.064747 53.302532, -120.064672 53.302471, -120.064622 53.302417, -120.064539 53.302336, -120.064524 53.302311, -120.06452 53.302306, -120.064544 53.302263, -120.064541 53.302264, -120.064532 53.302264, -120.064558 53.302228, -120.064559 53.302198, -120.064501 53.302217, -120.064411 53.302224, -120.064344 53.302256, -120.064309 53.30231, -120.064187 53.302298, -120.064111 53.302236, -120.064012 53.302123, -120.064017 53.302062, -120.064008 53.301987, -120.063999 53.301979, -120.064002 53.301962, -120.063996 53.301956, -120.064001 53.301954, -120.064 53.301951, -120.064006 53.301941, -120.06401 53.301934, -120.064047 53.301882, -120.064046 53.301853, -120.064046 53.301831, -120.064068 53.301786, -120.06411 53.301722, -120.064133 53.301709, -120.064221 53.301708, -120.064255 53.301712, -120.064299 53.301647, -120.064318 53.301676, -120.064372 53.301683, -120.064379 53.301668, -120.064391 53.301679, -120.064399 53.301686, -120.064429 53.301679, -120.064473 53.301683, -120.064548 53.301684, -120.064607 53.301669, -120.06472 53.301677, -120.064805 53.301662, -120.064909 53.301663, -120.064993 53.301671, -120.065021 53.301673, -120.06506 53.301683, -120.065076 53.301661, -120.065039 53.301658, -120.064999 53.301661, -120.064996 53.301643, -120.064995 53.301617, -120.065002 53.301599, -120.065035 53.301594, -120.065015 53.301575, -120.065025 53.301593, -120.064993 53.301578, -120.064998 53.301564, -120.064998 53.301563, -120.065 53.301557, -120.06502 53.301537, -120.065055 53.301521, -120.065085 53.301519, -120.065071 53.3015, -120.065095 53.301483, -120.065064 53.301471, -120.065032 53.30147, -120.065054 53.301451, -120.065057 53.301436, -120.065058 53.301432, -120.065092 53.301404, -120.065108 53.30142, -120.065129 53.30143, -120.065132 53.301432, -120.065129 53.301428, -120.065118 53.301415, -120.06512 53.301383, -120.065097 53.301369, -120.065081 53.301352, -120.065119 53.301358, -120.065148 53.301365, -120.065151 53.301366, -120.065148 53.301365, -120.065115 53.301353, -120.065141 53.301335, -120.065143 53.301329, -120.065143 53.301328, -120.065147 53.301314, -120.065144 53.301278, -120.065111 53.301302, -120.065097 53.301322, -120.065092 53.301299, -120.065071 53.301254, -120.065071 53.301234, -120.06511 53.301236, -120.065148 53.301229, -120.065183 53.301233, -120.065165 53.301218, -120.065181 53.301202, -120.065151 53.3012, -120.065149 53.301182, -120.065147 53.301161, -120.065153 53.301127, -120.065205 53.301125, -120.065178 53.301111, -120.065172 53.301094, -120.065171 53.301091, -120.06519 53.301073, -120.065207 53.301076, -120.065231 53.301081, -120.065241 53.301057, -120.065251 53.301037, -120.065255 53.301017, -120.065228 53.301011, -120.065253 53.301007, -120.065282 53.300999, -120.0653 53.301013, -120.065305 53.30101, -120.065304 53.301012, -120.065284 53.301027, -120.065307 53.301038, -120.065331 53.301049, -120.065299 53.301046, -120.065312 53.301066, -120.065278 53.301066, -120.065256 53.301081, -120.065282 53.30109, -120.065294 53.301108, -120.065305 53.301128, -120.065299 53.301136, -120.065296 53.30115, -120.065332 53.301154, -120.065275 53.301164, -120.065305 53.301192, -120.065335 53.301196, -120.065336 53.301218, -120.065335 53.301247, -120.065367 53.30126, -120.065399 53.301254, -120.065442 53.301252, -120.065436 53.301228, -120.065415 53.301213, -120.065425 53.301189, -120.065432 53.301158, -120.06539 53.301166, -120.065416 53.301147, -120.06544 53.301158, -120.065473 53.301154, -120.065473 53.301133, -120.065501 53.301114, -120.065477 53.301092, -120.065474 53.301073, -120.065439 53.301091, -120.065454 53.301074, -120.065447 53.301053, -120.065444 53.301028, -120.065431 53.301009, -120.065411 53.300992, -120.06543 53.300975, -120.065423 53.30095, -120.06543 53.300941, -120.065439 53.30093, -120.065408 53.300926, -120.065333 53.300917, -120.065299 53.300903, -120.065278 53.300881, -120.065311 53.300874, -120.065335 53.300851, -120.065367 53.300849, -120.065399 53.30085, -120.065436 53.300862, -120.065478 53.300874, -120.065511 53.300874, -120.065545 53.300862, -120.065531 53.300886, -120.065557 53.300877, -120.065576 53.30086, -120.065554 53.300843, -120.065553 53.300823, -120.065542 53.300794, -120.065567 53.300784, -120.065587 53.30077, -120.065599 53.300746, -120.065585 53.300724, -120.065572 53.300704, -120.065519 53.300711, -120.065496 53.300724, -120.065468 53.300742, -120.065468 53.300743, -120.065444 53.300726, -120.065411 53.300734, -120.065444 53.300746, -120.06546 53.300776, -120.065416 53.300754, -120.065377 53.300748, -120.065392 53.300773, -120.06536 53.300766, -120.065324 53.300764, -120.065331 53.300792, -120.065291 53.300785, -120.065276 53.300811, -120.065271 53.300785, -120.065228 53.300763, -120.065184 53.300756, -120.06522 53.300754, -120.065182 53.300741, -120.065164 53.300735, -120.065174 53.300757, -120.065159 53.300761, -120.06514 53.300765, -120.065122 53.30075, -120.065093 53.300742, -120.065053 53.300743, -120.065074 53.300728, -120.065046 53.300716, -120.065031 53.300709, -120.06501 53.3007, -120.06497 53.300686, -120.064948 53.300712, -120.064949 53.300731, -120.06498 53.30073, -120.064991 53.300729, -120.06497 53.300748, -120.064958 53.300772, -120.064943 53.300776, -120.064924 53.300782, -120.064882 53.300778, -120.064853 53.300782, -120.064829 53.300786, -120.0648 53.300792, -120.064774 53.300802, -120.064754 53.300788, -120.06472 53.30081, -120.064685 53.300811, -120.064645 53.300804, -120.064634 53.300787, -120.064609 53.300769, -120.064568 53.300794, -120.06459 53.300813, -120.064548 53.300809, -120.06452 53.300779, -120.064477 53.300788, -120.064477 53.300769, -120.06447 53.30075, -120.064457 53.300722, -120.064458 53.300701, -120.064473 53.30068, -120.064471 53.300657, -120.064437 53.300673, -120.06444 53.30065, -120.064445 53.300644, -120.064448 53.30064, -120.064459 53.300625, -120.064464 53.300606, -120.064434 53.300586, -120.064432 53.300561, -120.064426 53.30054, -120.064465 53.300542, -120.064488 53.300523, -120.064524 53.300525, -120.064526 53.300525, -120.064523 53.300523, -120.064497 53.300509, -120.064481 53.300489, -120.064494 53.300464, -120.064445 53.300463, -120.064418 53.30049, -120.06441 53.300471, -120.064403 53.300451, -120.064435 53.300457, -120.064454 53.300433, -120.06448 53.30042, -120.064508 53.300411, -120.064537 53.300418, -120.064566 53.300414, -120.064599 53.300405, -120.0646 53.300426, -120.064568 53.300451, -120.064601 53.30045, -120.064632 53.300446, -120.06464 53.300453, -120.064648 53.300459, -120.064654 53.300458, -120.064689 53.300454, -120.064695 53.300435, -120.06473 53.300443, -120.064748 53.300459, -120.064745 53.300435, -120.064717 53.300427, -120.064716 53.300413, -120.064716 53.300408, -120.064723 53.30039, -120.064724 53.300368, -120.064757 53.300358, -120.064778 53.300371, -120.064798 53.300354, -120.064832 53.300339, -120.064866 53.300338, -120.064869 53.300343, -120.064876 53.300357, -120.064877 53.300342, -120.064881 53.300341, -120.06489 53.300354, -120.06491 53.300368, -120.064881 53.300364, -120.0649 53.30038, -120.064922 53.30036, -120.064898 53.300348, -120.064934 53.300348, -120.06495 53.300328, -120.064968 53.300316, -120.064972 53.300314, -120.064994 53.3003, -120.064991 53.300295, -120.064977 53.300278, -120.064967 53.30026, -120.06498 53.300258, -120.065007 53.300255, -120.064987 53.300231, -120.065021 53.30023, -120.065046 53.300218, -120.065079 53.300201, -120.065056 53.300184, -120.065054 53.300159, -120.065082 53.300148, -120.065102 53.300162, -120.065145 53.300166, -120.065131 53.300146, -120.065125 53.300123, -120.065118 53.300105, -120.065112 53.30006, -120.065089 53.30008, -120.065052 53.300111, -120.06505 53.300091, -120.06506 53.300058, -120.065028 53.300084, -120.065018 53.300084, -120.065018 53.300084, -120.064999 53.300083, -120.064979 53.300082, -120.064956 53.300082, -120.064956 53.300082, -120.06495 53.300101, -120.064945 53.300119, -120.064941 53.300124, -120.064947 53.300138, -120.064932 53.300137, -120.064908 53.300135, -120.064907 53.300135, -120.064907 53.300136, -120.064885 53.30013, -120.064854 53.300159, -120.064847 53.300134, -120.064843 53.300106, -120.064836 53.300088, -120.06482 53.300065, -120.064829 53.300041, -120.064829 53.300041, -120.064794 53.300039, -120.064771 53.300005, -120.064796 53.299994, -120.064846 53.299994, -120.064859 53.300022, -120.064854 53.300039, -120.064884 53.300035, -120.064934 53.300027, -120.064967 53.300025, -120.064958 53.300007, -120.064948 53.3, -120.064952 53.299995, -120.064949 53.299975, -120.064936 53.299957, -120.064965 53.299952, -120.065 53.299933, -120.06503 53.29994, -120.065035 53.299947, -120.065036 53.299947, -120.065047 53.299961, -120.065072 53.29995, -120.065049 53.299948, -120.065041 53.299944, -120.065041 53.299943, -120.06509 53.299914, -120.065056 53.299913, -120.065044 53.299889, -120.065033 53.29987, -120.065066 53.299882, -120.065081 53.299866, -120.065116 53.299858, -120.065123 53.299857, -120.065145 53.299855, -120.065154 53.299854, -120.065165 53.299837, -120.065146 53.299819, -120.065151 53.299799, -120.06515 53.299797, -120.06512 53.299786, -120.065114 53.299769, -120.065113 53.299765, -120.065105 53.299745, -120.065106 53.299759, -120.065106 53.299775, -120.065068 53.299777, -120.065054 53.29976, -120.065083 53.29974, -120.065077 53.299735, -120.065058 53.299732, -120.065061 53.299721, -120.065063 53.299714, -120.065083 53.299736, -120.065084 53.299736, -120.065079 53.299723, -120.065076 53.299715, -120.065076 53.299714, -120.065073 53.299705, -120.065102 53.299714, -120.065136 53.299716, -120.065169 53.299708, -120.065195 53.299721, -120.065224 53.299713, -120.065256 53.299709, -120.065265 53.299728, -120.06526 53.299748, -120.06529 53.299762, -120.065303 53.299778, -120.065312 53.299777, -120.065316 53.299782, -120.065343 53.299778, -120.065358 53.299756, -120.06539 53.299753, -120.065422 53.29975, -120.06543 53.299754, -120.065446 53.299762, -120.065492 53.299764, -120.065493 53.299786, -120.065523 53.299791, -120.065555 53.29979, -120.065615 53.299799, -120.065652 53.299786, -120.065618 53.299777, -120.065602 53.299759, -120.065575 53.299742, -120.065622 53.299729, -120.065631 53.299709, -120.065612 53.299691, -120.06561 53.299681, -120.06561 53.29968, -120.065607 53.299669, -120.065617 53.299646, -120.065612 53.299628, -120.065594 53.299624, -120.065582 53.299621, -120.065566 53.299615, -120.065534 53.299623, -120.065507 53.299613, -120.065486 53.299592, -120.065522 53.29959, -120.065562 53.299579, -120.065579 53.299581, -120.065625 53.299573, -120.065652 53.299586, -120.065684 53.299577, -120.065679 53.299558, -120.065678 53.299555, -120.06568 53.299531, -120.06569 53.299524, -120.065701 53.299542, -120.065747 53.299535, -120.065723 53.299511, -120.065737 53.299487, -120.065736 53.299486, -120.065726 53.299465, -120.065749 53.299453, -120.065755 53.299433, -120.065801 53.299429, -120.06577 53.299415, -120.065739 53.299402, -120.065736 53.299393, -120.065734 53.299386, -120.065731 53.299376, -120.065738 53.29936, -120.06573 53.299363, -120.065715 53.299346, -120.065692 53.299333, -120.065662 53.299334, -120.065671 53.299314, -120.065647 53.299299, -120.065611 53.299327, -120.065596 53.299305, -120.065596 53.299296, -120.065596 53.299296, -120.065595 53.29928, -120.065629 53.299276, -120.065651 53.299253, -120.065659 53.299233, -120.065639 53.299255, -120.065599 53.299204, -120.065632 53.299209, -120.065664 53.299207, -120.065666 53.299185, -120.065634 53.299175, -120.065619 53.299198, -120.065626 53.299166, -120.065607 53.29915, -120.065575 53.299139, -120.065541 53.299134, -120.065538 53.299158, -120.065514 53.29914, -120.06552 53.299112, -120.065575 53.299111, -120.065575 53.299091, -120.06561 53.2991, -120.065639 53.299106, -120.065678 53.299121, -120.065717 53.299133, -120.065731 53.299109, -120.065719 53.299082, -120.06569 53.299061, -120.06571 53.299046, -120.065713 53.299041, -120.065713 53.299041, -120.06572 53.299028, -120.065751 53.299032, -120.06579 53.299033, -120.065796 53.299015, -120.065789 53.298994, -120.06579 53.298964, -120.065819 53.298955, -120.065871 53.29896, -120.065881 53.29898, -120.065914 53.298993, -120.065952 53.299023, -120.065992 53.299023, -120.065976 53.299005, -120.065954 53.298976, -120.065919 53.298969, -120.065918 53.29895, -120.065908 53.298942, -120.065908 53.298941, -120.065896 53.298931, -120.065918 53.298918, -120.065954 53.298939, -120.065982 53.298929, -120.065988 53.298905, -120.066009 53.298889, -120.065996 53.298868, -120.066008 53.298849, -120.06601 53.298849, -120.066013 53.298848, -120.06604 53.298841, -120.066097 53.298834, -120.066135 53.29883, -120.06616 53.298836, -120.066157 53.298834, -120.066143 53.298816, -120.06613 53.298794, -120.066207 53.29881, -120.066213 53.298832, -120.066214 53.298812, -120.066233 53.298798, -120.066257 53.298782, -120.066257 53.298774, -120.066257 53.298772, -120.066256 53.298763, -120.066252 53.29874, -120.066216 53.298726, -120.066173 53.298705, -120.066205 53.298695, -120.066213 53.298662, -120.066245 53.298663, -120.066242 53.298639, -120.066216 53.298623, -120.066219 53.298604, -120.066254 53.29861, -120.066262 53.298598, -120.066264 53.298596, -120.06627 53.298588, -120.066235 53.298573, -120.066215 53.298554, -120.066187 53.298547, -120.06618 53.298528, -120.066153 53.298517, -120.066155 53.298499, -120.066184 53.29849, -120.066186 53.298464, -120.066146 53.298458, -120.066138 53.29844, -120.06603 53.298465, -120.066013 53.298428, -120.065977 53.298386, -120.06598 53.298383, -120.066007 53.298393, -120.066008 53.29839, -120.065997 53.298378, -120.066009 53.298387, -120.066014 53.298383, -120.066017 53.29838, -120.066039 53.298359, -120.066078 53.298349, -120.06607 53.298343, -120.066062 53.298337, -120.066058 53.298334, -120.066057 53.298327, -120.066069 53.298317, -120.066068 53.298312, -120.066064 53.298293, -120.066051 53.298282, -120.066039 53.298272, -120.066014 53.298258, -120.066019 53.298239, -120.06605 53.298245, -120.066065 53.298261, -120.066094 53.298246, -120.066109 53.298224, -120.066125 53.298204, -120.066109 53.298183, -120.066073 53.298179, -120.066049 53.298166, -120.066023 53.298178, -120.065991 53.298167, -120.066013 53.298151, -120.066021 53.298133, -120.065991 53.298125, -120.065946 53.298128, -120.065918 53.298118, -120.0659 53.298091, -120.065884 53.29807, -120.065869 53.298054, -120.065855 53.298028, -120.065873 53.29801, -120.065859 53.297988, -120.065825 53.297984, -120.065794 53.297977, -120.065783 53.297959, -120.065776 53.297985, -120.065742 53.297975, -120.065713 53.297947, -120.06571 53.297916, -120.065687 53.297892, -120.065661 53.297901, -120.065652 53.297922, -120.065662 53.297954, -120.065667 53.297973, -120.065629 53.297977, -120.065604 53.297953, -120.065605 53.297975, -120.065634 53.297986, -120.065621 53.298016, -120.06556 53.298026, -120.065532 53.297978, -120.065506 53.297943, -120.0655 53.297935, -120.065532 53.297921, -120.065523 53.297896, -120.065564 53.297904, -120.065635 53.297908, -120.065602 53.297894, -120.065589 53.297875, -120.065588 53.297857, -120.065585 53.297855, -120.065556 53.297842, -120.065541 53.297825, -120.065501 53.297812, -120.065517 53.297794, -120.065536 53.297776, -120.065566 53.297773, -120.065611 53.297784, -120.065637 53.297765, -120.065645 53.29778, -120.065712 53.297769, -120.065752 53.297771, -120.065766 53.297754, -120.065784 53.297739, -120.065766 53.297732, -120.065763 53.297731, -120.06575 53.297725, -120.065715 53.297711, -120.065701 53.297694, -120.065674 53.297669, -120.065668 53.297651, -120.065714 53.297642, -120.065741 53.297651, -120.065787 53.297647, -120.065776 53.297629, -120.065762 53.297603, -120.065762 53.297603, -120.065757 53.297595, -120.065771 53.297573, -120.065792 53.297556, -120.065761 53.297556, -120.065727 53.297561, -120.065696 53.297562, -120.065662 53.297543, -120.065631 53.297545, -120.065605 53.297515, -120.065603 53.297494, -120.065568 53.297488, -120.065555 53.297505, -120.065553 53.297532, -120.065574 53.297549, -120.065592 53.297534, -120.065582 53.297557, -120.065553 53.297575, -120.06554 53.297572, -120.065558 53.297585, -120.065565 53.297591, -120.065569 53.297596, -120.065583 53.297613, -120.06558 53.297615, -120.06554 53.297642, -120.065479 53.297645, -120.065449 53.297651, -120.065472 53.297671, -120.065508 53.297669, -120.065492 53.297702, -120.065438 53.297695, -120.065412 53.297708, -120.065384 53.297717, -120.06537 53.297676, -120.065349 53.29765, -120.065331 53.29768, -120.0653 53.297657, -120.065253 53.297631, -120.065218 53.297647, -120.065193 53.297626, -120.065172 53.297611, -120.065141 53.297592, -120.065132 53.297589, -120.065131 53.297589, -120.06509 53.297579, -120.065061 53.29756, -120.065046 53.297536, -120.065015 53.297549, -120.065024 53.29757, -120.064966 53.297568, -120.064932 53.297544, -120.064916 53.297507, -120.064944 53.297489, -120.064975 53.297478, -120.065006 53.29746, -120.065052 53.297479, -120.065082 53.297485, -120.065107 53.297497, -120.065137 53.297498, -120.065114 53.297527, -120.065192 53.297498, -120.065183 53.29748, -120.065188 53.297466, -120.065189 53.297464, -120.06519 53.297462, -120.065176 53.297444, -120.065141 53.29745, -120.065131 53.297427, -120.065132 53.2974, -120.065095 53.297398, -120.065052 53.297385, -120.06503 53.297357, -120.065034 53.29738, -120.065016 53.297365, -120.064997 53.29738, -120.064996 53.297337, -120.064996 53.297336, -120.065 53.297316, -120.065003 53.297303, -120.065041 53.297312, -120.065033 53.297289, -120.065008 53.297276, -120.065034 53.297247, -120.065031 53.297229, -120.065004 53.297251, -120.064967 53.297257, -120.064943 53.297276, -120.064906 53.297281, -120.064865 53.297288, -120.064832 53.297268, -120.064795 53.297271, -120.064759 53.297262, -120.064743 53.297246, -120.064742 53.297216, -120.064735 53.297203, -120.064727 53.297188, -120.064722 53.297179, -120.0647 53.297145, -120.064674 53.297155, -120.064691 53.297173, -120.06466 53.297167, -120.064695 53.297186, -120.06473 53.297201, -120.06469 53.297207, -120.064652 53.297208, -120.064652 53.29721, -120.064654 53.297227, -120.064634 53.297243, -120.064622 53.297227, -120.064621 53.297224, -120.06462 53.297224, -120.064589 53.297237, -120.064571 53.297225, -120.064567 53.297223, -120.064565 53.297226, -120.064556 53.297227, -120.064551 53.297239, -120.064549 53.297243, -120.064547 53.297242, -120.064543 53.297237, -120.064541 53.297244, -120.064531 53.297247, -120.064497 53.297256, -120.064499 53.297268, -120.0645 53.297276, -120.064499 53.297301, -120.064533 53.297311, -120.0645 53.297322, -120.064465 53.297336, -120.064437 53.29731, -120.064411 53.297295, -120.064391 53.297309, -120.064382 53.297333, -120.06436 53.29732, -120.064358 53.297347, -120.064342 53.297328, -120.064297 53.297342, -120.064285 53.297324, -120.064246 53.297322, -120.064213 53.297319, -120.064213 53.297337, -120.064159 53.297327, -120.064199 53.297344, -120.06417 53.297352, -120.064144 53.297328, -120.064098 53.29733, -120.064072 53.297316, -120.064042 53.297299, -120.064066 53.297317, -120.064055 53.297341, -120.06403 53.297323, -120.064015 53.297293, -120.063996 53.297311, -120.064014 53.297313, -120.063996 53.297332, -120.063954 53.297328, -120.06395 53.29735, -120.063888 53.297372, -120.063909 53.297394, -120.063925 53.29739, -120.063925 53.297394, -120.063917 53.297404, -120.063917 53.297405, -120.063909 53.297416, -120.063878 53.297432, -120.063904 53.297431, -120.063945 53.297438, -120.063975 53.29744, -120.063966 53.297467, -120.06403 53.297438, -120.064062 53.297437, -120.064028 53.297451, -120.064016 53.297479, -120.063976 53.297498, -120.063974 53.297508, -120.063974 53.297508, -120.063972 53.297527, -120.063945 53.297548, -120.063878 53.297593, -120.063899 53.297569, -120.063886 53.29754, -120.063827 53.29752, -120.063849 53.297538, -120.06386 53.297555, -120.063817 53.29754, -120.063783 53.297545, -120.063741 53.297521, -120.063721 53.297505, -120.063693 53.297482, -120.063668 53.29746, -120.063696 53.297452, -120.063702 53.297456, -120.063714 53.297452, -120.063723 53.297428, -120.063724 53.2974, -120.063682 53.297403, -120.06367 53.297376, -120.063646 53.29736, -120.063681 53.297366, -120.063652 53.297351, -120.063649 53.297329, -120.063609 53.297319, -120.063635 53.297306, -120.063659 53.29729, -120.063679 53.297276, -120.06368 53.297272, -120.06368 53.297271, -120.063687 53.297244, -120.063717 53.297241, -120.063702 53.297225, -120.063724 53.297209, -120.063748 53.297196, -120.063743 53.297175, -120.063765 53.297159, -120.063733 53.297149, -120.063713 53.297135, -120.063731 53.297113, -120.063735 53.297091, -120.063739 53.297092, -120.063738 53.297081, -120.063756 53.297097, -120.063758 53.297097, -120.063804 53.297088, -120.063846 53.297096, -120.063845 53.297069, -120.063852 53.297065, -120.063851 53.297065, -120.063852 53.297065, -120.063872 53.297054, -120.063854 53.297038, -120.063867 53.297019, -120.06387 53.297013, -120.063869 53.297013, -120.063852 53.297006, -120.063839 53.297, -120.063835 53.296998, -120.0638 53.296993, -120.063774 53.296979, -120.063802 53.296968, -120.063799 53.296962, -120.063799 53.296962, -120.063793 53.296947, -120.063766 53.296919, -120.063796 53.296932, -120.063776 53.296917, -120.063771 53.29691, -120.063771 53.296909, -120.063764 53.296899, -120.063736 53.29688, -120.063706 53.296873, -120.063731 53.296854, -120.063777 53.296858, -120.063743 53.296849, -120.063729 53.296832, -120.063718 53.296829, -120.063718 53.296829, -120.063685 53.296822, -120.063687 53.296797, -120.063673 53.2968, -120.06368 53.296779, -120.063642 53.296782, -120.063629 53.296759, -120.063604 53.296748, -120.0636 53.29673, -120.063604 53.296723, -120.063589 53.296701, -120.06356 53.296693, -120.063563 53.296717, -120.063552 53.29669, -120.063562 53.296665, -120.063525 53.296657, -120.063509 53.296673, -120.063516 53.296699, -120.063489 53.296716, -120.063446 53.296703, -120.06343 53.296684, -120.063439 53.296667, -120.063409 53.296657, -120.063394 53.296648, -120.063363 53.296643, -120.063341 53.296609, -120.063338 53.296631, -120.063329 53.296612, -120.06334 53.296591, -120.063355 53.296574, -120.063383 53.296556, -120.063405 53.296568, -120.063449 53.296582, -120.063492 53.296583, -120.06352 53.296573, -120.063478 53.296544, -120.063449 53.296527, -120.063451 53.296508, -120.063477 53.296498, -120.063514 53.296497, -120.063546 53.296501, -120.063564 53.296483, -120.063545 53.296469, -120.063507 53.296451, -120.063532 53.29644, -120.063563 53.296421, -120.063552 53.296399, -120.063547 53.296379, -120.063557 53.296345, -120.063525 53.296327, -120.063494 53.296315, -120.063516 53.296302, -120.063504 53.296277, -120.063472 53.296274, -120.063474 53.296292, -120.063473 53.296311, -120.063454 53.296326, -120.063442 53.296308, -120.063412 53.296315, -120.063379 53.2963, -120.063415 53.296303, -120.063396 53.296278, -120.063363 53.296282, -120.063352 53.296257, -120.063336 53.296241, -120.063317 53.296207, -120.06329 53.296206, -120.063259 53.296195, -120.063235 53.296214, -120.063226 53.29619, -120.063237 53.296169, -120.063267 53.296173, -120.063275 53.296179, -120.063293 53.296193, -120.063331 53.296202, -120.063345 53.29622, -120.063392 53.296224, -120.063447 53.296208, -120.063454 53.296206, -120.063456 53.296209, -120.063491 53.296203, -120.06349 53.296226, -120.063525 53.296238, -120.063554 53.296243, -120.063591 53.296248, -120.06361 53.296269, -120.063597 53.296282, -120.063616 53.296279, -120.063591 53.296289, -120.063601 53.296304, -120.063638 53.296315, -120.06367 53.296317, -120.063681 53.296335, -120.06371 53.29633, -120.063743 53.296337, -120.063752 53.296355, -120.063797 53.296354, -120.063805 53.296373, -120.063834 53.296382, -120.06386 53.296394, -120.063891 53.296384, -120.063867 53.296416, -120.063855 53.296453, -120.063823 53.296448, -120.063801 53.296466, -120.063764 53.296424, -120.063744 53.296438, -120.063745 53.296444, -120.06375 53.296473, -120.063756 53.296492, -120.063756 53.296515, -120.063755 53.296517, -120.06377 53.296505, -120.063754 53.296525, -120.06377 53.296537, -120.063816 53.296541, -120.063798 53.296566, -120.063784 53.296585, -120.063836 53.296595, -120.06382 53.296611, -120.063854 53.296613, -120.063884 53.296603, -120.063909 53.296615, -120.063915 53.296633, -120.063918 53.296652, -120.063945 53.296663, -120.063964 53.296677, -120.064026 53.296686, -120.064002 53.296712, -120.064031 53.296707, -120.064057 53.296697, -120.064066 53.29668, -120.064092 53.29666, -120.064106 53.29668, -120.064123 53.296697, -120.064154 53.296703, -120.064177 53.296682, -120.064183 53.29666, -120.064214 53.296661, -120.064219 53.29668, -120.06422 53.296699, -120.064236 53.296678, -120.064267 53.296691, -120.064249 53.296718, -120.064212 53.296733, -120.064233 53.296752, -120.064257 53.296767, -120.064289 53.296787, -120.064309 53.296763, -120.064315 53.296794, -120.064344 53.296791, -120.064332 53.296807, -120.064365 53.29681, -120.064374 53.296808, -120.064374 53.296809, -120.064374 53.296808, -120.064419 53.296798, -120.064456 53.296794, -120.064455 53.296813, -120.064476 53.29683, -120.064449 53.29685, -120.064428 53.296877, -120.064401 53.296864, -120.064372 53.296857, -120.064363 53.296887, -120.064348 53.296906, -120.064354 53.296927, -120.064333 53.296941, -120.06435 53.296961, -120.064357 53.296993, -120.064319 53.297003, -120.064361 53.297011, -120.064342 53.297029, -120.064328 53.29704, -120.064321 53.297046, -120.064346 53.297062, -120.064313 53.29705, -120.064321 53.297068, -120.064329 53.297109, -120.064342 53.297091, -120.064356 53.297114, -120.064357 53.297137, -120.064372 53.29713, -120.064386 53.297144, -120.064423 53.297162, -120.064424 53.297139, -120.064472 53.297156, -120.064503 53.297171, -120.064491 53.297188, -120.064481 53.297201, -120.064489 53.297206, -120.064519 53.297199, -120.06452 53.297199, -120.064521 53.297198, -120.064543 53.297184, -120.064552 53.297213, -120.064562 53.297221, -120.064567 53.297204, -120.064581 53.297192, -120.064581 53.29719, -120.064575 53.297183, -120.064584 53.297182, -120.064585 53.297178, -120.064592 53.297151, -120.064595 53.297145, -120.064598 53.297141, -120.064602 53.297133, -120.064617 53.297111, -120.064661 53.2971, -120.064682 53.297087, -120.064704 53.297064, -120.064653 53.297071, -120.064636 53.297049, -120.064628 53.297029, -120.064589 53.297023, -120.064623 53.297009, -120.064668 53.296984, -120.064691 53.296968, -120.064665 53.296957, -120.06469 53.296948, -120.064725 53.296945, -120.064743 53.296925, -120.064755 53.296906, -120.064748 53.296881, -120.064721 53.296861, -120.064683 53.296863, -120.06465 53.296857, -120.064663 53.296836, -120.064681 53.29682, -120.064651 53.296811, -120.06464 53.296788, -120.064672 53.29678, -120.064702 53.296775, -120.064722 53.296762, -120.06468 53.296746, -120.064712 53.296735, -120.064746 53.296722, -120.064722 53.296706, -120.064711 53.296682, -120.064728 53.29666, -120.064764 53.296656, -120.064764 53.296657, -120.064794 53.296666, -120.064827 53.296659, -120.064832 53.296641, -120.064845 53.296615, -120.064814 53.2966, -120.064845 53.296599, -120.064885 53.296612, -120.064889 53.296589, -120.064924 53.296579, -120.064971 53.29659, -120.065 53.296601, -120.065041 53.296599, -120.065072 53.296594, -120.065103 53.296585, -120.065082 53.296571, -120.065085 53.296552, -120.065081 53.296534, -120.065072 53.296516, -120.065053 53.296497, -120.0651 53.296486, -120.065116 53.296466, -120.065142 53.296458, -120.065151 53.296433, -120.065126 53.29642, -120.065104 53.296407, -120.0651 53.296386, -120.065094 53.296366, -120.065128 53.296363, -120.065171 53.296372, -120.065214 53.29637, -120.065245 53.296373, -120.065264 53.296359, -120.065282 53.296344, -120.065304 53.296328, -120.065335 53.296337, -120.065358 53.296319, -120.065399 53.29631, -120.06543 53.296315, -120.065463 53.29631, -120.065459 53.296291, -120.065459 53.296268, -120.065436 53.296255, -120.065408 53.296247, -120.065397 53.29623, -120.065428 53.296232, -120.065445 53.296217, -120.065439 53.296179, -120.065471 53.296191, -120.06549 53.296206, -120.065518 53.29622, -120.065556 53.296222, -120.06559 53.296224, -120.065573 53.296239, -120.065605 53.296242, -120.06564 53.296236, -120.065675 53.296256, -120.065646 53.296274, -120.065648 53.296295, -120.065673 53.296306, -120.065689 53.296326, -120.065715 53.296316, -120.065743 53.296305, -120.065786 53.296298, -120.06582 53.296289, -120.065795 53.296302, -120.065816 53.296317, -120.065792 53.296341, -120.065772 53.296357, -120.065803 53.296349, -120.065835 53.29634, -120.065842 53.296363, -120.065853 53.29638, -120.065887 53.29636, -120.065917 53.296352, -120.065916 53.29633, -120.065932 53.296315, -120.065938 53.296294, -120.065907 53.296285, -120.06588 53.296275, -120.065905 53.296257, -120.065923 53.296254, -120.065928 53.296238, -120.065892 53.296229, -120.065916 53.296216, -120.065959 53.296218, -120.065991 53.296212, -120.065981 53.296188, -120.066028 53.296187, -120.066059 53.2962, -120.066095 53.296202, -120.066122 53.296186, -120.066108 53.296168, -120.0661 53.296143, -120.066068 53.296138, -120.066027 53.29613, -120.06603 53.296111, -120.066004 53.296099, -120.065973 53.296086, -120.065996 53.296067, -120.066007 53.296044, -120.066001 53.29602, -120.066014 53.295997, -120.065992 53.295983, -120.06596 53.295998, -120.065944 53.295969, -120.065977 53.295949, -120.06599 53.29593, -120.066027 53.295904, -120.066051 53.295891, -120.066086 53.295897, -120.066098 53.295871, -120.066115 53.295851, -120.066151 53.295856, -120.06618 53.295841, -120.066141 53.295814, -120.066134 53.295783, -120.066108 53.295772, -120.066082 53.295756, -120.066068 53.295738, -120.066084 53.295721, -120.066122 53.295717, -120.066176 53.295704, -120.06621 53.295676, -120.066255 53.295691, -120.066288 53.295682, -120.066316 53.295654, -120.066332 53.295638, -120.066377 53.29565, -120.066374 53.295631, -120.066388 53.295607, -120.066425 53.295606, -120.066455 53.295615, -120.066441 53.295632, -120.066495 53.295635, -120.066462 53.295621, -120.066503 53.295605, -120.066465 53.295609, -120.066466 53.295586, -120.066449 53.295574, -120.066441 53.295568, -120.066438 53.295566, -120.066445 53.295546, -120.066426 53.295529, -120.066448 53.295516, -120.066506 53.295521, -120.066537 53.295519, -120.066575 53.29553, -120.06659 53.29555, -120.06661 53.295566, -120.066593 53.295573, -120.066616 53.295587, -120.066644 53.29558, -120.06666 53.295585, -120.06666 53.295585, -120.066641 53.295588, -120.066672 53.295589, -120.066661 53.295585, -120.066662 53.295585, -120.066663 53.295585, -120.066671 53.295584, -120.066708 53.295583, -120.066748 53.295603, -120.066758 53.29562, -120.066766 53.295601, -120.066789 53.295619, -120.066819 53.295632, -120.066851 53.295623, -120.066878 53.295636, -120.066914 53.295644, -120.066899 53.295625, -120.066879 53.295607, -120.066869 53.295585, -120.066844 53.295571, -120.06681 53.295577, -120.066775 53.295585, -120.066744 53.295587, -120.066745 53.295566, -120.06672 53.295551, -120.066709 53.295529, -120.066752 53.295519, -120.066741 53.295499, -120.066757 53.295477, -120.066758 53.295458, -120.06673 53.295443, -120.066753 53.295426, -120.066795 53.295443, -120.066807 53.295423, -120.066781 53.29541, -120.066786 53.295389, -120.066823 53.295367, -120.066831 53.295345, -120.066789 53.29535, -120.066775 53.29532, -120.066745 53.295308, -120.066754 53.295284, -120.066769 53.295274, -120.066825 53.295274, -120.066828 53.295259, -120.066828 53.295259, -120.066831 53.295243, -120.066792 53.295249, -120.066792 53.29527, -120.066771 53.295257, -120.066741 53.295262, -120.066719 53.295249, -120.066724 53.295227, -120.066741 53.295203, -120.066727 53.295186, -120.066705 53.295163, -120.066712 53.295141, -120.066689 53.295153, -120.066684 53.295134, -120.066683 53.295133, -120.066674 53.295138, -120.066643 53.295144, -120.066615 53.295156, -120.066586 53.295176, -120.066585 53.295177, -120.066576 53.295179, -120.066557 53.295184, -120.066532 53.295161, -120.066534 53.295139, -120.066546 53.295117, -120.066555 53.295111, -120.066556 53.295111, -120.066569 53.295102, -120.066603 53.295086, -120.066621 53.295068, -120.066631 53.29507, -120.066652 53.295073, -120.066682 53.295077, -120.066654 53.295061, -120.066644 53.295042, -120.066635 53.295042, -120.066604 53.295043, -120.066614 53.295025, -120.066639 53.295015, -120.066642 53.295014, -120.066658 53.294998, -120.066642 53.294992, -120.06663 53.294988, -120.0666 53.294983, -120.066626 53.29496, -120.066648 53.294946, -120.066652 53.294943, -120.066649 53.294942, -120.066629 53.294929, -120.066608 53.294915, -120.066634 53.294902, -120.066652 53.294886, -120.066659 53.294864, -120.066661 53.294846, -120.066638 53.294833, -120.066614 53.294846, -120.066578 53.294836, -120.066558 53.294813, -120.066536 53.294799, -120.066536 53.294799, -120.066588 53.2948, -120.066594 53.294779, -120.066584 53.294767, -120.066579 53.294761, -120.066549 53.294744, -120.066552 53.294726, -120.066596 53.294728, -120.066613 53.294732, -120.066619 53.29472, -120.066602 53.2947, -120.066592 53.294676, -120.066582 53.294651, -120.066583 53.294633, -120.066557 53.294623, -120.066525 53.29462, -120.066513 53.294596, -120.066496 53.294578, -120.066496 53.294556, -120.066518 53.294542, -120.066558 53.294569, -120.066589 53.294587, -120.066622 53.29459, -120.066651 53.294597, -120.06668 53.294594, -120.066688 53.294593, -120.066715 53.2946, -120.066751 53.294611, -120.066778 53.294598, -120.066751 53.294583, -120.066757 53.294565, -120.066752 53.294536, -120.066784 53.294536, -120.066799 53.294552, -120.066817 53.294569, -120.066842 53.29458, -120.066849 53.294598, -120.066869 53.294612, -120.066884 53.294631, -120.066852 53.294632, -120.066817 53.294629, -120.066782 53.294617, -120.06676 53.294634, -120.066767 53.294636, -120.06677 53.294637, -120.066777 53.294639, -120.066789 53.294662, -120.066824 53.294661, -120.066834 53.294687, -120.066838 53.294707, -120.066811 53.294727, -120.066848 53.294729, -120.066878 53.294728, -120.066906 53.29475, -120.06691 53.294771, -120.06694 53.294796, -120.066931 53.294814, -120.066963 53.294824, -120.066995 53.294825, -120.067021 53.294815, -120.067055 53.294797, -120.06705 53.294776, -120.067052 53.294758, -120.067086 53.294756, -120.067094 53.294736, -120.067073 53.29472, -120.067043 53.294713, -120.067008 53.294737, -120.066991 53.29472, -120.066951 53.294729, -120.066913 53.294725, -120.066921 53.294689, -120.066951 53.294678, -120.066985 53.294679, -120.067016 53.294669, -120.067029 53.294688, -120.067071 53.294698, -120.067112 53.294694, -120.067089 53.294678, -120.06707 53.294662, -120.067063 53.294641, -120.067031 53.294638, -120.067001 53.294631, -120.066986 53.294599, -120.067011 53.294584, -120.067041 53.294574, -120.067073 53.29458, -120.067124 53.294597, -120.067161 53.29461, -120.067182 53.294626, -120.067192 53.294643, -120.0672 53.294625, -120.06722 53.294609, -120.067253 53.29461, -120.067231 53.294598, -120.067211 53.294592, -120.067209 53.294592, -120.067181 53.294584, -120.067146 53.294556, -120.067117 53.294568, -120.067113 53.294543, -120.067079 53.294543, -120.06703 53.294538, -120.067037 53.294514, -120.067041 53.294501, -120.067041 53.294498, -120.067042 53.294495, -120.067091 53.294499, -120.067139 53.294492, -120.067109 53.294494, -120.06712 53.294473, -120.067108 53.294467, -120.067113 53.294447, -120.067132 53.29444, -120.06713 53.294406, -120.067105 53.294417, -120.067102 53.294393, -120.067068 53.294389, -120.067048 53.294368, -120.067 53.294307, -120.067015 53.294311, -120.067014 53.294293, -120.06699 53.294282, -120.067035 53.294286, -120.067084 53.294292, -120.06708 53.294315, -120.067113 53.294312, -120.067125 53.294304, -120.067136 53.294297, -120.067125 53.294302, -120.067121 53.294284, -120.067089 53.294278, -120.067051 53.294276, -120.067035 53.294259, -120.067064 53.294245, -120.067077 53.294219, -120.067071 53.294194, -120.06704 53.29418, -120.067001 53.294162, -120.067025 53.294151, -120.066981 53.294141, -120.067025 53.294132, -120.06702 53.294097, -120.067017 53.294073, -120.067036 53.294056, -120.067007 53.294063, -120.066986 53.294045, -120.066955 53.294056, -120.066924 53.294034, -120.06691 53.294017, -120.066934 53.293999, -120.066959 53.293988, -120.066991 53.293979, -120.067021 53.293968, -120.067053 53.293967, -120.067036 53.293949, -120.067011 53.293933, -120.066993 53.293918, -120.066979 53.293896, -120.066971 53.293879, -120.066952 53.293862, -120.066934 53.293839, -120.066956 53.293816, -120.06697 53.293795, -120.066977 53.293778, -120.066997 53.29376, -120.066966 53.293775, -120.066931 53.293781, -120.066901 53.293781, -120.066875 53.29377, -120.066845 53.293774, -120.06682 53.293758, -120.066822 53.293736, -120.066817 53.293718, -120.066792 53.29369, -120.066808 53.293667, -120.066826 53.293687, -120.066862 53.293684, -120.066887 53.293698, -120.066902 53.293704, -120.066904 53.293705, -120.06691 53.293702, -120.066905 53.293687, -120.066926 53.293684, -120.066926 53.293676, -120.066915 53.29367, -120.0669 53.29367, -120.066897 53.293671, -120.066896 53.293671, -120.066887 53.293671, -120.066887 53.29366, -120.06688 53.293652, -120.066836 53.293609, -120.06686 53.293624, -120.066878 53.293639, -120.066887 53.293642, -120.066885 53.293592, -120.066917 53.29358, -120.066943 53.293567, -120.066943 53.293564, -120.066946 53.293565, -120.066947 53.293565, -120.066986 53.293574, -120.06703 53.293576, -120.067058 53.293586, -120.067085 53.293595, -120.067126 53.29359, -120.067103 53.293576, -120.067081 53.293559, -120.067066 53.293543, -120.067038 53.293529, -120.067026 53.293509, -120.067015 53.293487, -120.067054 53.293497, -120.067034 53.293482, -120.067016 53.293463, -120.066983 53.293461, -120.067001 53.293435, -120.066987 53.293452, -120.066954 53.293453, -120.066925 53.293446, -120.0669 53.293417, -120.066933 53.293416, -120.06697 53.293426, -120.067003 53.29342, -120.067034 53.293419, -120.067052 53.293404, -120.067018 53.293398, -120.066995 53.293382, -120.06699 53.293374, -120.066989 53.293372, -120.066983 53.293364, -120.066947 53.293354, -120.066919 53.293367, -120.066881 53.293363, -120.066862 53.293339, -120.066859 53.293319, -120.066828 53.293291, -120.06681 53.293272, -120.066777 53.293277, -120.066754 53.29326, -120.066758 53.293241, -120.066799 53.293241, -120.066822 53.293238, -120.066839 53.293236, -120.066872 53.293247, -120.06691 53.293237, -120.066888 53.293217, -120.066892 53.293199, -120.066888 53.293177, -120.066852 53.293188, -120.066817 53.293187, -120.06679 53.293174, -120.066761 53.293184, -120.066727 53.293177, -120.066686 53.293175, -120.066678 53.293203, -120.066628 53.293217, -120.066635 53.293235, -120.066622 53.293215, -120.066594 53.293193, -120.066591 53.293157, -120.066576 53.293123, -120.066603 53.293105, -120.066586 53.293094, -120.066627 53.293097, -120.06666 53.293105, -120.066661 53.293077, -120.066635 53.293064, -120.066668 53.293059, -120.066699 53.293077, -120.066729 53.293089, -120.066722 53.293069, -120.066703 53.29305, -120.066736 53.293063, -120.066762 53.293077, -120.066783 53.293096, -120.066801 53.29312, -120.066844 53.293121, -120.066874 53.293111, -120.066908 53.293122, -120.066955 53.293112, -120.066933 53.293126, -120.066966 53.293121, -120.067007 53.293124, -120.06704 53.293129, -120.067007 53.293117, -120.066992 53.2931, -120.066985 53.293079, -120.06701 53.29309, -120.066982 53.293064, -120.066948 53.293044, -120.066942 53.293023, -120.06697 53.29303, -120.066998 53.293013, -120.067039 53.293019, -120.067039 53.292994, -120.066998 53.292986, -120.066966 53.292972, -120.066934 53.292983, -120.066916 53.293007, -120.066878 53.292996, -120.066863 53.29298, -120.066824 53.292977, -120.066802 53.292955, -120.066766 53.292956, -120.066762 53.292937, -120.066752 53.292916, -120.066737 53.292893, -120.066762 53.292905, -120.066804 53.2929, -120.06683 53.292888, -120.066863 53.292886, -120.066812 53.292884, -120.066777 53.292869, -120.066728 53.292877, -120.066749 53.292855, -120.066714 53.292831, -120.066684 53.292821, -120.066654 53.292821, -120.066634 53.2928, -120.066621 53.292782, -120.066602 53.2928, -120.066562 53.292795, -120.066565 53.292819, -120.066564 53.292845, -120.066612 53.292908, -120.066558 53.292923, -120.066576 53.292907, -120.06656 53.292889, -120.066552 53.292883, -120.066552 53.292881, -120.066545 53.292873, -120.066526 53.292851, -120.066491 53.292849, -120.06645 53.292844, -120.066445 53.292869, -120.066417 53.292878, -120.066407 53.292914, -120.066369 53.292908, -120.066391 53.292929, -120.066405 53.292956, -120.06642 53.292954, -120.066386 53.292975, -120.066365 53.293, -120.066356 53.292965, -120.066332 53.292927, -120.066309 53.292912, -120.066277 53.292904, -120.06625 53.292892, -120.066285 53.292875, -120.066334 53.292865, -120.066353 53.292847, -120.066354 53.292825, -120.066383 53.29282, -120.066413 53.292811, -120.066366 53.292803, -120.06633 53.292789, -120.066308 53.29277, -120.066265 53.292763, -120.066244 53.292743, -120.066241 53.292719, -120.066245 53.292697, -120.066282 53.292707, -120.066322 53.292718, -120.066355 53.292725, -120.066364 53.292726, -120.066394 53.292715, -120.06638 53.292693, -120.066348 53.292674, -120.06633 53.292659, -120.066347 53.292636, -120.06638 53.292651, -120.066405 53.292674, -120.066462 53.292685, -120.066499 53.292685, -120.066538 53.292679, -120.066512 53.292669, -120.066472 53.292652, -120.066472 53.29263, -120.066522 53.292635, -120.066556 53.292652, -120.06653 53.292632, -120.066557 53.292621, -120.066605 53.29262, -120.066627 53.292604, -120.066594 53.292588, -120.066549 53.292572, -120.066516 53.292578, -120.06648 53.29255, -120.066444 53.292549, -120.066432 53.29253, -120.066417 53.292512, -120.066418 53.292492, -120.066448 53.292508, -120.066476 53.292515, -120.066513 53.292518, -120.066543 53.292525, -120.066576 53.292533, -120.066634 53.292523, -120.066668 53.292528, -120.066643 53.292515, -120.066612 53.292499, -120.066631 53.292478, -120.06667 53.29248, -120.066709 53.292478, -120.066685 53.292464, -120.066689 53.292431, -120.066723 53.292428, -120.066758 53.292429, -120.066783 53.29244, -120.066777 53.292414, -120.066772 53.292395, -120.066815 53.292402, -120.066793 53.292376, -120.06679 53.292375, -120.066765 53.292377, -120.066754 53.292363, -120.066694 53.292334, -120.066668 53.292303, -120.066634 53.2923, -120.066606 53.292293, -120.066571 53.292293, -120.066531 53.292296, -120.066498 53.292281, -120.066489 53.29226, -120.066518 53.292243, -120.066557 53.29224, -120.066593 53.292244, -120.066638 53.292246, -120.066664 53.292261, -120.066697 53.292258, -120.066679 53.292241, -120.066688 53.292222, -120.066721 53.292225, -120.066737 53.292209, -120.066767 53.292203, -120.066794 53.292187, -120.066828 53.292177, -120.06686 53.292181, -120.066893 53.292174, -120.066922 53.29218, -120.066904 53.292161, -120.066883 53.292142, -120.066865 53.292124, -120.066846 53.292142, -120.066814 53.292129, -120.066819 53.292106, -120.06679 53.292123, -120.066781 53.292155, -120.066753 53.292139, -120.066736 53.292104, -120.066719 53.292085, -120.066694 53.292104, -120.066678 53.292122, -120.066646 53.292132, -120.066617 53.292143, -120.066578 53.292138, -120.066573 53.292118, -120.066549 53.292104, -120.066522 53.292083, -120.066516 53.29206, -120.066507 53.292034, -120.066472 53.292053, -120.066441 53.292059, -120.066405 53.292056, -120.066383 53.292043, -120.06636 53.292055, -120.06633 53.292055, -120.066299 53.292054, -120.066262 53.292072, -120.066245 53.292047, -120.066218 53.292025, -120.066188 53.292017, -120.066169 53.292052, -120.066153 53.292067, -120.066173 53.292088, -120.066198 53.292102, -120.066225 53.292115, -120.06627 53.292113, -120.066247 53.292144, -120.066196 53.292137, -120.066182 53.292157, -120.066154 53.292138, -120.066161 53.292164, -120.066145 53.292181, -120.066144 53.292197, -120.066165 53.292192, -120.066157 53.292215, -120.06614 53.292234, -120.06618 53.292251, -120.066211 53.292253, -120.066235 53.292267, -120.066282 53.292263, -120.06633 53.292263, -120.066323 53.292281, -120.066291 53.292292, -120.066233 53.292304, -120.066199 53.292308, -120.066179 53.292322, -120.066137 53.292321, -120.066106 53.292345, -120.066068 53.292324, -120.066042 53.292308, -120.066048 53.292325, -120.066074 53.292349, -120.066087 53.292371, -120.066121 53.292373, -120.06615 53.292378, -120.066172 53.292393, -120.066197 53.292423, -120.066172 53.292436, -120.066212 53.292435, -120.066186 53.292453, -120.066164 53.292472, -120.066134 53.292487, -120.066099 53.29249, -120.066108 53.292509, -120.066147 53.292508, -120.066162 53.292527, -120.066156 53.29255, -120.066158 53.292531, -120.066127 53.292537, -120.066087 53.292553, -120.066064 53.292538, -120.066023 53.292549, -120.066004 53.292531, -120.065968 53.292519, -120.065935 53.292509, -120.065922 53.292525, -120.065879 53.292531, -120.065844 53.292512, -120.065825 53.292536, -120.065815 53.29256, -120.06584 53.292576, -120.065873 53.292585, -120.065848 53.292597, -120.065805 53.2926, -120.065775 53.292581, -120.065745 53.292599, -120.065705 53.292586, -120.065678 53.292574, -120.065645 53.292565, -120.065645 53.292544, -120.065634 53.292517, -120.065628 53.292495, -120.065626 53.292473, -120.0656 53.292463, -120.065644 53.292461, -120.065664 53.292475, -120.065691 53.292486, -120.065731 53.29248, -120.065761 53.292467, -120.065794 53.292457, -120.065816 53.292432, -120.065795 53.292414, -120.065791 53.292394, -120.065767 53.292368, -120.065742 53.292355, -120.06573 53.292338, -120.065774 53.292332, -120.065808 53.292345, -120.065811 53.292321, -120.065839 53.292306, -120.065816 53.292294, -120.065794 53.292277, -120.065765 53.292259, -120.065813 53.292261, -120.065842 53.292251, -120.065827 53.292235, -120.065797 53.292237, -120.065769 53.292229, -120.065737 53.292239, -120.065705 53.292256, -120.065672 53.292244, -120.065638 53.292231, -120.065623 53.292203, -120.065596 53.292184, -120.065585 53.292166, -120.06562 53.292159, -120.065616 53.292131, -120.065646 53.292131, -120.065674 53.29214, -120.065699 53.292124, -120.065673 53.292114, -120.065663 53.292096, -120.065691 53.292088, -120.065682 53.292063, -120.065677 53.292038, -120.065676 53.292036, -120.065666 53.292006, -120.065674 53.291987, -120.065706 53.291973, -120.065677 53.29196, -120.06571 53.291952, -120.065749 53.291964, -120.065785 53.291955, -120.065753 53.291935, -120.065737 53.291909, -120.065718 53.291891, -120.065697 53.291857, -120.065727 53.29185, -120.065733 53.291871, -120.065763 53.291869, -120.065795 53.291872, -120.065817 53.291885, -120.065847 53.291879, -120.065882 53.291887, -120.065913 53.29188, -120.065961 53.291886, -120.065992 53.291883, -120.065975 53.291865, -120.065942 53.291847, -120.065925 53.291825, -120.065975 53.291824, -120.066017 53.29183, -120.066051 53.29183, -120.066081 53.291823, -120.06611 53.29181, -120.066077 53.291817, -120.066043 53.291807, -120.066089 53.291806, -120.06613 53.291795, -120.066167 53.291793, -120.0662 53.291793, -120.066229 53.291783, -120.066233 53.291808, -120.066273 53.291806, -120.0663 53.291795, -120.066309 53.291801, -120.066368 53.291777, -120.066412 53.291758, -120.066417 53.29176, -120.066445 53.291781, -120.066478 53.291778, -120.066508 53.291782, -120.066539 53.291787, -120.066576 53.291791, -120.066607 53.291793, -120.066638 53.291795, -120.06667 53.291792, -120.066701 53.291787, -120.066727 53.291777, -120.066759 53.29177, -120.066793 53.291769, -120.066821 53.29177, -120.066827 53.29177, -120.066859 53.291768, -120.0669 53.291769, -120.066948 53.291768, -120.066978 53.291756, -120.067013 53.291746, -120.067056 53.291742, -120.067105 53.29171, -120.067138 53.291702, -120.067164 53.291712, -120.067203 53.29172, -120.06723 53.291732, -120.06726 53.291735, -120.067288 53.291742, -120.067318 53.291746, -120.06735 53.291758, -120.067378 53.291766, -120.06741 53.291773, -120.067469 53.291785, -120.06751 53.291786, -120.067544 53.291789, -120.067588 53.291792, -120.067622 53.291801, -120.067717 53.291814, -120.067749 53.291817, -120.067784 53.29182, -120.067844 53.291835, -120.067893 53.291845, -120.067922 53.29185, -120.067954 53.291855, -120.067985 53.29186, -120.068015 53.291863, -120.068046 53.291858, -120.068085 53.291849, -120.068143 53.291839, -120.068214 53.291849, -120.068241 53.291861, -120.068271 53.29186, -120.068302 53.291857, -120.068335 53.29185, -120.068384 53.291845, -120.068425 53.291841, -120.068452 53.291831, -120.068465 53.291815, -120.068496 53.291814, -120.068519 53.291802, -120.068541 53.291789, -120.068566 53.291778, -120.068581 53.291761, -120.068566 53.291745, -120.068539 53.291733, -120.068514 53.291711, -120.068452 53.291666, -120.068455 53.291635, -120.068447 53.291616, -120.068456 53.291614, -120.068452 53.291613, -120.068442 53.291589, -120.06843 53.291566, -120.068428 53.291555, -120.068427 53.291547, -120.068464 53.291538, -120.068501 53.291528, -120.068529 53.291521, -120.068571 53.291519, -120.068608 53.291517, -120.068637 53.291509, -120.068667 53.291504, -120.068696 53.291489, -120.068687 53.29147, -120.068701 53.291453, -120.068707 53.291431, -120.068738 53.291413, -120.068728 53.291395, -120.068739 53.291378, -120.06875 53.291368, -120.068759 53.291361, -120.06878 53.291336, -120.068818 53.291299, -120.06884 53.291276, -120.068867 53.291259, -120.068889 53.291226, -120.068879 53.291184, -120.068855 53.291136, -120.06886 53.291096, -120.068864 53.291092, -120.068883 53.291094, -120.068908 53.291083, -120.068909 53.291082, -120.068938 53.291085, -120.068975 53.291081, -120.068993 53.291097, -120.069009 53.291119, -120.069035 53.291138, -120.069063 53.291146, -120.069095 53.291152, -120.069089 53.291169, -120.069119 53.291171, -120.069158 53.291169, -120.069196 53.291177, -120.06923 53.291177, -120.069261 53.291177, -120.069295 53.291178, -120.069326 53.291183, -120.069355 53.291189, -120.069321 53.29119, -120.06935 53.291201, -120.069381 53.291205, -120.069387 53.291222, -120.069392 53.291242, -120.069386 53.29126, -120.069367 53.291274, -120.069394 53.291259, -120.069404 53.291229, -120.069401 53.291208, -120.069436 53.291195, -120.069467 53.29119, -120.069481 53.291173, -120.069502 53.291159, -120.069511 53.291142, -120.06952 53.291116, -120.069528 53.291093, -120.069542 53.291076, -120.069558 53.291061, -120.069556 53.291043, -120.069564 53.291025, -120.069572 53.291007, -120.069583 53.29099, -120.069557 53.290981, -120.069543 53.290963, -120.069524 53.290947, -120.069523 53.290946, -120.069497 53.290933, -120.069432 53.29093, -120.069356 53.290936, -120.069323 53.290934, -120.06929 53.290933, -120.069251 53.290933, -120.069217 53.290942, -120.069197 53.290958, -120.069166 53.290964, -120.069132 53.290972, -120.069122 53.290994, -120.069083 53.290983, -120.069055 53.290989, -120.069059 53.291011, -120.06904 53.291026, -120.069025 53.291041, -120.068997 53.29105, -120.068945 53.291065, -120.068935 53.29107, -120.068923 53.291076, -120.068897 53.291081, -120.068874 53.29108, -120.068853 53.291091, -120.068826 53.291101, -120.068802 53.291086, -120.06877 53.291082, -120.068744 53.291094, -120.068713 53.291098, -120.068691 53.291093, -120.068684 53.291092, -120.068653 53.291075, -120.068629 53.291062, -120.068598 53.291062, -120.068577 53.291075, -120.06854 53.291089, -120.06851 53.291093, -120.068473 53.291095, -120.068451 53.291108, -120.06842 53.291106, -120.06839 53.2911, -120.06836 53.29111, -120.068352 53.291129, -120.06834 53.29111, -120.068341 53.291092, -120.068372 53.291085, -120.068325 53.29108, -120.068291 53.291086, -120.068248 53.291079, -120.068241 53.291058, -120.068209 53.291056, -120.068195 53.291032, -120.06817 53.29102, -120.068134 53.29101, -120.068092 53.290994, -120.068065 53.290984, -120.068051 53.290964, -120.06803 53.290933, -120.068019 53.290907, -120.068004 53.290883, -120.067985 53.290876, -120.067955 53.290864, -120.067932 53.290852, -120.067936 53.290834, -120.067916 53.29082, -120.067889 53.29081, -120.067863 53.290795, -120.067829 53.290773, -120.067819 53.290755, -120.067801 53.290732, -120.067779 53.290717, -120.067761 53.290702, -120.067741 53.290688, -120.067716 53.290675, -120.067685 53.29066, -120.067623 53.290634, -120.067598 53.290624, -120.067589 53.290606, -120.067578 53.290589, -120.067592 53.290572, -120.067577 53.290554, -120.067558 53.290494, -120.067532 53.29041, -120.06753 53.290391, -120.067554 53.290379, -120.067513 53.290364, -120.067495 53.290342, -120.067505 53.290321, -120.067512 53.290294, -120.067536 53.290263, -120.067565 53.290243, -120.0676 53.290239, -120.067589 53.29022, -120.067589 53.290199, -120.067589 53.290159, -120.067582 53.290121, -120.067571 53.290087, -120.067566 53.290055, -120.067563 53.290035, -120.06757 53.29001, -120.067581 53.289987, -120.067582 53.289984, -120.067588 53.289971, -120.067586 53.289951, -120.067581 53.289923, -120.06757 53.289901, -120.067603 53.289886, -120.06759 53.289858, -120.067586 53.289828, -120.067601 53.289809, -120.067603 53.289805, -120.067603 53.289804, -120.067608 53.28979, -120.067613 53.289762, -120.067602 53.289739, -120.067606 53.289719, -120.067584 53.2897, -120.067581 53.289683, -120.067581 53.289681, -120.067568 53.289664, -120.067546 53.289648, -120.067544 53.289647, -120.067533 53.289637, -120.067533 53.289637, -120.06752 53.289625, -120.067508 53.289588, -120.067477 53.289555, -120.06746 53.289539, -120.06746 53.289519, -120.067423 53.289505, -120.067427 53.289487, -120.067404 53.289475, -120.067409 53.289493, -120.067387 53.28948, -120.067387 53.289477, -120.067386 53.289468, -120.067385 53.289462, -120.067391 53.289459, -120.067411 53.289452, -120.067398 53.289449, -120.067379 53.289444, -120.067353 53.289435, -120.067367 53.289413, -120.067382 53.289397, -120.067407 53.289387, -120.067438 53.289384, -120.067442 53.289383, -120.067474 53.289362, -120.067473 53.28934, -120.067482 53.289319, -120.067481 53.289315, -120.067477 53.289298, -120.06749 53.289281, -120.06749 53.289281, -120.067496 53.289273, -120.06752 53.28926, -120.067521 53.289245, -120.067497 53.289227, -120.067507 53.289206, -120.06753 53.289163, -120.067556 53.289151, -120.067582 53.289135, -120.067604 53.289121, -120.067626 53.289135, -120.067646 53.289158, -120.067655 53.289169, -120.067661 53.289176, -120.067664 53.28918, -120.067666 53.289163, -120.067667 53.289159, -120.067666 53.289142, -120.067666 53.289139, -120.067681 53.289117, -120.06767 53.289099, -120.067673 53.289075, -120.067703 53.289061, -120.067703 53.289055, -120.067702 53.289039, -120.067691 53.289016, -120.067717 53.288989, -120.067737 53.288975, -120.067767 53.288954, -120.067799 53.288938, -120.06778 53.288913, -120.067793 53.288879, -120.067824 53.288863, -120.067837 53.288837, -120.06786 53.288804, -120.067871 53.288787, -120.068086 53.288665, -120.068109 53.288651, -120.068119 53.288632, -120.068127 53.288603, -120.068136 53.288558, -120.068185 53.288467, -120.068193 53.288431, -120.068191 53.288411, -120.068204 53.288374, -120.068226 53.288348, -120.068204 53.288308, -120.068202 53.288284, -120.06822 53.288263, -120.068209 53.288245, -120.068231 53.288229, -120.068272 53.288234, -120.068304 53.288245, -120.06834 53.288241, -120.068368 53.288223, -120.06836 53.288199, -120.068351 53.288181, -120.068344 53.288161, -120.068343 53.288143, -120.06835 53.288124, -120.068366 53.288103, -120.068386 53.288085, -120.068401 53.28806, -120.068405 53.288039, -120.068422 53.28802, -120.068452 53.288002, -120.068473 53.287988, -120.068498 53.287974, -120.068541 53.287949, -120.068598 53.287913, -120.068636 53.287884, -120.068664 53.287862, -120.068676 53.287839, -120.068704 53.287817, -120.068744 53.2878, -120.068774 53.287792, -120.068803 53.287785, -120.068833 53.287774, -120.068878 53.287744, -120.068946 53.287705, -120.069011 53.287678, -120.069069 53.287628, -120.069109 53.287597, -120.069137 53.28758, -120.069179 53.287534, -120.069201 53.28752, -120.069227 53.287509, -120.069258 53.287487, -120.06933 53.287453, -120.069367 53.287422, -120.069409 53.287388, -120.069442 53.28737, -120.069491 53.287367, -120.069529 53.287364, -120.069577 53.28737, -120.069613 53.287371, -120.069654 53.287364, -120.069686 53.287363, -120.069711 53.287373, -120.069749 53.287383, -120.069818 53.287393, -120.069858 53.287393, -120.069894 53.287403, -120.069933 53.287404, -120.069962 53.287415, -120.069997 53.287426, -120.07003 53.287435, -120.070078 53.287444, -120.070132 53.287437, -120.070183 53.287429, -120.070237 53.287406, -120.070271 53.287385, -120.070299 53.287374, -120.070328 53.287381, -120.070358 53.287375, -120.07039 53.287371, -120.070416 53.28736, -120.070715 53.287459, -120.070733 53.287419, -120.070754 53.28741, -120.070757 53.287411, -120.07078 53.287424, -120.070822 53.287437, -120.070806 53.287415, -120.070796 53.287394, -120.070837 53.2874, -120.070872 53.287402, -120.070847 53.287389, -120.07086 53.287364, -120.070834 53.287335, -120.070842 53.287308, -120.070812 53.287298, -120.070785 53.28729, -120.070777 53.287271, -120.070819 53.287274, -120.070825 53.287274, -120.070809 53.287253, -120.070834 53.287241, -120.070877 53.287244, -120.070875 53.287226, -120.070846 53.287215, -120.070838 53.287196, -120.070868 53.287188, -120.070866 53.287167, -120.070823 53.287162, -120.070793 53.287156, -120.070763 53.287149, -120.07078 53.287135, -120.070784 53.287116, -120.070782 53.287097, -120.070784 53.287078, -120.07081 53.287068, -120.070774 53.287072, -120.0708 53.287062, -120.070813 53.287039, -120.070781 53.287038, -120.070758 53.28705, -120.070721 53.287046, -120.070693 53.287036, -120.070676 53.287052, -120.070662 53.287083, -120.070627 53.287088, -120.070587 53.287095, -120.070561 53.287115, -120.070563 53.287136, -120.070537 53.287148, -120.070502 53.287143, -120.070469 53.287135, -120.070441 53.287116, -120.070425 53.287109, -120.070424 53.287109, -120.070404 53.287101, -120.070442 53.287099, -120.070453 53.287088, -120.070442 53.287084, -120.070412 53.287089, -120.070382 53.287096, -120.070351 53.2871, -120.070326 53.28709, -120.070311 53.287067, -120.070278 53.287074, -120.070244 53.287058, -120.070214 53.287061, -120.070183 53.287069, -120.07017 53.287085, -120.070139 53.287089, -120.070137 53.28709, -120.070094 53.287081, -120.07009 53.28707, -120.070081 53.28705, -120.07006 53.287037, -120.070061 53.287017, -120.07005 53.286998, -120.070023 53.286988, -120.070003 53.286972, -120.069998 53.286953, -120.070021 53.286925, -120.070055 53.286927, -120.070099 53.286915, -120.070064 53.28691, -120.070077 53.286882, -120.070045 53.286871, -120.070011 53.286852, -120.069991 53.286825, -120.069976 53.286805, -120.069959 53.286789, -120.069924 53.286791, -120.06989 53.286785, -120.069844 53.286794, -120.069839 53.286814, -120.069833 53.286791, -120.069802 53.286785, -120.069816 53.286807, -120.069857 53.286845, -120.06984 53.286863, -120.069814 53.286849, -120.069749 53.286837, -120.069716 53.286838, -120.069717 53.28686, -120.069697 53.286843, -120.069656 53.286844, -120.069629 53.28686, -120.069598 53.286859, -120.069561 53.286869, -120.069558 53.28687, -120.069528 53.286861, -120.0695 53.286872, -120.069472 53.286889, -120.069431 53.286884, -120.069418 53.286906, -120.069405 53.286926, -120.069379 53.28695, -120.069351 53.28696, -120.069309 53.286947, -120.069285 53.286922, -120.069257 53.286915, -120.069214 53.286911, -120.06918 53.286901, -120.069151 53.286893, -120.069132 53.286877, -120.06914 53.286851, -120.069175 53.286837, -120.069141 53.286835, -120.069101 53.286849, -120.069056 53.286862, -120.069038 53.286882, -120.069001 53.286876, -120.068964 53.286875, -120.068939 53.286886, -120.06891 53.286891, -120.068908 53.286861, -120.068887 53.286836, -120.068861 53.286822, -120.068824 53.286815, -120.068788 53.286821, -120.068776 53.286796, -120.068733 53.286794, -120.06876 53.286763, -120.068777 53.286748, -120.068791 53.286727, -120.068782 53.286709, -120.068756 53.286697, -120.068716 53.286695, -120.068677 53.286689, -120.068649 53.286696, -120.068615 53.286702, -120.068575 53.286701, -120.068535 53.28669, -120.068504 53.286706, -120.068473 53.286703, -120.068452 53.286688, -120.068436 53.28667, -120.068451 53.286651, -120.068452 53.286621, -120.068448 53.286601, -120.068431 53.286574, -120.068411 53.286548, -120.068375 53.28653, -120.06832 53.286546, -120.068285 53.286543, -120.06823 53.28654, -120.06818 53.286551, -120.068185 53.286521, -120.068231 53.286508, -120.068191 53.28651, -120.068145 53.286507, -120.06811 53.286519, -120.06807 53.286521, -120.068037 53.286511, -120.068008 53.286519, -120.067984 53.286504, -120.067986 53.286485, -120.067988 53.286467, -120.067963 53.286453, -120.067936 53.286444, -120.067917 53.286429, -120.067908 53.286411, -120.067907 53.286386, -120.067876 53.286381, -120.067845 53.286397, -120.067838 53.286377, -120.067863 53.286366, -120.067859 53.286347, -120.067858 53.286326, -120.067884 53.2863, -120.067922 53.286302, -120.067948 53.286313, -120.067974 53.286323, -120.068003 53.286342, -120.068036 53.286327, -120.068078 53.286327, -120.068112 53.286311, -120.068117 53.286292, -120.06812 53.286265, -120.068151 53.286263, -120.068183 53.286265, -120.068211 53.286242, -120.068242 53.286239, -120.068294 53.286243, -120.068322 53.286234, -120.068358 53.286222, -120.068389 53.286222, -120.068427 53.286221, -120.068452 53.286232, -120.068471 53.286249, -120.068512 53.286257, -120.068533 53.286242, -120.068557 53.286227, -120.068563 53.286202, -120.06859 53.28621, -120.068623 53.286206, -120.068656 53.286194, -120.068694 53.286198, -120.068715 53.286194, -120.068724 53.286193, -120.068763 53.286199, -120.068795 53.286187, -120.068845 53.286187, -120.068863 53.28617, -120.068902 53.286165, -120.068936 53.286164, -120.068971 53.286172, -120.068963 53.286153, -120.068964 53.286127, -120.068995 53.286121, -120.069048 53.286103, -120.069052 53.286071, -120.069058 53.286051, -120.069089 53.286034, -120.069141 53.28603, -120.069174 53.285997, -120.069178 53.285986, -120.069182 53.285975, -120.069196 53.285958, -120.069221 53.285921, -120.069196 53.285885, -120.069191 53.285853, -120.069199 53.285829, -120.069199 53.285807, -120.069252 53.285798, -120.069282 53.285788, -120.069296 53.285768, -120.069306 53.285744, -120.069368 53.285732, -120.069405 53.285718, -120.069437 53.285701, -120.069493 53.285695, -120.069536 53.285685, -120.069563 53.285671, -120.069591 53.285661, -120.069625 53.285647, -120.069653 53.285634, -120.069698 53.285619, -120.069725 53.285606, -120.069755 53.285594, -120.069792 53.285588, -120.06983 53.285586, -120.069875 53.28558, -120.069938 53.285573, -120.069979 53.285561, -120.070008 53.285554, -120.070038 53.285543, -120.070064 53.285533, -120.070115 53.285533, -120.070155 53.285544, -120.070184 53.285539, -120.070219 53.285542, -120.070246 53.285551, -120.070286 53.285554, -120.07032 53.28555, -120.070352 53.285536, -120.070383 53.28553, -120.070419 53.285537, -120.070465 53.285542, -120.070506 53.285547, -120.070547 53.285542, -120.070579 53.285536, -120.070626 53.285532, -120.070669 53.285527, -120.070711 53.285524, -120.070742 53.285511, -120.070789 53.285514, -120.070822 53.285523, -120.070868 53.285519, -120.070897 53.285511, -120.07093 53.28551, -120.070974 53.285497, -120.070992 53.285481, -120.071015 53.285464, -120.071046 53.285467, -120.071075 53.285477, -120.0711 53.285495, -120.071142 53.285491, -120.071146 53.285492, -120.07119 53.285503, -120.071219 53.285509, -120.071248 53.285525, -120.071287 53.285533, -120.071336 53.285535, -120.071375 53.285533, -120.071425 53.28555, -120.071446 53.285567, -120.071474 53.285583, -120.071521 53.2856, -120.071556 53.285598, -120.071579 53.285598, -120.071587 53.285597, -120.071635 53.285603, -120.071678 53.285609, -120.071722 53.285604, -120.071762 53.285605, -120.071815 53.285609, -120.071856 53.285614, -120.071893 53.285611, -120.071946 53.285611, -120.071994 53.285617, -120.072054 53.285624, -120.07209 53.285634, -120.072145 53.28565, -120.072185 53.285651, -120.072221 53.285641, -120.07226 53.285627, -120.072306 53.285636, -120.072332 53.285626, -120.072365 53.285627, -120.072344 53.285659, -120.072343 53.285679, -120.072352 53.285704, -120.072345 53.285727, -120.072362 53.285754, -120.072375 53.285779, -120.072311 53.285777, -120.072276 53.285779, -120.072295 53.285794, -120.072322 53.285803, -120.072355 53.285815, -120.07239 53.285808, -120.072389 53.285784, -120.07239 53.285765, -120.07242 53.285775, -120.072465 53.2858, -120.072498 53.285793, -120.072531 53.285787, -120.072541 53.285758, -120.072578 53.285746, -120.072628 53.285731, -120.072635 53.285704, -120.072668 53.285691, -120.072712 53.285677, -120.072751 53.285676, -120.07278 53.28567, -120.072772 53.285646, -120.072777 53.285619, -120.072777 53.285588, -120.072761 53.285569, -120.072785 53.285555, -120.072818 53.28553, -120.07282 53.285512, -120.07286 53.285502, -120.072898 53.285502, -120.072931 53.285482, -120.072961 53.285467, -120.072992 53.285463, -120.073012 53.285448, -120.073026 53.285421, -120.073055 53.285403, -120.07311 53.285408, -120.073148 53.285415, -120.073186 53.285405, -120.073219 53.285405, -120.073249 53.285399, -120.073259 53.285376, -120.073259 53.285357, -120.073247 53.285332, -120.073226 53.285302, -120.073192 53.28529, -120.073202 53.285269, -120.073226 53.285256, -120.07323 53.285275, -120.073254 53.285286, -120.073268 53.285302, -120.073265 53.285281, -120.073268 53.285262, -120.073266 53.28524, -120.073277 53.285222, -120.073307 53.285218, -120.073337 53.285226, -120.073391 53.285218, -120.073438 53.285214, -120.073474 53.285209, -120.073515 53.285203, -120.073558 53.285197, -120.073606 53.285194, -120.073656 53.285192, -120.073714 53.285194, -120.073729 53.285194, -120.073747 53.285194, -120.073764 53.28519, -120.07378 53.285186, -120.073797 53.285181, -120.073834 53.285184, -120.07388 53.285204, -120.073931 53.285202, -120.073976 53.285199, -120.074027 53.285199, -120.074086 53.2852, -120.074123 53.285197, -120.074169 53.285197, -120.074209 53.285184, -120.074242 53.285176, -120.074278 53.285162, -120.074317 53.285152, -120.074351 53.285148, -120.074389 53.285137, -120.074427 53.285129, -120.074466 53.285127, -120.074503 53.285115, -120.074542 53.28511, -120.074593 53.2851, -120.074626 53.285094, -120.074664 53.285083, -120.074699 53.285082, -120.074746 53.285086, -120.074778 53.285087, -120.074824 53.285092, -120.074858 53.285103, -120.074916 53.285116, -120.074949 53.285117, -120.074987 53.285106, -120.075044 53.28511, -120.075096 53.285112, -120.075128 53.28511, -120.075163 53.285116, -120.075194 53.285115, -120.075726 53.285035, -120.07644 53.28509, -120.07738 53.28531, -120.07805 53.28571, -120.07829 53.28625, -120.07828 53.28682, -120.07815 53.28739, -120.0778 53.28798, -120.076874 53.288654, -120.075705 53.287976, -120.074088 53.288196, -120.073702 53.288523, -120.073517 53.288862, -120.073197 53.288916, -120.073491 53.289543, -120.073862 53.289722, -120.074219 53.289813, -120.074131 53.290111, -120.073906 53.290226, -120.073998 53.290473, -120.073747 53.290703, -120.073643 53.290781, -120.073743 53.290892, -120.073792 53.291052, -120.07361 53.291142, -120.073681 53.29136, -120.073259 53.291602, -120.073625 53.291598, -120.073725 53.291703, -120.07406 53.291699, -120.074066 53.291579, -120.074367 53.291421, -120.074607 53.291095, -120.074797 53.291476, -120.074383 53.291855, -120.074752 53.292294, -120.075561 53.292426, -120.076236 53.292427, -120.076624 53.29218, -120.076899 53.291986, -120.077242 53.292094, -120.077766 53.292179, -120.078535 53.292272, -120.078446 53.29256, -120.078324 53.292616, -120.078557 53.292766, -120.078063 53.293164, -120.078445 53.293601, -120.078467 53.293738, -120.07882 53.29375, -120.078975 53.293609, -120.079417 53.293646, -120.079588 53.29389, -120.079785 53.293842, -120.080125 53.293624, -120.080604 53.293623, -120.080963 53.293554, -120.08093 53.293458, -120.081037 53.293386, -120.081394 53.293752, -120.081766 53.293823, -120.081946 53.293809, -120.082302 53.294112, -120.082652 53.294241, -120.082895 53.294295, -120.083039 53.294167, -120.083264 53.294371, -120.083543 53.294257, -120.083998 53.294394, -120.084596 53.294035, -120.085297 53.294184, -120.085214 53.293905, -120.085344 53.293906, -120.08564 53.293554, -120.086034 53.293399, -120.086735 53.293436, -120.086937 53.293914, -120.086512 53.294241, -120.086084 53.294652, -120.086631 53.294874, -120.08742 53.294813, -120.087646 53.294525, -120.088079 53.29464, -120.088717 53.293797, -120.088937 53.293917, -120.089248 53.294042, -120.089332 53.294169, -120.089915 53.294349, -120.090282 53.294278, -120.091417 53.294137, -120.091871 53.294251, -120.092289 53.294202, -120.092495 53.294301, -120.093392 53.294132, -120.093613 53.293973, -120.094079 53.293996, -120.09461 53.2945, -120.095093 53.294573, -120.095326 53.294721, -120.095941 53.294629, -120.096196 53.294449, -120.096511 53.294403, -120.096672 53.294059, -120.097129 53.29399, -120.097746 53.294257, -120.09894 53.294895, -120.099665 53.295189, -120.100001 53.295708, -120.100533 53.295749, -120.101188 53.29597, -120.101431 53.29589, -120.102022 53.295515, -120.102397 53.295561, -120.104399 53.29575, -120.105485 53.296029, -120.108298 53.297175, -120.109481 53.297539, -120.110999 53.297621, -120.112021 53.297813, -120.112411 53.297881, -120.113134 53.298012, -120.11899 53.30112, -120.119261 53.301393, -120.119264 53.301424, -120.119317 53.301433, -120.119351 53.301435, -120.119368 53.301462, -120.119384 53.301472, -120.119421 53.301476, -120.119427 53.301497, -120.119458 53.301511, -120.119487 53.301517, -120.119484 53.301537, -120.119482 53.301555, -120.119509 53.301571, -120.119559 53.301578, -120.119572 53.301598, -120.119534 53.301629, -120.119816 53.301768, -120.11987 53.301771, -120.119903 53.301778, -120.119927 53.301793, -120.119972 53.301786, -120.120012 53.301798, -120.120041 53.301813, -120.120013 53.301822, -120.120046 53.301831, -120.120077 53.301835, -120.120139 53.301851, -120.120183 53.301842, -120.120217 53.301849, -120.120266 53.301872, -120.120277 53.301898, -120.120301 53.301942, -120.120334 53.301959, -120.120339 53.301979, -120.120354 53.301999, -120.120358 53.302026, -120.120387 53.30202, -120.120408 53.302032, -120.120436 53.302041, -120.120452 53.302056, -120.120483 53.302096, -120.120493 53.30212, -120.120486 53.302138, -120.120522 53.302146, -120.120527 53.30217, -120.120544 53.302186, -120.120576 53.302193, -120.120593 53.302211, -120.12062 53.302219, -120.120655 53.302212, -120.12072 53.302232, -120.120744 53.302245, -120.120757 53.302266, -120.120786 53.302283, -120.120834 53.302277, -120.120864 53.302277, -120.120962 53.302294, -120.120985 53.302308, -120.121017 53.302318, -120.121018 53.302338, -120.12105 53.302343, -120.121091 53.302337, -120.121169 53.302362, -120.121168 53.302382, -120.121198 53.3024, -120.121206 53.302444, -120.121206 53.302462, -120.121215 53.302498, -120.12119 53.302508, -120.121205 53.302524, -120.12116 53.302555, -120.121088 53.30257, -120.121065 53.302587, -120.121002 53.302604, -120.121003 53.302611, -120.12104 53.302635, -120.121154 53.302709, -120.121203 53.30268, -120.121231 53.30265, -120.121259 53.302636, -120.121318 53.302727, -120.121328 53.302772, -120.121321 53.302791, -120.121299 53.30281, -120.121268 53.30282, -120.121236 53.302823, -120.121217 53.302839, -120.12123 53.30286, -120.121197 53.302881, -120.121187 53.302902, -120.121193 53.302921, -120.121174 53.302957, -120.121148 53.302973, -120.121119 53.302988, -120.121092 53.302977, -120.121069 53.302959, -120.121031 53.302966, -120.121015 53.302985, -120.121019 53.303004, -120.121022 53.303019, -120.121018 53.303046, -120.121056 53.303046, -120.121099 53.303047, -120.121112 53.303064, -120.121144 53.303071, -120.121123 53.303088, -120.121135 53.303143, -120.121205 53.303217, -120.121228 53.30322, -120.121242 53.303269, -120.121199 53.303309, -120.121222 53.303343, -120.121258 53.303364, -120.121329 53.303383, -120.12137 53.303417, -120.121399 53.30341, -120.12154 53.303445, -120.121534 53.303467, -120.121604 53.303495, -120.121597 53.30352, -120.12161 53.303535, -120.12168 53.303524, -120.121742 53.3035, -120.121774 53.303513, -120.121778 53.303533, -120.122319 53.303562, -120.122394 53.30357, -120.122438 53.30356, -120.122466 53.303575, -120.122648 53.30356, -120.12266 53.303581, -120.122692 53.303578, -120.122724 53.303574, -120.122722 53.303594, -120.122777 53.303626, -120.12284 53.30364, -120.122875 53.303672, -120.12287 53.303714, -120.122904 53.303713, -120.122896 53.303734, -120.12289 53.303752, -120.122878 53.303782, -120.122847 53.303789, -120.122817 53.303806, -120.122792 53.30382, -120.122771 53.303793, -120.12273 53.303792, -120.122704 53.303807, -120.12273 53.303834, -120.122818 53.30405, -120.122834 53.304065, -120.122925 53.304058, -120.122936 53.304066, -120.122922 53.304088, -120.122953 53.304133, -120.122983 53.30413, -120.123021 53.304168, -120.123038 53.304237, -120.123381 53.304329, -120.123291 53.304434, -120.123384 53.304527, -120.123469 53.304508, -120.123706 53.304669, -120.123842 53.304669, -120.124216 53.304618, -120.124239 53.30466, -120.124406 53.30457, -120.124505 53.304598, -120.124537 53.304634, -120.12448 53.304664, -120.124422 53.304748, -120.124664 53.304851, -120.124776 53.304965, -120.124923 53.304999, -120.125061 53.304948, -120.125132 53.304983, -120.125114 53.305012, -120.125333 53.305004, -120.125455 53.305035, -120.1256 53.305121, -120.125671 53.305209, -120.125772 53.305255, -120.125858 53.305257, -120.126056 53.305313, -120.126373 53.305247, -120.126706 53.305121, -120.12721 53.305258, -120.127505 53.305455, -120.127518 53.305589, -120.127734 53.305823, -120.12769 53.30608, -120.128206 53.30616, -120.12852 53.306254, -120.128515 53.306421, -120.128647 53.30646, -120.128597 53.306552, -120.128763 53.30649, -120.129139 53.306415, -120.129229 53.306256, -120.129793 53.306563, -120.129895 53.306673, -120.1299 53.306678, -120.130044 53.306832, -120.129885 53.306884, -120.130147 53.307037, -120.130249 53.307005, -120.130336 53.306999, -120.130375 53.306997, -120.130434 53.306994, -120.13045 53.307068, -120.130557 53.30709, -120.130624 53.307196, -120.130764 53.307166, -120.130871 53.307133, -120.131053 53.307172, -120.131169 53.307258, -120.131331 53.307418, -120.131413 53.307559, -120.131411 53.307709, -120.131318 53.307753, -120.131152 53.307687, -120.131079 53.30772, -120.130982 53.307696, -120.13097 53.307693, -120.130735 53.307785, -120.130648 53.307762, -120.130607 53.307781, -120.130424 53.307865, -120.130196 53.307792, -120.129891 53.307832, -120.129508 53.30781, -120.129777 53.307894, -120.130027 53.307974, -120.130298 53.308061, -120.13041 53.30809, -120.130589 53.308086, -120.130724 53.308065, -120.130816 53.30804, -120.130909 53.30801, -120.13094 53.308, -120.130987 53.307997, -120.131022 53.307996, -120.131086 53.307993, -120.131187 53.30798, -120.131286 53.307965, -120.131487 53.308025, -120.13138 53.308134, -120.131711 53.308286, -120.131675 53.308345, -120.131954 53.308463, -120.132429 53.308537, -120.132693 53.308673, -120.132745 53.308805, -120.133201 53.309108, -120.133512 53.309163, -120.133736 53.309284, -120.13395 53.30934, -120.134074 53.30943, -120.134147 53.309483, -120.134175 53.309503, -120.13435 53.30963, -120.134504 53.309685, -120.134597 53.309842, -120.134629 53.309891, -120.134602 53.309975, -120.13474 53.310067, -120.134786 53.31014, -120.135057 53.310229, -120.135176 53.310267, -120.135273 53.310343, -120.135295 53.310365, -120.135336 53.3105, -120.135478 53.310607, -120.135546 53.310718, -120.135403 53.310798, -120.13533 53.310847, -120.135395 53.310927, -120.13551 53.311008, -120.135545 53.311091, -120.135433 53.311067, -120.135415 53.311115, -120.135489 53.311165, -120.135216 53.311471, -120.135128 53.311503, -120.13517 53.311583, -120.135364 53.311765, -120.135519 53.3119, -120.135782 53.312133, -120.135788 53.312154, -120.135878 53.312123, -120.135974 53.312094, -120.136114 53.312117, -120.136308 53.312118, -120.136486 53.312036, -120.136412 53.311958, -120.136223 53.311882, -120.136275 53.311844, -120.136052 53.3117, -120.136113 53.311652, -120.136278 53.311635, -120.136453 53.311746, -120.13649 53.311863, -120.136558 53.311891, -120.136677 53.311871, -120.136824 53.311997, -120.136918 53.312078, -120.136961 53.312153, -120.137047 53.312142, -120.137165 53.312153, -120.137283 53.312266, -120.137325 53.312409, -120.137506 53.312513, -120.137762 53.312575, -120.137996 53.312485, -120.138143 53.312478, -120.138234 53.312508, -120.138271 53.312581, -120.138447 53.312608, -120.138588 53.312718, -120.138729 53.312696, -120.138932 53.312768, -120.139016 53.312849, -120.139131 53.312874, -120.139195 53.31279, -120.139335 53.312808, -120.139434 53.312888, -120.13957 53.312937, -120.139707 53.312974, -120.139802 53.313054, -120.139876 53.313078, -120.14002 53.31308, -120.140177 53.313143, -120.140278 53.313161, -120.140363 53.313243, -120.140237 53.313251, -120.140118 53.313253, -120.140148 53.313314, -120.140305 53.313395, -120.140314 53.313477, -120.140393 53.313515, -120.140429 53.313571, -120.140507 53.313614, -120.140584 53.313698, -120.140544 53.313729, -120.140432 53.313758, -120.140383 53.313785, -120.140399 53.313891, -120.140464 53.313928, -120.140563 53.313973, -120.140689 53.313999, -120.140681 53.314021, -120.140563 53.313988, -120.14039 53.314011, -120.140367 53.313999, -120.140311 53.31401, -120.140246 53.313984, -120.140101 53.313925, -120.139986 53.313887, -120.139977 53.313867, -120.139901 53.313839, -120.13972 53.313742, -120.139496 53.313706, -120.139376 53.313733, -120.139402 53.313752, -120.139485 53.313761, -120.139471 53.313844, -120.13952 53.313914, -120.139609 53.313919, -120.139689 53.313953, -120.13974 53.31399, -120.139642 53.314073, -120.139701 53.314108, -120.139695 53.314175, -120.139599 53.314207, -120.139474 53.31425, -120.139461 53.314325, -120.139489 53.314334, -120.139612 53.314326, -120.139662 53.314316, -120.139699 53.314282, -120.139831 53.314263, -120.140023 53.314361, -120.140035 53.314433, -120.140073 53.31446, -120.14018 53.314503, -120.140295 53.314629, -120.140207 53.314767, -120.140054 53.314789, -120.140081 53.314808, -120.139987 53.314853, -120.140002 53.314884, -120.140157 53.314884, -120.140239 53.314906, -120.140382 53.314906, -120.14044 53.314852, -120.140435 53.314761, -120.140478 53.31474, -120.14058 53.314736, -120.140713 53.314797, -120.140794 53.314834, -120.140912 53.314852, -120.141046 53.314868, -120.141113 53.31489, -120.141097 53.314919, -120.141258 53.314959, -120.141421 53.315005, -120.141517 53.315071, -120.14167 53.315034, -120.141847 53.315096, -120.14198 53.315186, -120.142001 53.315254, -120.141984 53.315271, -120.141891 53.315279, -120.141808 53.315312, -120.141661 53.315311, -120.141528 53.315264, -120.141407 53.315268, -120.141333 53.315307, -120.141379 53.315342, -120.14146 53.315356, -120.141616 53.31539, -120.141581 53.315461, -120.141537 53.315502, -120.141417 53.315514, -120.141396 53.315545, -120.141295 53.315592, -120.141208 53.315601, -120.14118 53.315639, -120.141028 53.315688, -120.140826 53.315655, -120.140725 53.315708, -120.140685 53.315762, -120.140663 53.315795, -120.14065 53.315815, -120.140523 53.31585, -120.140473 53.315837, -120.140216 53.315691, -120.139943 53.3156, -120.139691 53.315502, -120.139523 53.315474, -120.13938 53.315448, -120.139374 53.315446, -120.139307 53.315452, -120.139212 53.315551, -120.139077 53.315646, -120.139039 53.31571, -120.138977 53.315765, -120.139001 53.315862, -120.139102 53.315865, -120.139136 53.315898, -120.139202 53.315891, -120.139201 53.315954, -120.139114 53.316006, -120.138972 53.316036, -120.138936 53.316063, -120.139016 53.316098, -120.139082 53.316139, -120.139088 53.31618, -120.139071 53.316208, -120.139027 53.31621, -120.138924 53.316192, -120.138887 53.316168, -120.138823 53.316177, -120.138695 53.316226, -120.138664 53.316224, -120.138635 53.316219, -120.138611 53.316207, -120.138583 53.316217, -120.13854 53.316218, -120.138504 53.316178, -120.138469 53.31618, -120.138384 53.316154, -120.138361 53.316174, -120.138409 53.316237, -120.138403 53.31626, -120.138346 53.316284, -120.13831 53.316292, -120.138272 53.316312, -120.138247 53.316357, -120.138301 53.316363, -120.138333 53.316369, -120.138363 53.316396, -120.138357 53.316421, -120.138325 53.316433, -120.138337 53.31649, -120.138339 53.316498, -120.138164 53.316408, -120.138136 53.31642, -120.138067 53.3164, -120.138009 53.316427, -120.13791 53.316404, -120.137895 53.316446, -120.137832 53.316436, -120.137794 53.316397, -120.137706 53.316371, -120.137659 53.316398, -120.137556 53.316384, -120.137498 53.316302, -120.137372 53.316309, -120.137297 53.316298, -120.137247 53.316338, -120.137203 53.316337, -120.137124 53.316365, -120.137125 53.316344, -120.137089 53.316339, -120.137049 53.31632, -120.13698 53.316341, -120.136917 53.316333, -120.136907 53.316295, -120.136857 53.316263, -120.136826 53.316255, -120.136761 53.316267, -120.136652 53.316234, -120.13657 53.316262, -120.136487 53.316272, -120.136421 53.316298, -120.136292 53.316286, -120.136258 53.316197, -120.136222 53.31617, -120.136115 53.316173, -120.136086 53.316159, -120.13605 53.316148, -120.136028 53.316132, -120.135888 53.316105, -120.135783 53.31607, -120.135712 53.315998, -120.135616 53.315996, -120.135581 53.316004, -120.135461 53.316, -120.135414 53.316021, -120.135396 53.316048, -120.135348 53.316084, -120.135372 53.316136, -120.135355 53.316159, -120.135385 53.316329, -120.135454 53.316333, -120.135514 53.316424, -120.13552 53.316469, -120.135556 53.316454, -120.135617 53.316516, -120.135667 53.316557, -120.135629 53.316608, -120.135584 53.316607, -120.135565 53.316758, -120.135492 53.316747, -120.135465 53.316783, -120.135522 53.31681, -120.135582 53.316874, -120.135565 53.316954, -120.135554 53.316972, -120.135581 53.317008, -120.135523 53.317057, -120.135505 53.3171, -120.135596 53.317069, -120.135778 53.317087, -120.135888 53.317111, -120.135977 53.317117, -120.135741 53.317351, -120.135695 53.31739, -120.13565 53.31739, -120.135616 53.317383, -120.135591 53.317403, -120.13559 53.317421, -120.135582 53.317444, -120.135588 53.31747, -120.135618 53.3175, -120.135601 53.317518, -120.13555 53.317566, -120.135573 53.317589, -120.135554 53.317606, -120.135565 53.317629, -120.135583 53.317646, -120.135609 53.317662, -120.135604 53.317681, -120.135608 53.317703, -120.135607 53.317722, -120.135606 53.317745, -120.13564 53.317746, -120.13566 53.317761, -120.135694 53.317755, -120.135767 53.317797, -120.135816 53.317813, -120.135868 53.317814, -120.135969 53.317842, -120.136183 53.317922, -120.136165 53.317937, -120.136172 53.317956, -120.136166 53.317973, -120.136174 53.317992, -120.136179 53.318024, -120.136211 53.31803, -120.136235 53.318015, -120.136252 53.317995, -120.136282 53.317986, -120.136306 53.317975, -120.136341 53.317971, -120.136379 53.317981, -120.136406 53.317966, -120.136433 53.317975, -120.136508 53.317995, -120.136601 53.318015, -120.136625 53.318002, -120.136642 53.31798, -120.13664 53.317962, -120.136673 53.317957, -120.136703 53.317949, -120.136738 53.317938, -120.13676 53.317923, -120.136827 53.317943, -120.136868 53.317988, -120.136875 53.318024, -120.136898 53.318037, -120.136926 53.318052, -120.136956 53.318065, -120.136977 53.318082, -120.137007 53.318087, -120.137128 53.318074, -120.137158 53.318067, -120.137189 53.318061, -120.137215 53.318052, -120.137219 53.318029, -120.137223 53.318006, -120.137211 53.317988, -120.13719 53.31797, -120.137182 53.317952, -120.137212 53.31795, -120.137253 53.317965, -120.1373 53.317967, -120.137338 53.31796, -120.137379 53.317957, -120.137405 53.31797, -120.137413 53.317972, -120.137607 53.318088, -120.137641 53.318083, -120.137659 53.318067, -120.137703 53.318066, -120.137729 53.318077, -120.137747 53.318094, -120.137737 53.318112, -120.137745 53.318131, -120.137728 53.318151, -120.137722 53.318169, -120.137723 53.318194, -120.1376 53.318237, -120.137571 53.318244, -120.13757 53.318272, -120.1376 53.318279, -120.137621 53.318296, -120.137606 53.318317, -120.137617 53.318352, -120.137595 53.318366, -120.137591 53.318388, -120.137539 53.3184, -120.137471 53.318395, -120.137418 53.318393, -120.137386 53.318396, -120.137338 53.318409, -120.137338 53.318428, -120.137422 53.318478, -120.137452 53.318543, -120.137538 53.318616, -120.137597 53.318631, -120.137747 53.318643, -120.137762 53.318622, -120.137794 53.318597, -120.137876 53.31858, -120.1379 53.31859, -120.137934 53.318588, -120.137963 53.318584, -120.137977 53.318566, -120.137981 53.318546, -120.138014 53.318536, -120.138043 53.318541, -120.138077 53.318528, -120.138123 53.318538, -120.138149 53.318559, -120.138162 53.318571, -120.138212 53.31858, -120.138235 53.318598, -120.138237 53.31862, -120.138227 53.318641, -120.138256 53.318651, -120.138291 53.318654, -120.138311 53.318668, -120.13834 53.318677, -120.138378 53.318682, -120.138421 53.318686, -120.138456 53.31869, -120.138531 53.318694, -120.13854 53.318675, -120.138559 53.318661, -120.138552 53.31864, -120.138585 53.318612, -120.138615 53.31861, -120.138672 53.318631, -120.138697 53.318643, -120.138739 53.318655, -120.138781 53.318669, -120.138802 53.318684, -120.138834 53.318697, -120.138857 53.318703, -120.139003 53.318835, -120.138974 53.318846, -120.138954 53.318862, -120.13893 53.318881, -120.138923 53.318891, -120.138962 53.318903, -120.138998 53.318895, -120.139031 53.318891, -120.139072 53.318887, -120.139107 53.318884, -120.13914 53.318887, -120.139168 53.318878, -120.139214 53.318883, -120.139348 53.318838, -120.139398 53.31884, -120.139429 53.318853, -120.139454 53.318866, -120.139477 53.318879, -120.139509 53.318881, -120.139539 53.318881, -120.139579 53.31888, -120.13961 53.318885, -120.139628 53.318909, -120.139646 53.318931, -120.139639 53.318951, -120.13966 53.318964, -120.139768 53.319009, -120.139768 53.319027, -120.13978 53.319045, -120.139789 53.319075, -120.139771 53.319096, -120.139764 53.319119, -120.139758 53.319139, -120.139807 53.31917, -120.139827 53.319185, -120.139863 53.319187, -120.139894 53.319184, -120.139925 53.319194, -120.13996 53.319187, -120.139991 53.319191, -120.140028 53.319184, -120.140088 53.319195, -120.140106 53.319218, -120.140106 53.31924, -120.140071 53.319262, -120.14014 53.319306, -120.140181 53.319316, -120.140255 53.319322, -120.140289 53.319317, -120.140322 53.319317, -120.140339 53.319301, -120.140369 53.319284, -120.140396 53.319276, -120.140422 53.319288, -120.140438 53.319315, -120.140454 53.319333, -120.140446 53.31936, -120.140464 53.319377, -120.140473 53.319401, -120.140466 53.319422, -120.140495 53.319433, -120.140487 53.319452, -120.140455 53.31947, -120.140436 53.319489, -120.140406 53.319501, -120.140379 53.319509, -120.140389 53.319526, -120.140517 53.31958, -120.140536 53.319597, -120.140561 53.31961, -120.14061 53.31962, -120.140627 53.319639, -120.140724 53.319675, -120.140758 53.319709, -120.140785 53.31972, -120.140806 53.319733, -120.140774 53.319746, -120.140749 53.319763, -120.140724 53.319775, -120.140659 53.319767, -120.140646 53.319787, -120.140605 53.31982, -120.140582 53.319837, -120.140579 53.319864, -120.140589 53.31991, -120.140573 53.319931, -120.140538 53.319941, -120.140502 53.319956, -120.14049 53.319981, -120.140458 53.319975, -120.140428 53.319967, -120.14038 53.319963, -120.140328 53.319977, -120.140336 53.319995, -120.140314 53.320015, -120.140289 53.32004, -120.140289 53.32006, -120.14025 53.320077, -120.140233 53.320092, -120.140212 53.320105, -120.140221 53.320134, -120.140237 53.320149, -120.140206 53.320166, -120.140183 53.320178, -120.140151 53.32017, -120.140129 53.320149, -120.140109 53.320188, -120.140088 53.320218, -120.140022 53.320247, -120.139992 53.320233, -120.139975 53.320211, -120.139944 53.320197, -120.139936 53.320194, -120.139851 53.320249, -120.139825 53.320262, -120.13982 53.320283, -120.139812 53.320306, -120.139817 53.32033, -120.139773 53.320357, -120.139737 53.320362, -120.13972 53.320379, -120.139653 53.320364, -120.139629 53.320345, -120.139616 53.320326, -120.139593 53.320302, -120.139571 53.320282, -120.13956 53.320258, -120.139539 53.320243, -120.139507 53.320247, -120.139453 53.320252, -120.139403 53.32024, -120.139354 53.320242, -120.139327 53.320258, -120.139294 53.32025, -120.139228 53.320256, -120.139226 53.320277, -120.139232 53.320298, -120.139225 53.320316, -120.139227 53.320337, -120.139245 53.320356, -120.139275 53.320352, -120.139298 53.320371, -120.139319 53.320385, -120.139318 53.320404, -120.139299 53.320425, -120.139314 53.320451, -120.139342 53.320464, -120.139399 53.32048, -120.139417 53.320494, -120.139393 53.320509, -120.139361 53.320513, -120.139327 53.32051, -120.139294 53.320509, -120.139253 53.320498, -120.139221 53.320495, -120.139121 53.320534, -120.139135 53.320554, -120.139165 53.320575, -120.139183 53.320603, -120.139176 53.320623, -120.139109 53.320621, -120.139074 53.320614, -120.139045 53.320597, -120.138999 53.32059, -120.138969 53.320605, -120.138982 53.320625, -120.13898 53.320646, -120.13899 53.320667, -120.139023 53.320694, -120.139056 53.320693, -120.13906 53.320712, -120.139075 53.32073, -120.139051 53.320765, -120.139065 53.320818, -120.139041 53.320832, -120.139002 53.320869, -120.139003 53.320887, -120.138999 53.320906, -120.139029 53.32094, -120.13905 53.32096, -120.139075 53.320971, -120.139123 53.320995, -120.13916 53.32106, -120.139181 53.321074, -120.13919 53.321095, -120.139221 53.321111, -120.139254 53.321119, -120.139269 53.321137, -120.139272 53.321155, -120.139278 53.321173, -120.139269 53.321198, -120.139249 53.321218, -120.13923 53.321235, -120.139222 53.321258, -120.139223 53.321289, -120.139232 53.321311, -120.139238 53.32133, -120.139327 53.321334, -120.139354 53.321317, -120.139384 53.321309, -120.139379 53.32129, -120.139403 53.321266, -120.139439 53.321263, -120.139471 53.321264, -120.13951 53.321277, -120.13954 53.321282, -120.139576 53.321284, -120.139607 53.321295, -120.139618 53.321308, -120.139657 53.321336, -120.139681 53.321349, -120.139728 53.321414, -120.139744 53.321438, -120.139743 53.321458, -120.139703 53.321473, -120.139681 53.321486, -120.13969 53.321505, -120.139691 53.321544, -120.139681 53.321561, -120.139674 53.321586, -120.139643 53.321612, -120.139623 53.321632, -120.139638 53.32165, -120.139666 53.321658, -120.13969 53.321675, -120.139683 53.321694, -120.139699 53.321717, -120.13973 53.32174, -120.139751 53.321754, -120.139743 53.321774, -120.139733 53.321808, -120.139725 53.321827, -120.139702 53.321847, -120.139661 53.32191, -120.139605 53.321945, -120.139608 53.321983, -120.139616 53.322033, -120.139656 53.322037, -120.139693 53.322042, -120.139734 53.322046, -120.139776 53.322057, -120.139811 53.322069, -120.13984 53.322076, -120.140695 53.322836, -120.140942 53.322978, -120.140999 53.322947, -120.140998 53.322929, -120.14103 53.322921, -120.141049 53.322904, -120.141109 53.322873, -120.141136 53.322862, -120.141159 53.322849, -120.141169 53.322827, -120.141129 53.322794, -120.141115 53.322775, -120.141148 53.322765, -120.141182 53.322755, -120.141213 53.322751, -120.141236 53.322729, -120.141251 53.322711, -120.141274 53.322698, -120.14131 53.322698, -120.141345 53.322691, -120.141383 53.322695, -120.141416 53.322688, -120.141428 53.322662, -120.141457 53.322648, -120.141487 53.322652, -120.141521 53.322647, -120.141553 53.322646, -120.14158 53.322637, -120.141614 53.322644, -120.141662 53.322625, -120.141678 53.322596, -120.141691 53.322578, -120.141712 53.322561, -120.141743 53.322549, -120.141776 53.322529, -120.141835 53.322526, -120.141876 53.322526, -120.141903 53.32254, -120.141922 53.322556, -120.14193 53.322574, -120.141951 53.322593, -120.141969 53.322608, -120.141982 53.322627, -120.141988 53.32265, -120.142035 53.322666, -120.142107 53.322662, -120.142165 53.322656, -120.142259 53.322671, -120.142288 53.322683, -120.142294 53.322703, -120.142326 53.322703, -120.142345 53.322719, -120.142348 53.32274, -120.142363 53.32276, -120.142346 53.32278, -120.14233 53.322796, -120.142349 53.322813, -120.142349 53.322835, -120.14234 53.322857, -120.142378 53.322868, -120.142419 53.322862, -120.142437 53.322846, -120.142481 53.322831, -120.142511 53.322829, -120.142529 53.32285, -120.142543 53.32287, -120.142564 53.322888, -120.142603 53.322884, -120.142632 53.322894, -120.142661 53.322913, -120.142691 53.322923, -120.142713 53.322937, -120.14277 53.322929, -120.1428 53.322929, -120.142839 53.32292, -120.142875 53.32293, -120.142989 53.322925, -120.143045 53.322941, -120.143089 53.322952, -120.143129 53.322964, -120.143162 53.322945, -120.143202 53.322947, -120.14322 53.32293, -120.143285 53.322908, -120.143312 53.322898, -120.143356 53.322911, -120.143399 53.322942, -120.143419 53.32296, -120.14343 53.32298, -120.143446 53.322996, -120.143469 53.323021, -120.143496 53.323043, -120.143521 53.323072, -120.143541 53.323097, -120.143549 53.323115, -120.143555 53.323134, -120.143542 53.323152, -120.14351 53.323153, -120.143479 53.32316, -120.143428 53.323161, -120.143398 53.323165, -120.143367 53.32316, -120.14333 53.323165, -120.143309 53.323183, -120.143288 53.323226, -120.143301 53.323247, -120.1433 53.323279, -120.143344 53.323312, -120.143345 53.323332, -120.14333 53.323359, -120.143323 53.323378, -120.143325 53.323398, -120.14334 53.323418, -120.14338 53.323423, -120.143404 53.323439, -120.143518 53.323449, -120.143546 53.323457, -120.143579 53.323463, -120.143611 53.323464, -120.143647 53.323469, -120.143685 53.32347, -120.143716 53.323471, -120.143747 53.323475, -120.143771 53.323486, -120.143782 53.323504, -120.143761 53.323523, -120.14374 53.323539, -120.143711 53.323569, -120.14369 53.323604, -120.143672 53.323647, -120.143683 53.323667, -120.143654 53.323701, -120.143613 53.3237, -120.143583 53.323704, -120.14356 53.323719, -120.143567 53.323736, -120.143582 53.323752, -120.143604 53.323769, -120.14362 53.323786, -120.143643 53.3238, -120.14366 53.323818, -120.143697 53.323829, -120.143745 53.32383, -120.143775 53.32384, -120.143896 53.323812, -120.143926 53.323802, -120.143943 53.323785, -120.143967 53.323762, -120.143982 53.323742, -120.143999 53.323719, -120.14403 53.323716, -120.144062 53.32372, -120.144086 53.323705, -120.144123 53.323694, -120.144138 53.323676, -120.144172 53.323657, -120.144204 53.323657, -120.144242 53.323672, -120.144298 53.323673, -120.144335 53.323667, -120.144366 53.323665, -120.144396 53.323669, -120.144432 53.323661, -120.144473 53.323668, -120.144509 53.323675, -120.144533 53.323689, -120.14454 53.32371, -120.144561 53.323725, -120.144588 53.323736, -120.144619 53.323757, -120.144605 53.323773, -120.144594 53.3238, -120.144578 53.323821, -120.144554 53.323836, -120.144514 53.323836, -120.144472 53.323859, -120.144489 53.323881, -120.144486 53.323911, -120.144454 53.323928, -120.144424 53.323947, -120.144388 53.323962, -120.14436 53.323972, -120.144328 53.323973, -120.144335 53.323991, -120.144351 53.324007, -120.144377 53.324019, -120.144416 53.32402, -120.144456 53.324021, -120.144491 53.32402, -120.144534 53.324024, -120.144558 53.324036, -120.14455 53.324058, -120.144577 53.324069, -120.144607 53.324084, -120.144616 53.324102, -120.1446 53.324121, -120.144615 53.32414, -120.144621 53.324158, -120.144629 53.32418, -120.144594 53.324192, -120.144581 53.324224, -120.144601 53.324237, -120.144652 53.324257, -120.144703 53.324275, -120.144725 53.324291, -120.144751 53.324308, -120.144772 53.324323, -120.144793 53.324336, -120.144886 53.32437, -120.144932 53.324382, -120.144962 53.3244, -120.144981 53.32442, -120.144988 53.324437, -120.145018 53.324445, -120.145051 53.324441, -120.145079 53.32442, -120.145072 53.324402, -120.145104 53.324385, -120.145104 53.324366, -120.145109 53.324347, -120.145134 53.324324, -120.145168 53.324316, -120.145195 53.324348, -120.145235 53.324377, -120.145253 53.324392, -120.145251 53.324414, -120.145249 53.324432, -120.145258 53.324456, -120.145256 53.324475, -120.145274 53.324489, -120.145309 53.324502, -120.145324 53.324518, -120.145351 53.324526, -120.145382 53.324531, -120.145416 53.324538, -120.145446 53.324541, -120.145477 53.324546, -120.145513 53.324563, -120.145545 53.324562, -120.145577 53.324566, -120.145617 53.324575, -120.145647 53.324591, -120.145666 53.324616, -120.145677 53.324634, -120.145676 53.324654, -120.14565 53.324669, -120.145647 53.324687, -120.145529 53.32476, -120.145539 53.324777, -120.14556 53.324793, -120.145592 53.324808, -120.14562 53.324819, -120.145621 53.324838, -120.145662 53.324859, -120.14569 53.324852, -120.145718 53.324843, -120.145753 53.324848, -120.145776 53.324868, -120.145787 53.324888, -120.14581 53.3249, -120.145841 53.324911, -120.145873 53.324905, -120.145906 53.324914, -120.145923 53.324932, -120.145947 53.324951, -120.145951 53.324975, -120.145961 53.324999, -120.145976 53.325015, -120.145959 53.325033, -120.14594 53.325047, -120.145925 53.325064, -120.1459 53.32508, -120.145895 53.3251, -120.145892 53.325118, -120.145869 53.325134, -120.14572 53.325167, -120.145725 53.325185, -120.145714 53.325207, -120.145672 53.325281, -120.145703 53.325296, -120.145723 53.325327, -120.145703 53.325343, -120.145722 53.325404, -120.14574 53.32542, -120.145854 53.325446, -120.145889 53.325444, -120.145917 53.325436, -120.145964 53.325413, -120.146009 53.325405, -120.146035 53.325419, -120.146035 53.32544, -120.146024 53.32546, -120.146046 53.325552, -120.146063 53.325568, -120.146065 53.325586, -120.146055 53.325604, -120.146072 53.325641, -120.146095 53.32566, -120.14611 53.325679, -120.146102 53.325697, -120.146093 53.325717, -120.146057 53.325714, -120.146016 53.325703, -120.145995 53.325685, -120.145972 53.325671, -120.145948 53.325655, -120.145927 53.325642, -120.1459 53.325632, -120.145873 53.32562, -120.145823 53.325601, -120.145769 53.325577, -120.145743 53.325561, -120.145709 53.325549, -120.145674 53.325539, -120.145648 53.325528, -120.145611 53.325516, -120.145575 53.325505, -120.145545 53.32549, -120.145516 53.325473, -120.14549 53.325459, -120.145462 53.325448, -120.145438 53.325435, -120.145412 53.325424, -120.145381 53.325411, -120.145358 53.325398, -120.145343 53.325381, -120.145328 53.325361, -120.145313 53.325344, -120.145297 53.325323, -120.145271 53.325313, -120.145246 53.325325, -120.145219 53.325335, -120.145193 53.325345, -120.145164 53.325348, -120.145134 53.325354, -120.145097 53.32535, -120.145061 53.325346, -120.14503 53.325344, -120.144965 53.325343, -120.144798 53.325341, -120.144322 53.325014, -120.14398 53.324776, -120.143463 53.324472, -120.143139 53.32427, -120.142794 53.324054, -120.142791 53.324052, -120.142787 53.32405, -120.142774 53.324057, -120.142733 53.324054, -120.142733 53.324062, -120.142733 53.324086, -120.142679 53.324076, -120.142773 53.324117, -120.142752 53.324141, -120.142739 53.32415, -120.142707 53.324154, -120.142709 53.324162, -120.142722 53.324203, -120.142732 53.324189, -120.142755 53.324191, -120.142784 53.324173, -120.142778 53.324193, -120.142729 53.324214, -120.142655 53.324211, -120.14266 53.324234, -120.142658 53.324256, -120.142625 53.324259, -120.142615 53.324279, -120.14258 53.324271, -120.142553 53.324259, -120.142568 53.324276, -120.142539 53.324283, -120.142509 53.3243, -120.142469 53.324307, -120.142456 53.324323, -120.142421 53.324322, -120.142391 53.324321, -120.142371 53.324305, -120.142339 53.324301, -120.142321 53.324287, -120.142297 53.324271, -120.142266 53.324268, -120.142234 53.32427, -120.142167 53.32426, -120.142193 53.324273, -120.142212 53.32429, -120.142232 53.324304, -120.142234 53.324323, -120.142202 53.324323, -120.142168 53.32432, -120.142158 53.32434, -120.142169 53.324361, -120.142188 53.324381, -120.142187 53.324401, -120.142183 53.324421, -120.142185 53.32445, -120.142162 53.324465, -120.142125 53.324451, -120.142095 53.324434, -120.142072 53.324411, -120.14206 53.324394, -120.142039 53.324376, -120.142004 53.324374, -120.141972 53.32436, -120.141996 53.324339, -120.142019 53.324316, -120.142006 53.324299, -120.14198 53.324288, -120.141958 53.324274, -120.141946 53.324255, -120.1419 53.32424, -120.141871 53.324235, -120.141847 53.324223, -120.141813 53.324212, -120.141803 53.324209, -120.141777 53.324197, -120.141746 53.324196, -120.141723 53.324177, -120.141733 53.324156, -120.141768 53.324155, -120.141768 53.324161, -120.141794 53.32414, -120.141843 53.324123, -120.141853 53.324104, -120.141863 53.324086, -120.141853 53.324075, -120.141853 53.324074, -120.141846 53.324065, -120.141814 53.324055, -120.141776 53.324048, -120.141754 53.324035, -120.141753 53.324013, -120.141717 53.324014, -120.141687 53.324, -120.141656 53.323995, -120.141626 53.324, -120.141629 53.323972, -120.141615 53.323974, -120.141607 53.32398, -120.141596 53.324015, -120.141568 53.32403, -120.141549 53.324047, -120.141515 53.324051, -120.141497 53.324067, -120.141467 53.324068, -120.141459 53.324044, -120.141465 53.32402, -120.141495 53.323999, -120.141533 53.32399, -120.14151 53.323978, -120.141497 53.323957, -120.141477 53.323948, -120.141469 53.323945, -120.14142 53.323933, -120.141412 53.323909, -120.141383 53.323915, -120.141355 53.323928, -120.141351 53.323946, -120.141353 53.323916, -120.141327 53.323929, -120.14132 53.323953, -120.141287 53.323968, -120.141257 53.32398, -120.141232 53.323969, -120.141203 53.323951, -120.141168 53.323935, -120.141146 53.323923, -120.14111 53.323921, -120.141078 53.323925, -120.141034 53.32391, -120.141001 53.323892, -120.140974 53.323874, -120.140947 53.323864, -120.140938 53.323846, -120.140922 53.323831, -120.140916 53.323811, -120.140897 53.323797, -120.140889 53.323815, -120.14086 53.32382, -120.140844 53.323826, -120.140833 53.323829, -120.140801 53.323817, -120.140774 53.323802, -120.140762 53.323821, -120.140737 53.323836, -120.140754 53.323853, -120.140766 53.323876, -120.140765 53.323895, -120.140756 53.323912, -120.140786 53.323928, -120.140805 53.323942, -120.140802 53.323964, -120.140795 53.323991, -120.140751 53.323997, -120.140722 53.324018, -120.140701 53.323998, -120.140687 53.323974, -120.140681 53.323949, -120.140645 53.323939, -120.140612 53.323927, -120.140593 53.323912, -120.140559 53.3239, -120.140532 53.323919, -120.140524 53.323937, -120.140492 53.323943, -120.140476 53.323963, -120.140468 53.323981, -120.140427 53.323982, -120.140397 53.32398, -120.140364 53.323983, -120.140369 53.324005, -120.140337 53.32401, -120.140306 53.32401, -120.140286 53.323996, -120.140293 53.323969, -120.140271 53.323989, -120.140265 53.324006, -120.140237 53.324018, -120.140225 53.324037, -120.140216 53.324057, -120.140234 53.324077, -120.140239 53.324095, -120.140241 53.324115, -120.14027 53.324124, -120.140251 53.324139, -120.140251 53.324158, -120.140274 53.324169, -120.140233 53.324164, -120.140192 53.324175, -120.140159 53.324174, -120.140165 53.32414, -120.140162 53.324143, -120.140156 53.324151, -120.140152 53.324157, -120.140119 53.324163, -120.140102 53.324169, -120.140105 53.324173, -120.140087 53.324192, -120.140089 53.324194, -120.140098 53.324223, -120.140079 53.32424, -120.140043 53.324243, -120.14001 53.324241, -120.140017 53.324221, -120.140055 53.324216, -120.140076 53.324203, -120.140075 53.324184, -120.140055 53.324198, -120.140011 53.324192, -120.140041 53.324171, -120.140001 53.324171, -120.139959 53.324154, -120.139952 53.324172, -120.139947 53.324195, -120.139936 53.324214, -120.139969 53.324212, -120.139992 53.324224, -120.139977 53.324242, -120.139991 53.324258, -120.139972 53.32428, -120.140003 53.324298, -120.140003 53.324304, -120.140004 53.324313, -120.140005 53.324319, -120.140006 53.324339, -120.140037 53.324351, -120.14005 53.324351, -120.140062 53.324336, -120.140074 53.324336, -120.140092 53.324338, -120.140086 53.324341, -120.140064 53.324351, -120.140047 53.324355, -120.140009 53.32435, -120.139995 53.324349, -120.139982 53.324383, -120.139956 53.324395, -120.139986 53.324418, -120.139966 53.324432, -120.139929 53.324457, -120.139943 53.324473, -120.139969 53.324486, -120.139997 53.324497, -120.140007 53.324512, -120.140037 53.324504, -120.140063 53.324523, -120.140066 53.324541, -120.140105 53.324544, -120.14012 53.324523, -120.140151 53.324509, -120.140162 53.324526, -120.140148 53.324546, -120.140138 53.324569, -120.140138 53.32458, -120.140138 53.324583, -120.140138 53.324594, -120.140154 53.324613, -120.140164 53.324631, -120.14018 53.324654, -120.14019 53.324673, -120.140192 53.324692, -120.140224 53.324687, -120.14026 53.324677, -120.140283 53.324665, -120.140323 53.324669, -120.140328 53.324687, -120.140306 53.324712, -120.140276 53.324722, -120.140273 53.324743, -120.140305 53.324745, -120.140279 53.324768, -120.140246 53.32478, -120.140201 53.324786, -120.140178 53.324804, -120.140154 53.32482, -120.140125 53.324831, -120.140099 53.324818, -120.140082 53.324802, -120.140092 53.324822, -120.140108 53.324845, -120.140112 53.324863, -120.140102 53.324883, -120.140098 53.324902, -120.140095 53.324907, -120.140097 53.324906, -120.140117 53.324889, -120.140136 53.324911, -120.140166 53.324929, -120.140206 53.324934, -120.140231 53.324946, -120.140238 53.324959, -120.140239 53.32496, -120.140247 53.324977, -120.140277 53.324997, -120.140264 53.325022, -120.140263 53.32504, -120.140258 53.325059, -120.140305 53.325059, -120.140332 53.32505, -120.140356 53.325034, -120.140374 53.325015, -120.140395 53.325032, -120.140363 53.325037, -120.140327 53.325053, -120.140301 53.325072, -120.140276 53.325088, -120.140271 53.325114, -120.140249 53.325127, -120.140257 53.325146, -120.140276 53.325163, -120.140281 53.325196, -120.140257 53.325214, -120.140241 53.325197, -120.140204 53.325186, -120.140184 53.325204, -120.140168 53.325182, -120.140168 53.325202, -120.140141 53.325192, -120.14015 53.325212, -120.14016 53.325231, -120.140172 53.32525, -120.140188 53.325266, -120.140218 53.32526, -120.140255 53.32526, -120.140293 53.325266, -120.140304 53.325284, -120.140289 53.3253, -120.140288 53.325322, -120.140266 53.325341, -120.140255 53.325358, -120.140254 53.32536, -120.140237 53.325386, -120.140236 53.325405, -120.140218 53.325389, -120.140211 53.325418, -120.140219 53.325438, -120.140211 53.325464, -120.140174 53.325437, -120.140152 53.325453, -120.14015 53.325481, -120.14014 53.325506, -120.140126 53.325484, -120.140115 53.325465, -120.140108 53.325444, -120.140078 53.325447, -120.140049 53.325431, -120.140034 53.32545, -120.140038 53.325468, -120.140007 53.325466, -120.140015 53.325493, -120.140023 53.325511, -120.140033 53.32553, -120.140046 53.325546, -120.140001 53.325555, -120.139989 53.325574, -120.140023 53.325582, -120.140028 53.325601, -120.140017 53.325618, -120.139984 53.325638, -120.139988 53.32564, -120.139976 53.325643, -120.139974 53.32567, -120.139971 53.325683, -120.139968 53.325694, -120.13997 53.325695, -120.139979 53.3257, -120.139981 53.325719, -120.139958 53.325732, -120.139945 53.325693, -120.139935 53.325675, -120.139922 53.325711, -120.139939 53.325727, -120.139904 53.325725, -120.139877 53.325739, -120.139908 53.325762, -120.139908 53.325765, -120.139909 53.325767, -120.139911 53.325782, -120.139904 53.3258, -120.139941 53.325817, -120.139962 53.325801, -120.140007 53.325767, -120.139991 53.325786, -120.139978 53.325805, -120.139991 53.325794, -120.140059 53.32578, -120.140057 53.325801, -120.140086 53.325815, -120.14009 53.325837, -120.14011 53.325821, -120.140103 53.325847, -120.140084 53.325887, -120.140085 53.325896, -120.140077 53.32593, -120.140126 53.325857, -120.140127 53.325838, -120.140127 53.325817, -120.140148 53.325798, -120.140183 53.325784, -120.14022 53.325786, -120.140238 53.325764, -120.140268 53.325775, -120.140288 53.325789, -120.140305 53.325766, -120.140314 53.325765, -120.140356 53.325763, -120.140395 53.32576, -120.140408 53.325779, -120.140456 53.325762, -120.140406 53.325743, -120.14046 53.325741, -120.14049 53.325747, -120.140487 53.325767, -120.140478 53.325787, -120.140456 53.325808, -120.140448 53.325831, -120.140487 53.325827, -120.140515 53.325833, -120.14054 53.325848, -120.140608 53.32584, -120.140616 53.325858, -120.140627 53.325879, -120.140662 53.325885, -120.140696 53.325883, -120.140727 53.325879, -120.140763 53.325876, -120.140771 53.325895, -120.140792 53.325914, -120.140807 53.32593, -120.140821 53.325924, -120.140836 53.325917, -120.140862 53.32593, -120.14088 53.325966, -120.140882 53.325967, -120.140898 53.32595, -120.140905 53.325967, -120.140916 53.325963, -120.140949 53.325971, -120.140979 53.325977, -120.140974 53.325996, -120.140965 53.326018, -120.140972 53.326042, -120.140934 53.326039, -120.14091 53.326038, -120.140889 53.326037, -120.140894 53.326056, -120.140867 53.326068, -120.140825 53.326076, -120.140832 53.326096, -120.140869 53.326108, -120.140889 53.326103, -120.14089 53.326102, -120.14089 53.326103, -120.140909 53.326098, -120.140899 53.326105, -120.140892 53.326109, -120.140894 53.326121, -120.140931 53.32612, -120.140959 53.326128, -120.140969 53.326126, -120.140991 53.326121, -120.140983 53.326142, -120.141016 53.326146, -120.141027 53.326167, -120.141067 53.326159, -120.141101 53.32616, -120.141114 53.326183, -120.141112 53.326201, -120.141123 53.326227, -120.141153 53.326221, -120.141153 53.326222, -120.141166 53.326214, -120.141196 53.326217, -120.141215 53.326233, -120.141224 53.326258, -120.141195 53.326253, -120.14116 53.326244, -120.141146 53.326242, -120.141145 53.326245, -120.141115 53.326249, -120.141129 53.326239, -120.141124 53.326238, -120.141086 53.326244, -120.141058 53.326251, -120.141035 53.326253, -120.141021 53.326254, -120.14099 53.326256, -120.140965 53.326267, -120.140965 53.326297, -120.140939 53.32631, -120.140909 53.326296, -120.140866 53.326281, -120.140868 53.326301, -120.14084 53.326285, -120.140847 53.326307, -120.140871 53.326321, -120.140878 53.326343, -120.140882 53.326363, -120.140849 53.326368, -120.140847 53.326368, -120.140874 53.326381, -120.140843 53.326388, -120.140871 53.326409, -120.140823 53.32642, -120.140823 53.326441, -120.140834 53.326462, -120.140815 53.326477, -120.140782 53.326466, -120.140762 53.326486, -120.140743 53.326503, -120.140736 53.326526, -120.140701 53.326529, -120.14067 53.326539, -120.140663 53.326557, -120.140632 53.326556, -120.140621 53.326577, -120.140588 53.326577, -120.14057 53.326562, -120.140577 53.326585, -120.140595 53.32661, -120.140591 53.326629, -120.140611 53.326625, -120.140621 53.326644, -120.140652 53.32665, -120.140671 53.326669, -120.140711 53.326661, -120.140734 53.326657, -120.140743 53.326651, -120.140769 53.326641, -120.140775 53.326624, -120.140802 53.326616, -120.14083 53.326634, -120.140861 53.32664, -120.140894 53.326637, -120.14094 53.326637, -120.140969 53.326632, -120.141001 53.326625, -120.141023 53.326627, -120.141015 53.326618, -120.141011 53.326594, -120.141026 53.326627, -120.141082 53.32663, -120.141091 53.326655, -120.141056 53.326659, -120.141036 53.326647, -120.141039 53.326657, -120.141056 53.326671, -120.141054 53.32668, -120.141054 53.326681, -120.141052 53.326691, -120.141076 53.326703, -120.141095 53.326718, -120.141118 53.326732, -120.141153 53.326722, -120.141179 53.326709, -120.141193 53.326693, -120.141193 53.326713, -120.14119 53.326737, -120.141194 53.326759, -120.141237 53.326723, -120.141251 53.326718, -120.141283 53.326706, -120.141292 53.3267, -120.141287 53.326695, -120.141262 53.32668, -120.141275 53.326663, -120.141288 53.326645, -120.141279 53.326626, -120.141309 53.326608, -120.141341 53.326603, -120.141377 53.326596, -120.141358 53.326582, -120.141352 53.326558, -120.141387 53.326554, -120.141401 53.32657, -120.141435 53.326567, -120.141469 53.326566, -120.1415 53.326554, -120.14151 53.326576, -120.1415 53.326595, -120.141519 53.326612, -120.141547 53.326619, -120.141575 53.326639, -120.141578 53.32666, -120.1416 53.326674, -120.141636 53.326686, -120.141672 53.326686, -120.141662 53.326706, -120.141665 53.326725, -120.141708 53.326735, -120.141743 53.326734, -120.141805 53.326725, -120.141816 53.326742, -120.141816 53.326767, -120.141795 53.326781, -120.141788 53.3268, -120.141818 53.326808, -120.141825 53.326826, -120.141827 53.32683, -120.141809 53.326852, -120.14179 53.326874, -120.141812 53.326895, -120.141822 53.326914, -120.141817 53.326934, -120.141843 53.326944, -120.141888 53.326935, -120.141883 53.326952, -120.141913 53.326956, -120.14194 53.326966, -120.141971 53.32698, -120.141969 53.327002, -120.141985 53.327022, -120.142024 53.327023, -120.142004 53.327041, -120.141981 53.327059, -120.142011 53.327057, -120.142042 53.327065, -120.142048 53.327086, -120.14203 53.327103, -120.141998 53.327102, -120.141978 53.327116, -120.141969 53.327141, -120.141931 53.327149, -120.141911 53.327163, -120.141899 53.327165, -120.141906 53.327167, -120.141858 53.327182, -120.141856 53.327201, -120.141822 53.327209, -120.141816 53.32723, -120.141846 53.32723, -120.141882 53.327223, -120.141917 53.327217, -120.141913 53.327237, -120.141908 53.327257, -120.141923 53.327274, -120.141941 53.327265, -120.141971 53.327253, -120.142005 53.32726, -120.142029 53.327276, -120.142034 53.32729, -120.142035 53.327294, -120.142036 53.327319, -120.142014 53.327338, -120.142003 53.327358, -120.142003 53.327378, -120.141997 53.327396, -120.142015 53.327413, -120.141993 53.327429, -120.141962 53.327435, -120.141932 53.32743, -120.141898 53.327433, -120.141894 53.327456, -120.141895 53.327475, -120.141883 53.327498, -120.141876 53.327455, -120.141877 53.327475, -120.141842 53.327468, -120.141817 53.327448, -120.141776 53.32744, -120.141749 53.327413, -120.141736 53.327392, -120.141711 53.32741, -120.141695 53.327432, -120.14168 53.327449, -120.14166 53.327466, -120.14167 53.327485, -120.141678 53.327504, -120.141636 53.327516, -120.14167 53.327529, -120.141641 53.327527, -120.141608 53.327512, -120.14158 53.327495, -120.141551 53.327486, -120.141521 53.327473, -120.141498 53.327462, -120.141494 53.327443, -120.14153 53.327444, -120.141526 53.327424, -120.14151 53.327399, -120.141518 53.32738, -120.141524 53.327352, -120.141509 53.327361, -120.14148 53.327365, -120.141461 53.327347, -120.141432 53.327356, -120.141431 53.327356, -120.141427 53.327375, -120.141406 53.32739, -120.141379 53.327382, -120.141349 53.32739, -120.141305 53.327384, -120.141278 53.327375, -120.141247 53.327371, -120.14121 53.327359, -120.141188 53.327336, -120.141163 53.327311, -120.141171 53.327332, -120.141134 53.327333, -120.141102 53.327338, -120.141071 53.327336, -120.141048 53.327355, -120.14104 53.327365, -120.141039 53.327364, -120.141038 53.327367, -120.141035 53.327371, -120.141036 53.327371, -120.141031 53.327383, -120.141022 53.327403, -120.141051 53.32741, -120.141065 53.327428, -120.141047 53.327446, -120.141014 53.327461, -120.141018 53.327485, -120.141041 53.327497, -120.141069 53.327511, -120.141073 53.327534, -120.141083 53.327552, -120.141115 53.327561, -120.141145 53.327556, -120.141175 53.327554, -120.141204 53.327561, -120.14118 53.327574, -120.141176 53.327576, -120.141222 53.327579, -120.141261 53.327576, -120.141274 53.327593, -120.141286 53.327612, -120.141254 53.327629, -120.141236 53.327645, -120.141218 53.32767, -120.141209 53.327695, -120.141194 53.327716, -120.141173 53.327736, -120.141199 53.327753, -120.141212 53.327772, -120.141182 53.327783, -120.141152 53.327779, -120.141132 53.32776, -120.141116 53.327739, -120.141098 53.327723, -120.141114 53.327726, -120.14111 53.327724, -120.141084 53.327714, -120.141095 53.327746, -120.141075 53.32776, -120.141102 53.327769, -120.141111 53.32779, -120.14108 53.327801, -120.141064 53.327818, -120.141066 53.327837, -120.14109 53.32782, -120.141106 53.327835, -120.141137 53.327861, -120.141163 53.327848, -120.141171 53.327867, -120.141184 53.327891, -120.141184 53.327904, -120.141184 53.327906, -120.141184 53.32792, -120.141189 53.327943, -120.14122 53.327949, -120.141251 53.327962, -120.141221 53.327972, -120.141251 53.327975, -120.141281 53.327981, -120.141303 53.327997, -120.141297 53.328015, -120.141306 53.328015, -120.141318 53.328035, -120.141351 53.328032, -120.141384 53.328036, -120.141409 53.328049, -120.141442 53.32806, -120.14148 53.328055, -120.141505 53.328045, -120.141535 53.328054, -120.141537 53.328054, -120.141534 53.328067, -120.141508 53.328083, -120.141488 53.328101, -120.141435 53.328154, -120.141503 53.328128, -120.141448 53.328155, -120.141425 53.328167, -120.14146 53.328166, -120.141492 53.328158, -120.141521 53.328145, -120.141551 53.328138, -120.141585 53.328142, -120.141593 53.328143, -120.141623 53.328155, -120.141657 53.328158, -120.141688 53.328163, -120.141716 53.32817, -120.141736 53.328189, -120.141763 53.328175, -120.141773 53.328193, -120.141799 53.32821, -120.14181 53.32823, -120.141788 53.328245, -120.141738 53.32825, -120.141714 53.328265, -120.141705 53.328237, -120.141747 53.328228, -120.141745 53.328209, -120.141715 53.328199, -120.141685 53.328193, -120.141671 53.328214, -120.141673 53.328237, -120.141662 53.328257, -120.14164 53.328282, -120.141638 53.328301, -120.141611 53.328306, -120.141602 53.328307, -120.141576 53.328293, -120.141543 53.328297, -120.141519 53.328308, -120.141488 53.328308, -120.141462 53.3283, -120.141424 53.328285, -120.141423 53.328264, -120.141395 53.328253, -120.141363 53.328242, -120.141361 53.328263, -120.141352 53.328281, -120.141353 53.328304, -120.141362 53.328329, -120.141349 53.328346, -120.141336 53.328364, -120.141314 53.328377, -120.1413 53.328386, -120.141316 53.328387, -120.141366 53.3284, -120.141407 53.328418, -120.141439 53.328427, -120.141489 53.328438, -120.141519 53.328443, -120.141549 53.328448, -120.141585 53.328454, -120.141616 53.328462, -120.141637 53.328468, -120.141653 53.328473, -120.141685 53.328485, -120.141713 53.328496, -120.141743 53.328509, -120.141772 53.32852, -120.141809 53.32854, -120.14184 53.328552, -120.14187 53.328557, -120.1419 53.328566, -120.141931 53.328576, -120.141967 53.328594, -120.142001 53.328604, -120.141991 53.328614, -120.141991 53.328614, -120.141859 53.328756, -120.141875 53.328773, -120.141877 53.328794, -120.141869 53.328816, -120.141866 53.328848, -120.141807 53.328844, -120.141769 53.328835, -120.141765 53.328848, -120.14176 53.328843, -120.141741 53.328826, -120.14171 53.328834, -120.141698 53.328853, -120.141695 53.328854, -120.141669 53.328859, -120.141682 53.328879, -120.141695 53.328898, -120.141703 53.328906, -120.141704 53.328917, -120.14164 53.328942, -120.141642 53.328957, -120.141626 53.328947, -120.141603 53.328954, -120.141603 53.328953, -120.141592 53.328958, -120.141554 53.328962, -120.141539 53.328941, -120.141549 53.328937, -120.141552 53.328925, -120.141529 53.328938, -120.14149 53.328944, -120.141457 53.328957, -120.14144 53.328974, -120.141407 53.328983, -120.141379 53.32899, -120.14136 53.328974, -120.141359 53.328974, -120.141354 53.328992, -120.141343 53.329012, -120.141379 53.329006, -120.141378 53.329029, -120.141387 53.329047, -120.141409 53.329061, -120.141396 53.329078, -120.141385 53.329094, -120.14138 53.329099, -120.141362 53.329114, -120.141431 53.329105, -120.141418 53.329123, -120.141391 53.329146, -120.141359 53.329148, -120.14132 53.329169, -120.141351 53.329162, -120.141386 53.329166, -120.141422 53.329165, -120.141408 53.329184, -120.141367 53.329201, -120.141334 53.329204, -120.141291 53.329187, -120.141279 53.329218, -120.141282 53.329236, -120.14125 53.329251, -120.141243 53.329232, -120.141238 53.329251, -120.141216 53.329288, -120.141217 53.329266, -120.141186 53.329256, -120.141169 53.329235, -120.141152 53.329218, -120.141147 53.329192, -120.141123 53.329181, -120.141103 53.329167, -120.141071 53.32915, -120.141047 53.329142, -120.14103 53.329137, -120.141007 53.329129, -120.140981 53.329116, -120.140996 53.329098, -120.141014 53.329075, -120.140984 53.329075, -120.140986 53.329077, -120.140989 53.329098, -120.140945 53.329103, -120.140915 53.32911, -120.140887 53.329102, -120.14089 53.329101, -120.140878 53.329087, -120.1409 53.329076, -120.140875 53.329071, -120.140849 53.329061, -120.140819 53.329057, -120.140792 53.329066, -120.140766 53.329076, -120.140745 53.329089, -120.140718 53.329098, -120.140686 53.329098, -120.140673 53.329117, -120.140653 53.329126, -120.140652 53.329126, -120.140641 53.329131, -120.140658 53.329147, -120.140672 53.329164, -120.140639 53.329175, -120.140618 53.329167, -120.140619 53.329171, -120.140591 53.329184, -120.140564 53.329195, -120.140538 53.329207, -120.140567 53.329217, -120.14055 53.329235, -120.140556 53.329271, -120.140537 53.329287, -120.140512 53.3293, -120.14049 53.329315, -120.140451 53.329325, -120.14042 53.329333, -120.140405 53.329354, -120.14043 53.32934, -120.140437 53.329363, -120.140426 53.329382, -120.140414 53.3294, -120.140403 53.329422, -120.140381 53.329435, -120.140394 53.329453, -120.1404 53.329471, -120.140428 53.329483, -120.140414 53.3295, -120.140415 53.32952, -120.140454 53.329519, -120.140468 53.329536, -120.14047 53.329577, -120.14047 53.329585, -120.140469 53.329604, -120.140457 53.329622, -120.14045 53.329641, -120.140455 53.329669, -120.140482 53.329682, -120.140486 53.329707, -120.140508 53.329724, -120.140541 53.329726, -120.140558 53.329743, -120.140576 53.329761, -120.140612 53.329737, -120.140611 53.329764, -120.140613 53.329787, -120.140616 53.329809, -120.14062 53.329829, -120.140617 53.329856, -120.140584 53.329866, -120.140587 53.329885, -120.140607 53.329905, -120.140637 53.329923, -120.140646 53.329941, -120.140664 53.329957, -120.140683 53.329973, -120.140675 53.329991, -120.140705 53.329988, -120.140711 53.330009, -120.140722 53.330027, -120.140756 53.330033, -120.140776 53.330051, -120.140809 53.330057, -120.140833 53.330071, -120.140869 53.330066, -120.140862 53.33009, -120.140874 53.330111, -120.140902 53.330123, -120.140931 53.330129, -120.140956 53.330143, -120.140969 53.330159, -120.140941 53.330153, -120.140944 53.330172, -120.140966 53.330186, -120.140996 53.330196, -120.141017 53.330211, -120.141041 53.330223, -120.141067 53.33024, -120.141074 53.330258, -120.141092 53.330273, -120.141126 53.330281, -120.141126 53.330305, -120.141133 53.330323, -120.141141 53.330341, -120.141159 53.330357, -120.141177 53.330375, -120.141205 53.330388, -120.141224 53.330404, -120.141239 53.330423, -120.141268 53.330439, -120.141235 53.330444, -120.141209 53.330454, -120.141189 53.330468, -120.141171 53.330489, -120.141143 53.330503, -120.141113 53.330511, -120.14109 53.330523, -120.141061 53.330539, -120.141039 53.330527, -120.141014 53.330539, -120.141038 53.33055, -120.141068 53.330555, -120.141099 53.330554, -120.141134 53.330559, -120.141166 53.330572, -120.141174 53.330598, -120.141211 53.330607, -120.141241 53.330618, -120.141275 53.330633, -120.141266 53.330653, -120.141282 53.330677, -120.141274 53.3307, -120.141296 53.330726, -120.141335 53.330738, -120.14136 53.330755, -120.141394 53.330764, -120.141425 53.330774, -120.141457 53.330783, -120.141511 53.330776, -120.141497 53.330794, -120.141505 53.330815, -120.141514 53.330838, -120.141539 53.330849, -120.141535 53.33087, -120.141551 53.33089, -120.14157 53.330907, -120.141554 53.33089, -120.141579 53.330909, -120.141609 53.330919, -120.141636 53.33093, -120.141669 53.330931, -120.14169 53.330947, -120.141693 53.330927, -120.14175 53.330941, -120.141739 53.330959, -120.141738 53.330981, -120.141713 53.331001, -120.141697 53.331022, -120.141663 53.331049, -120.141679 53.331066, -120.141706 53.33108, -120.141741 53.331056, -120.14172 53.331076, -120.141705 53.331106, -120.141711 53.331132, -120.141681 53.331144, -120.141645 53.331145, -120.141678 53.331157, -120.141688 53.331175, -120.141682 53.331193, -120.141654 53.331209, -120.141682 53.331219, -120.141685 53.331238, -120.141674 53.331264, -120.141694 53.331282, -120.14171 53.331297, -120.141729 53.331314, -120.141765 53.331324, -120.141753 53.331342, -120.141781 53.331354, -120.141792 53.331381, -120.141744 53.331439, -120.141777 53.331442, -120.141807 53.331447, -120.141871 53.331467, -120.141843 53.331476, -120.141803 53.331478, -120.141819 53.331497, -120.141783 53.331493, -120.141749 53.331499, -120.141779 53.331505, -120.141811 53.331513, -120.141836 53.331524, -120.141857 53.331543, -120.141891 53.331552, -120.141859 53.331555, -120.141885 53.331566, -120.141905 53.331581, -120.141936 53.331594, -120.141961 53.331615, -120.141985 53.331627, -120.142011 53.331638, -120.142038 53.331657, -120.14205 53.331674, -120.142076 53.331692, -120.142109 53.331699, -120.142147 53.331684, -120.142154 53.331705, -120.142157 53.331727, -120.142165 53.331745, -120.142177 53.331764, -120.142184 53.331784, -120.142194 53.331804, -120.142211 53.331822, -120.142229 53.331839, -120.142243 53.331861, -120.142267 53.331878, -120.142288 53.331898, -120.142276 53.33192, -120.142317 53.331929, -120.142348 53.331941, -120.14237 53.331953, -120.142393 53.331967, -120.142418 53.33198, -120.142444 53.331992, -120.142453 53.332016, -120.142483 53.332029, -120.142514 53.332044, -120.142529 53.332063, -120.142532 53.332067, -120.142545 53.332082, -120.142562 53.332099, -120.142575 53.332122, -120.14258 53.332148, -120.14259 53.332174, -120.142596 53.332193, -120.142595 53.332194, -120.142568 53.332189, -120.142619 53.332278, -120.142686 53.332381, -120.142752 53.332502, -120.142755 53.332513, -120.142756 53.332533, -120.142723 53.332538, -120.142693 53.332535, -120.142667 53.332546, -120.142633 53.332552, -120.142602 53.332553, -120.142591 53.332572, -120.14258 53.332589, -120.142579 53.332608, -120.142586 53.332626, -120.142601 53.332646, -120.14262 53.332661, -120.142635 53.332672, -120.142618 53.332674, -120.142584 53.332677, -120.142549 53.332673, -120.142525 53.332689, -120.142544 53.332704, -120.142558 53.332722, -120.142547 53.332741, -120.142534 53.332757, -120.142543 53.332776, -120.142564 53.332789, -120.142586 53.332803, -120.142608 53.332815, -120.142612 53.332834, -120.142639 53.332843, -120.14266 53.332856, -120.142679 53.332874, -120.142678 53.332878, -120.142677 53.332892, -120.142647 53.332895, -120.142619 53.332888, -120.142591 53.33288, -120.14256 53.332872, -120.14253 53.332867, -120.142507 53.332879, -120.142487 53.332896, -120.14248 53.332914, -120.142494 53.332931, -120.142485 53.332948, -120.142476 53.332966, -120.142472 53.332984, -120.142488 53.333001, -120.142471 53.33302, -120.142442 53.333027, -120.142442 53.333046, -120.142453 53.333064, -120.142468 53.333082, -120.142458 53.3331, -120.142457 53.333119, -120.142471 53.333136, -120.14245 53.333148, -120.142433 53.333168, -120.142456 53.33318, -120.142481 53.333194, -120.142519 53.333195, -120.142551 53.3332, -120.142555 53.333219, -120.142559 53.333238, -120.142574 53.333254, -120.142551 53.333267, -120.142551 53.333287, -120.142529 53.333302, -120.142519 53.33332, -120.142506 53.333337, -120.142496 53.333355, -120.142497 53.333376, -120.142485 53.333393, -120.142479 53.333412, -120.142473 53.333431, -120.142449 53.333444, -120.14242 53.333437, -120.142409 53.333455, -120.142428 53.333473, -120.142431 53.333493, -120.142437 53.333511, -120.142423 53.333529, -120.142392 53.333534, -120.142363 53.33354, -120.142341 53.333559, -120.142313 53.333566, -120.142277 53.333579, -120.142277 53.333581, -120.142448 53.333656, -120.142568 53.3337, -120.142676 53.333741, -120.142815 53.333794, -120.142878 53.333819, -120.142927 53.333838, -120.143044 53.333895, -120.143148 53.33396, -120.143234 53.334038, -120.143328 53.334124, -120.143314 53.334132, -120.143356 53.334125, -120.143346 53.334145, -120.143373 53.334153, -120.143409 53.334169, -120.143421 53.33418, -120.143435 53.334193, -120.143455 53.334209, -120.143477 53.334223, -120.143485 53.334249, -120.143472 53.334268, -120.143454 53.334286, -120.143427 53.334294, -120.143441 53.334312, -120.143415 53.334329, -120.143414 53.334347, -120.143377 53.334348, -120.143349 53.334335, -120.14332 53.334328, -120.143292 53.334313, -120.143279 53.334296, -120.143262 53.334279, -120.143247 53.334262, -120.14322 53.334235, -120.143212 53.334216, -120.143203 53.334195, -120.143217 53.334172, -120.143237 53.334155, -120.143202 53.334154, -120.143189 53.334138, -120.143157 53.334136, -120.143121 53.334129, -120.143083 53.334126, -120.14306 53.334149, -120.14306 53.33417, -120.143041 53.334188, -120.143013 53.334199, -120.142995 53.334216, -120.142954 53.334218, -120.142922 53.334208, -120.142886 53.334216, -120.142871 53.334234, -120.142841 53.334249, -120.142808 53.334239, -120.142765 53.334236, -120.142739 53.334223, -120.142706 53.334214, -120.142685 53.334197, -120.142664 53.334182, -120.142631 53.334174, -120.14262 53.334151, -120.1426 53.334136, -120.142568 53.334122, -120.142565 53.334121, -120.142539 53.334108, -120.142497 53.334113, -120.14247 53.334132, -120.142444 53.334145, -120.14242 53.334167, -120.142403 53.334187, -120.142386 53.334207, -120.142336 53.334191, -120.142326 53.33417, -120.1423 53.334154, -120.142269 53.334156, -120.142255 53.334173, -120.142248 53.334194, -120.142213 53.3342, -120.142183 53.334214, -120.142169 53.334233, -120.142159 53.33425, -120.142129 53.334243, -120.142097 53.334239, -120.142116 53.334255, -120.142145 53.334268, -120.14212 53.334285, -120.142095 53.3343, -120.142055 53.334303, -120.142025 53.334307, -120.141987 53.334299, -120.14195 53.334303, -120.141902 53.334303, -120.141866 53.334294, -120.141833 53.334286, -120.141797 53.334276, -120.141794 53.334251, -120.141782 53.334231, -120.141746 53.334221, -120.141678 53.334212, -120.141639 53.334206, -120.141609 53.334193, -120.141585 53.334182, -120.141553 53.33418, -120.14152 53.33418, -120.141476 53.334196, -120.141457 53.334216, -120.141417 53.334211, -120.141382 53.334214, -120.141358 53.334227, -120.14133 53.334245, -120.141324 53.334271, -120.141304 53.334297, -120.141278 53.334321, -120.141262 53.334341, -120.141255 53.334364, -120.141222 53.334374, -120.14121 53.334387, -120.141195 53.334404, -120.141185 53.334433, -120.141156 53.334442, -120.141151 53.334444, -120.141132 53.334458, -120.14114 53.334482, -120.14113 53.334504, -120.141098 53.334521, -120.141081 53.334542, -120.14108 53.334568, -120.141076 53.33459, -120.141054 53.334607, -120.141021 53.334613, -120.141001 53.334626, -120.140991 53.334606, -120.140955 53.334597, -120.140914 53.334595, -120.140891 53.334582, -120.14085 53.334577, -120.140814 53.334571, -120.140803 53.334553, -120.140779 53.334539, -120.140747 53.334539, -120.140713 53.334526, -120.140682 53.334525, -120.140651 53.334532, -120.140631 53.334547, -120.140615 53.334569, -120.140622 53.334597, -120.140631 53.334618, -120.140621 53.334638, -120.140641 53.334658, -120.140649 53.334682, -120.140639 53.3347, -120.140618 53.334718, -120.140587 53.334721, -120.14058 53.334744, -120.14055 53.334754, -120.14052 53.33474, -120.140496 53.334728, -120.140469 53.334717, -120.140451 53.334699, -120.140417 53.334696)), ((-120.122852 53.319002, -120.122857 53.31897, -120.122754 53.318924, -120.1227 53.318878, -120.122624 53.318854, -120.122587 53.318785, -120.122576 53.318785, -120.122559 53.318785, -120.122484 53.318783, -120.122463 53.318719, -120.122498 53.318711, -120.122548 53.318698, -120.122528 53.318672, -120.12245 53.318689, -120.122421 53.318695, -120.122415 53.318684, -120.122395 53.318646, -120.122182 53.318478, -120.122072 53.318392, -120.122092 53.318093, -120.122099 53.317987, -120.122236 53.317595, -120.122475 53.317255, -120.122923 53.317178, -120.12318 53.317213, -120.123298 53.317236, -120.123283 53.31728, -120.123304 53.317299, -120.123324 53.317313, -120.123349 53.317327, -120.123364 53.317343, -120.123376 53.317363, -120.123389 53.317387, -120.123402 53.317405, -120.12339 53.317424, -120.123373 53.31744, -120.123363 53.317458, -120.123354 53.317476, -120.123351 53.317495, -120.123357 53.317515, -120.123379 53.317534, -120.12341 53.317555, -120.123446 53.317567, -120.123457 53.317584, -120.123457 53.317602, -120.123475 53.317619, -120.123486 53.31764, -120.123479 53.31766, -120.123456 53.317671, -120.123443 53.31769, -120.123439 53.317713, -120.123436 53.317749, -120.123416 53.317768, -120.123414 53.317786, -120.123424 53.317813, -120.123442 53.317829, -120.123451 53.317851, -120.123464 53.31786, -120.123472 53.317866, -120.123497 53.317877, -120.123519 53.317896, -120.123525 53.317913, -120.123548 53.317934, -120.12357 53.317955, -120.123579 53.317973, -120.123603 53.317988, -120.123629 53.31801, -120.12364 53.318029, -120.123664 53.318041, -120.123693 53.318031, -120.123732 53.318026, -120.123765 53.318028, -120.123815 53.318034, -120.123846 53.318036, -120.123863 53.318055, -120.123825 53.318064, -120.123798 53.318081, -120.123783 53.318108, -120.123781 53.318132, -120.123794 53.318154, -120.123801 53.318178, -120.12379 53.318199, -120.123764 53.318208, -120.123741 53.318223, -120.123717 53.318234, -120.123679 53.31824, -120.123651 53.318246, -120.123641 53.318268, -120.123644 53.318286, -120.123652 53.318308, -120.12364 53.31833, -120.123666 53.318352, -120.123697 53.318363, -120.123717 53.31838, -120.123745 53.318393, -120.123769 53.318403, -120.123785 53.31842, -120.123808 53.318432, -120.123824 53.318448, -120.123855 53.318456, -120.123887 53.318451, -120.123924 53.318449, -120.123964 53.31844, -120.124004 53.318426, -120.124036 53.318431, -120.124053 53.318412, -120.124097 53.318418, -120.124122 53.31843, -120.124132 53.31845, -120.12415 53.318465, -120.124171 53.31848, -120.12422 53.318501, -120.124251 53.318509, -120.12427 53.318531, -120.124286 53.318547, -120.124293 53.318565, -120.124292 53.318584, -120.124322 53.318595, -120.124346 53.318608, -120.124363 53.318627, -120.124387 53.318644, -120.124417 53.318648, -120.124448 53.318652, -120.124474 53.318639, -120.124506 53.318634, -120.124537 53.318638, -120.124568 53.318651, -120.124589 53.318664, -120.124617 53.318672, -120.124649 53.318675, -120.124678 53.318686, -120.124723 53.318692, -120.124758 53.31869, -120.124791 53.318686, -120.124828 53.31869, -120.124887 53.318695, -120.124924 53.318701, -120.124956 53.318697, -120.124978 53.318713, -120.124996 53.318732, -120.12502 53.318752, -120.125047 53.318762, -120.125073 53.318774, -120.125103 53.318786, -120.125112 53.318805, -120.125112 53.318828, -120.125121 53.318849, -120.125132 53.318866, -120.125153 53.318881, -120.125174 53.318897, -120.125187 53.318913, -120.125181 53.318932, -120.125155 53.318942, -120.12512 53.318951, -120.125092 53.31896, -120.125077 53.318977, -120.12505 53.318993, -120.125023 53.318984, -120.12499 53.318976, -120.124959 53.318972, -120.124927 53.318975, -120.124897 53.318979, -120.124862 53.318985, -120.124846 53.319002, -120.124817 53.319008, -120.124785 53.319004, -120.124745 53.318995, -120.124716 53.31899, -120.124696 53.318976, -120.12466 53.318977, -120.124638 53.318992, -120.124606 53.318995, -120.124574 53.319005, -120.124572 53.319023, -120.124555 53.319038, -120.124525 53.319043, -120.124497 53.319051, -120.124461 53.31905, -120.124423 53.31905, -120.124393 53.319052, -120.124363 53.319047, -120.124329 53.319044, -120.124296 53.319039, -120.124262 53.319029, -120.124245 53.319012, -120.124225 53.318998, -120.12419 53.319001, -120.12416 53.318993, -120.124132 53.318979, -120.124102 53.318982, -120.124068 53.31898, -120.124037 53.318979, -120.123998 53.318977, -120.123972 53.318962, -120.123936 53.318966, -120.123905 53.318973, -120.123875 53.318979, -120.123839 53.318966, -120.123808 53.318964, -120.123767 53.318971, -120.123733 53.31897, -120.123683 53.318962, -120.123656 53.318948, -120.123624 53.318938, -120.123595 53.318925, -120.123553 53.318924, -120.123543 53.318919, -120.12345 53.318959, -120.123388 53.318995, -120.123307 53.318999, -120.123247 53.318976, -120.123189 53.318991, -120.123099 53.318943, -120.122998 53.318931, -120.122955 53.318995, -120.122914 53.318992, -120.122852 53.319002)), ((-120.142548 53.330494, -120.142868 53.330458, -120.143175 53.33082, -120.143048 53.330989, -120.143008 53.331144, -120.143022 53.33123, -120.14266 53.331156, -120.142613 53.330794, -120.142548 53.330494)))"
27,2023-07-29 10:30:57,2023062201,2023,277.2,Non-corrected airborne GPS,1687417200000,1687545563000,Under Control,JA70003000,2771877.7418,9554.4409,71,d18f6ab0-2047-4a70-a0ed-da062844a757,7424296.6484375,15638.8386935377,https://wildfiresituation.nrs.gov.bc.ca/incidents?fireYear=2023&incidentNumber=G30612,"POLYGON ((-119.31496 52.36154, -119.3153 52.36145, -119.3158 52.36148, -119.3162 52.36153, -119.31661 52.36161, -119.31719 52.36183, -119.31752 52.362, -119.318 52.36225, -119.31854 52.36238, -119.31912 52.36242, -119.31969 52.36245, -119.32024 52.36259, -119.32075 52.36283, -119.32126 52.36309, -119.32171 52.36337, -119.32208 52.36368, -119.32237 52.36404, -119.32264 52.3644, -119.3229 52.36475, -119.32325 52.36509, -119.32381 52.36535, -119.32457 52.36547, -119.32545 52.36549, -119.32638 52.36543, -119.32727 52.36542, -119.32802 52.36557, -119.32862 52.36584, -119.32911 52.36617, -119.32956 52.36652, -119.33002 52.36687, -119.33042 52.36724, -119.3308 52.36763, -119.3312 52.368, -119.33166 52.36833, -119.33215 52.36859, -119.33259 52.36884, -119.33301 52.36904, -119.33346 52.36915, -119.33389 52.36925, -119.33432 52.36939, -119.33479 52.36948, -119.33525 52.36955, -119.33568 52.3696, -119.33606 52.36968, -119.33645 52.36979, -119.33687 52.36988, -119.33736 52.36994, -119.33792 52.36997, -119.33853 52.36999, -119.33911 52.36997, -119.33946 52.36998, -119.33995 52.37001, -119.34027 52.37003, -119.34077 52.37003, -119.34127 52.37007, -119.34172 52.37016, -119.34212 52.37023, -119.34245 52.37036, -119.34261 52.37064, -119.34251 52.37106, -119.34221 52.37154, -119.34166 52.37202, -119.34093 52.37241, -119.3401 52.37269, -119.33926 52.37291, -119.33846 52.37312, -119.33771 52.37334, -119.33701 52.37354, -119.33636 52.37375, -119.33575 52.37396, -119.33513 52.37416, -119.3345 52.37434, -119.33392 52.37452, -119.33342 52.37474, -119.33304 52.37503, -119.33273 52.37534, -119.33242 52.37567, -119.33207 52.37595, -119.33162 52.3761, -119.33105 52.37606, -119.33053 52.37603, -119.33003 52.37606, -119.32955 52.37612, -119.32907 52.37622, -119.32862 52.37638, -119.32821 52.37657, -119.3278 52.37677, -119.32737 52.37696, -119.32698 52.37719, -119.32664 52.37745, -119.32637 52.37772, -119.326 52.37789, -119.32574 52.37796, -119.32538 52.37801, -119.32519 52.37812, -119.32519 52.3783, -119.32533 52.37849, -119.32558 52.37866, -119.32581 52.37882, -119.32594 52.379, -119.32601 52.37917, -119.326 52.37936, -119.32584 52.37958, -119.3255 52.37979, -119.32514 52.38001, -119.32474 52.38015, -119.32426 52.38015, -119.32374 52.38007, -119.3233 52.38013, -119.32292 52.3803, -119.32254 52.38053, -119.32203 52.38076, -119.32145 52.38093, -119.32091 52.38101, -119.32044 52.38104, -119.31996 52.38102, -119.31949 52.38094, -119.31908 52.38078, -119.31874 52.3806, -119.31843 52.38045, -119.31808 52.38038, -119.31772 52.38039, -119.31736 52.38043, -119.31698 52.38047, -119.31656 52.3805, -119.31614 52.38056, -119.31575 52.38066, -119.31532 52.3808, -119.31487 52.38099, -119.31441 52.38116, -119.31395 52.38129, -119.31368 52.38137, -119.31327 52.38151, -119.31302 52.38161, -119.31267 52.38179, -119.31237 52.38201, -119.31203 52.38235, -119.31184 52.38251, -119.31154 52.38273, -119.31125 52.38293, -119.311 52.38307, -119.31072 52.3831, -119.31038 52.38302, -119.31002 52.38279, -119.30974 52.38251, -119.3095 52.38225, -119.30923 52.38203, -119.30895 52.38184, -119.30867 52.38167, -119.30841 52.38148, -119.30819 52.38128, -119.30803 52.38104, -119.30784 52.38085, -119.30752 52.38077, -119.30713 52.3808, -119.30666 52.38087, -119.3061 52.38097, -119.30554 52.38111, -119.30501 52.38129, -119.30449 52.38143, -119.30401 52.38154, -119.30354 52.38159, -119.30264 52.38161, -119.30221 52.38166, -119.30183 52.38173, -119.3015 52.38184, -119.30124 52.38193, -119.30103 52.38196, -119.30087 52.38194, -119.30077 52.38189, -119.30076 52.38176, -119.30083 52.38158, -119.30095 52.38136, -119.30108 52.3811, -119.30126 52.38084, -119.30149 52.38061, -119.30166 52.38048, -119.3019 52.38028, -119.30211 52.38006, -119.30225 52.37983, -119.30229 52.37961, -119.30232 52.3794, -119.30235 52.37922, -119.30238 52.37908, -119.30239 52.37892, -119.30234 52.37871, -119.30234 52.37849, -119.30229 52.3783, -119.30222 52.37811, -119.30236 52.37791, -119.30261 52.37774, -119.30284 52.37759, -119.30303 52.37739, -119.30321 52.37715, -119.30333 52.37691, -119.30339 52.37665, -119.30348 52.37641, -119.30366 52.37622, -119.30379 52.37605, -119.30379 52.37591, -119.30382 52.37577, -119.30397 52.37566, -119.30416 52.37559, -119.30439 52.37556, -119.30456 52.37549, -119.30466 52.37534, -119.30475 52.37516, -119.30474 52.37501, -119.30474 52.37491, -119.30487 52.37479, -119.30513 52.37468, -119.30537 52.37457, -119.30563 52.37447, -119.30585 52.37433, -119.30606 52.3742, -119.30624 52.37414, -119.30649 52.37406, -119.30662 52.37393, -119.30673 52.37375, -119.30701 52.37347, -119.30713 52.37337, -119.30729 52.37323, -119.30744 52.37312, -119.30767 52.37305, -119.30791 52.37297, -119.30808 52.37283, -119.30825 52.37273, -119.30844 52.37265, -119.30866 52.37254, -119.3089 52.37241, -119.30911 52.3723, -119.30933 52.37226, -119.30954 52.37223, -119.3098 52.37219, -119.31001 52.37211, -119.31019 52.37197, -119.31034 52.3718, -119.31048 52.37162, -119.31065 52.37148, -119.3108 52.37133, -119.31089 52.37123, -119.31095 52.37121, -119.311 52.37119, -119.31135 52.37116, -119.31159 52.37105, -119.31201 52.37093, -119.31263 52.37084, -119.31337 52.37069, -119.31411 52.37042, -119.31473 52.37008, -119.31519 52.36979, -119.31556 52.36961, -119.3159 52.36952, -119.31621 52.36947, -119.31654 52.36942, -119.31691 52.36938, -119.31729 52.36938, -119.31772 52.36941, -119.31822 52.36946, -119.31877 52.36953, -119.31941 52.36961, -119.32017 52.36966, -119.32102 52.36962, -119.32182 52.3694, -119.32232 52.36905, -119.32241 52.36879, -119.32229 52.36844, -119.32215 52.36809, -119.32208 52.36787, -119.32201 52.36756, -119.3219 52.36727, -119.32179 52.36708, -119.32162 52.36682, -119.32143 52.36658, -119.32124 52.36632, -119.32102 52.36607, -119.32076 52.36583, -119.32056 52.36558, -119.32049 52.36533, -119.32046 52.36505, -119.32025 52.36482, -119.31993 52.36463, -119.31959 52.36447, -119.31921 52.36438, -119.31877 52.36435, -119.31838 52.3643, -119.31808 52.36427, -119.31779 52.3643, -119.31748 52.36435, -119.31717 52.36435, -119.31686 52.36436, -119.31651 52.36436, -119.31616 52.36432, -119.31592 52.3642, -119.31587 52.36405, -119.31596 52.36393, -119.31611 52.36376, -119.31619 52.36351, -119.31613 52.36323, -119.31605 52.36293, -119.31606 52.36262, -119.31583 52.36234, -119.31538 52.36214, -119.31499 52.36194, -119.31483 52.36171, -119.31496 52.36154))"
28,2023-07-29 10:30:57,2023072301,2023,16.1,Non-corrected airborne GPS,1690095600000,1690340864000,Out of Control,JA70003000,160716.0174,1591.9304,72,7817056e-e79d-417d-9503-ec3aed48c05e,443512.875,2643.87417704788,https://wildfiresituation.nrs.gov.bc.ca/incidents?fireYear=2023&incidentNumber=G32134,"POLYGON ((-119.901577 53.029473, -119.901522 53.02973, -119.90149 53.02988, -119.90128 53.03046, -119.90065 53.03082, -119.89979 53.03082, -119.899 53.03053, -119.89819 53.03028, -119.89736 53.0303, -119.89668 53.03043, -119.89625 53.03034, -119.89592 53.03011, -119.89552 53.0298, -119.89547 53.02976, -119.89535 53.02926, -119.89543 53.02863, -119.89558 53.02801, -119.89564 53.02743, -119.89572 53.02687, -119.89594 53.02639, -119.89637 53.02611, -119.89691 53.02596, -119.89747 53.0259, -119.89795 53.02594, -119.89835 53.02617, -119.89858 53.02656, -119.8989 53.02701, -119.8995 53.02742, -119.90022 53.02777, -119.90093 53.02804, -119.90142 53.02837, -119.90163 53.02878, -119.90161 53.02932, -119.901577 53.029473))"
29,2023-07-29 10:30:57,2023071201,2023,501.1,Unknown,1689145200000,1689176228000,Being Held,JA70003000,5010611.5427,12407.764,75,f5967d5f-071c-4570-bb69-8a9540100118,14629981.234375,21202.6379347451,https://wildfiresituation.nrs.gov.bc.ca/incidents?fireYear=2023&incidentNumber=G41149,"POLYGON ((-124.258089 54.239332, -124.257733 54.239237, -124.257165 54.239289, -124.256862 54.239164, -124.256461 54.238919, -124.255223 54.238991, -124.253369 54.238636, -124.252739 54.239182, -124.250476 54.238462, -124.248103 54.238319, -124.246103 54.238171, -124.243965 54.237754, -124.242904 54.237155, -124.242269 54.236008, -124.241924 54.234987, -124.241946 54.234335, -124.241815 54.233794, -124.241368 54.233428, -124.241129 54.233005, -124.241543 54.231723, -124.242419 54.229279, -124.242583 54.227843, -124.243209 54.227642, -124.245317 54.227643, -124.248509 54.227539, -124.248999 54.227188, -124.248752 54.226673, -124.248692 54.225654, -124.248999 54.22449, -124.249745 54.223871, -124.251192 54.22335, -124.252185 54.223101, -124.254694 54.222565, -124.255329 54.222403, -124.255646 54.222402, -124.256501 54.222061, -124.258697 54.22146, -124.261329 54.221334, -124.26403 54.221209, -124.265937 54.220828, -124.266143 54.220779, -124.266182 54.220651, -124.266285 54.220557, -124.266488 54.22036, -124.266788 54.220152, -124.26718 54.219927, -124.26756 54.219705, -124.267748 54.219595, -124.26813 54.219381, -124.268612 54.219103, -124.268914 54.218929, -124.269076 54.218814, -124.269377 54.218774, -124.269443 54.218742, -124.269776 54.218583, -124.270458 54.217993, -124.270823 54.217849, -124.270825 54.217849, -124.271214 54.217539, -124.273057 54.216612, -124.273648 54.215963, -124.273452 54.215238, -124.272967 54.214705, -124.272911 54.214459, -124.272773 54.2144, -124.272111 54.213827, -124.271821 54.213396, -124.271819 54.21315, -124.27199 54.212888, -124.272922 54.212229, -124.273706 54.211819, -124.275548 54.211159, -124.278955 54.209708, -124.279853 54.209391, -124.281739 54.208886, -124.282776 54.208216, -124.283834 54.207855, -124.284608 54.20771, -124.284867 54.207758, -124.286223 54.208005, -124.287977 54.208087, -124.289039 54.208457, -124.289432 54.209123, -124.290878 54.211171, -124.291548 54.211717, -124.291753 54.211877, -124.292066 54.212098, -124.292224 54.21225, -124.292398 54.2124, -124.292541 54.21257, -124.292669 54.212721, -124.292875 54.212935, -124.29308 54.213112, -124.293316 54.213325, -124.293459 54.213468, -124.293617 54.213619, -124.294014 54.214064, -124.294126 54.214198, -124.294253 54.214358, -124.294381 54.214509, -124.294666 54.214794, -124.294918 54.215025, -124.294983 54.215132, -124.295015 54.215177, -124.295127 54.215346, -124.295128 54.215346, -124.295167 54.215634, -124.295175 54.215885, -124.295244 54.216136, -124.294987 54.216256, -124.294731 54.216402, -124.294459 54.216522, -124.294202 54.216651, -124.294052 54.216742, -124.293815 54.216898, -124.293195 54.217888, -124.292724 54.218269, -124.292415 54.218979, -124.292045 54.219464, -124.291267 54.219637, -124.290674 54.219587, -124.290115 54.219559, -124.289807 54.219577, -124.289776 54.219625, -124.289911 54.220137, -124.289694 54.220393, -124.289357 54.220591, -124.288627 54.220689, -124.287962 54.22055, -124.287863 54.220407, -124.288029 54.219987, -124.287919 54.219898, -124.286705 54.219941, -124.286109 54.220087, -124.28576 54.22028, -124.285804 54.221071, -124.285258 54.221435, -124.284394 54.221621, -124.284506 54.222255, -124.283875 54.223104, -124.28278 54.22417, -124.281566 54.224744, -124.28037 54.224824, -124.280291 54.224899, -124.279386 54.225063, -124.278412 54.225072, -124.275555 54.224902, -124.27287 54.22457, -124.270945 54.224452, -124.267671 54.224567, -124.267254 54.224603, -124.265821 54.22548, -124.265372 54.226373, -124.26549 54.227243, -124.267276 54.228797, -124.268298 54.23016, -124.269259 54.231761, -124.269939 54.233958, -124.270302 54.235102, -124.270065 54.235848, -124.269528 54.236379, -124.266917 54.237331, -124.264157 54.23813, -124.263019 54.238294, -124.261091 54.238895, -124.259442 54.238962, -124.258651 54.23943, -124.258089 54.239332))"
30,2023-07-29 10:30:57,2023072601,2023,4389.2,Derived from satellite imagery,1690354800000,1690404359000,Fire of Note,JA70003000,43892469.5426,42417.5625,76,6c615cff-1f4c-40d6-b3d0-882a01690258,120785853.070313,70388.1970947133,https://wildfiresituation.nrs.gov.bc.ca/incidents?fireYear=2023&incidentNumber=G41158,"MULTIPOLYGON (((-125.525723 52.987126, -125.524372 52.986008, -125.524541 52.985073, -125.525678 52.984004, -125.527561 52.982521, -125.529283 52.981368, -125.531532 52.979726, -125.531922 52.979123, -125.532447 52.978127, -125.532976 52.976472, -125.53408 52.97357, -125.535275 52.972711, -125.536283 52.97242, -125.537735 52.972107, -125.54069 52.971633, -125.542503 52.971137, -125.543935 52.970312, -125.544646 52.969217, -125.544408 52.96802, -125.542919 52.966819, -125.54133 52.966165, -125.539042 52.965639, -125.535705 52.964998, -125.531408 52.964527, -125.526233 52.96436, -125.522533 52.964321, -125.520182 52.964509, -125.516318 52.965265, -125.512719 52.966104, -125.510627 52.966312, -125.508197 52.966179, -125.505551 52.965575, -125.503073 52.964727, -125.500143 52.963822, -125.49665 52.962933, -125.49692 52.96238, -125.497771 52.961529, -125.498794 52.960418, -125.499852 52.959179, -125.500943 52.95796, -125.502232 52.956977, -125.503305 52.956482, -125.505192 52.956043, -125.50724 52.955991, -125.5103 52.955991, -125.513397 52.956087, -125.516168 52.956738, -125.51905 52.957595, -125.52369 52.958598, -125.5264 52.958819, -125.52871 52.958586, -125.53021 52.958054, -125.531121 52.957425, -125.53239 52.956025, -125.533511 52.954203, -125.533874 52.953738, -125.535185 52.953003, -125.536719 52.953196, -125.537577 52.953811, -125.537885 52.954192, -125.53862 52.954921, -125.539775 52.95537, -125.540763 52.955252, -125.541549 52.954785, -125.542352 52.954179, -125.543491 52.953711, -125.546489 52.953402, -125.547887 52.95311, -125.549765 52.952502, -125.55169 52.951687, -125.554261 52.950558, -125.55583 52.949594, -125.556612 52.948871, -125.55737 52.947984, -125.558415 52.946715, -125.559528 52.945316, -125.560492 52.944514, -125.561826 52.944091, -125.563443 52.944177, -125.564092 52.94438, -125.564986 52.94466, -125.566391 52.945385, -125.56823 52.946616, -125.570241 52.947959, -125.571641 52.948588, -125.573061 52.948682, -125.574085 52.948284, -125.574405 52.947954, -125.575107 52.947022, -125.576179 52.945428, -125.577268 52.944336, -125.578796 52.943708, -125.579567 52.943727, -125.581422 52.943892, -125.582378 52.944255, -125.582288 52.945066, -125.581206 52.945762, -125.579496 52.946343, -125.578051 52.946771, -125.577015 52.947427, -125.576742 52.948219, -125.577182 52.948907, -125.578181 52.949322, -125.579476 52.949469, -125.580794 52.94929, -125.582016 52.948818, -125.582615 52.94851, -125.583644 52.947951, -125.58512 52.947133, -125.586525 52.946441, -125.5882 52.945803, -125.589617 52.945454, -125.590946 52.945415, -125.591864 52.945853, -125.592442 52.946512, -125.593065 52.947007, -125.593856 52.947037, -125.594659 52.946809, -125.595675 52.946636, -125.59678 52.946931, -125.597134 52.947148, -125.599201 52.948406, -125.602568 52.949576, -125.60493 52.950284, -125.606546 52.950459, -125.607559 52.950299, -125.609068 52.949961, -125.610898 52.949658, -125.613019 52.949703, -125.615229 52.949922, -125.618391 52.949906, -125.620194 52.949747, -125.622998 52.94943, -125.627609 52.948885, -125.628995 52.948806, -125.632385 52.948757, -125.635696 52.948844, -125.637583 52.948729, -125.639391 52.948304, -125.64107 52.947775, -125.642841 52.947438, -125.644617 52.947646, -125.646108 52.948321, -125.646975 52.948964, -125.648521 52.950141, -125.649788 52.950926, -125.651159 52.95119, -125.652194 52.950783, -125.652577 52.949984, -125.652466 52.94929, -125.652107 52.947989, -125.651836 52.946907, -125.652332 52.945945, -125.653675 52.945371, -125.655809 52.94514, -125.657233 52.945068, -125.659125 52.945022, -125.661086 52.945166, -125.66428 52.946001, -125.666719 52.946637, -125.670513 52.947428, -125.673365 52.948214, -125.675087 52.948836, -125.679062 52.95016, -125.680417 52.950466, -125.683302 52.951051, -125.685032 52.95152, -125.686098 52.952544, -125.686257 52.953176, -125.686377 52.954383, -125.686732 52.956113, -125.687785 52.957199, -125.688784 52.957794, -125.690606 52.958737, -125.692514 52.959767, -125.69309 52.960903, -125.692614 52.961766, -125.691372 52.96296, -125.690267 52.964029, -125.688575 52.965963, -125.686928 52.967431, -125.685707 52.968111, -125.683502 52.969164, -125.680347 52.970457, -125.677617 52.971457, -125.675573 52.97198, -125.674443 52.971997, -125.673325 52.972013, -125.670873 52.971555, -125.667848 52.970817, -125.665749 52.970435, -125.664671 52.970388, -125.662929 52.970403, -125.661463 52.970545, -125.659779 52.970923, -125.657976 52.971462, -125.654052 52.97304, -125.650627 52.974467, -125.645712 52.976571, -125.641267 52.978492, -125.635032 52.980975, -125.632804 52.981652, -125.630429 52.98213, -125.62667 52.982618, -125.623476 52.982994, -125.619503 52.983478, -125.614327 52.984164, -125.609749 52.984945, -125.605871 52.985667, -125.601017 52.986414, -125.598581 52.986644, -125.597204 52.98664, -125.594605 52.986562, -125.591153 52.986507, -125.588198 52.986798, -125.586121 52.987207, -125.583801 52.987911, -125.581689 52.98881, -125.580486 52.989451, -125.578465 52.990584, -125.576611 52.991615, -125.575302 52.99224, -125.573304 52.992988, -125.570695 52.993683, -125.568446 52.994222, -125.566567 52.994756, -125.564712 52.995721, -125.564043 52.996442, -125.562965 52.998186, -125.562502 52.99942, -125.561302 53.000498, -125.559198 53.00107, -125.557092 53.001119, -125.554731 53.00083, -125.551989 53.000341, -125.547173 52.999543, -125.54442 52.999036, -125.542587 52.998496, -125.541274 52.997894, -125.540804 52.997453, -125.539994 52.996463, -125.539683 52.995465, -125.539819 52.994306, -125.540499 52.992801, -125.541186 52.991085, -125.540913 52.989901, -125.539633 52.989017, -125.537341 52.988612, -125.535719 52.988522, -125.531434 52.988066, -125.527002 52.987593, -125.525723 52.987126)), ((-125.488551 52.975737, -125.486751 52.975672, -125.485046 52.975664, -125.484006 52.975432, -125.482782 52.974744, -125.481656 52.973828, -125.481385 52.972802, -125.481495 52.971493, -125.482172 52.970415, -125.48294 52.969564, -125.482852 52.968995, -125.482199 52.968195, -125.483155 52.967459, -125.483163 52.966833, -125.482601 52.966261, -125.484028 52.965812, -125.486211 52.96548, -125.488399 52.96475, -125.488695 52.963783, -125.491151 52.964363, -125.492 52.964651, -125.492088 52.965221, -125.493026 52.966022, -125.494066 52.96614, -125.495581 52.966261, -125.495481 52.966659, -125.494904 52.967396, -125.494331 52.967792, -125.494133 52.968531, -125.494219 52.969215, -125.494306 52.969898, -125.494392 52.970639, -125.494388 52.97098, -125.494379 52.97172, -125.493329 52.972342, -125.492466 52.973249, -125.491034 52.974153, -125.490831 52.975234, -125.490253 52.976029, -125.488551 52.975737)))"
31,2023-07-29 10:30:57,2023072101,2023,1014.1,Hand sketch of any type,1689922800000,1689999024000,Out of Control,JA70003000,10141013.8899,19462.8074,77,370ad549-4b19-4a6c-b3a0-a45bf42bc3fe,27865980.375,32274.560675069,https://wildfiresituation.nrs.gov.bc.ca/incidents?fireYear=2023&incidentNumber=G41165,"POLYGON ((-125.72728 52.94214, -125.72837 52.94138, -125.72894 52.94054, -125.7288 52.93975, -125.72788 52.93915, -125.72645 52.9388, -125.72465 52.93871, -125.72268 52.93883, -125.7207 52.93894, -125.71909 52.9386, -125.71835 52.93788, -125.7183 52.93709, -125.71829 52.93628, -125.71762 52.93564, -125.71626 52.93541, -125.7147 52.93557, -125.71314 52.93602, -125.71151 52.93658, -125.70997 52.937998, -125.708129 52.940881, -125.7043 52.943858, -125.698999 52.944143, -125.697035 52.940853, -125.701528 52.937679, -125.704687 52.935696, -125.706017 52.935002, -125.707676 52.934409, -125.70881 52.93394, -125.71077 52.93342, -125.71292 52.93323, -125.71513 52.93324, -125.7173 52.93327, -125.71941 52.93317, -125.72112 52.93265, -125.72206 52.93174, -125.7224 52.93064, -125.72262 52.9295, -125.72302 52.92833, -125.72377 52.92723, -125.72494 52.92632, -125.72642 52.92563, -125.72803 52.9251, -125.72974 52.92471, -125.73154 52.92457, -125.73336 52.92469, -125.73521 52.92488, -125.7371 52.92497, -125.74102 52.92498, -125.74301 52.92502, -125.74499 52.92511, -125.74696 52.9252, -125.7509 52.92552, -125.75295 52.92565, -125.75501 52.92574, -125.75706 52.92578, -125.7591 52.92574, -125.76116 52.92559, -125.76322 52.92534, -125.76529 52.925, -125.76539 52.92498, -125.76734 52.9246, -125.76939 52.92421, -125.77147 52.92385, -125.77353 52.92357, -125.77554 52.92335, -125.7775 52.92318, -125.77945 52.9231, -125.78129 52.92326, -125.78257 52.92403, -125.78285 52.92513, -125.78193 52.92626, -125.78063 52.92728, -125.77965 52.92832, -125.77945 52.92934, -125.78014 52.93018, -125.78145 52.93071, -125.78248 52.9309, -125.78353 52.93102, -125.78507 52.9313, -125.78595 52.93199, -125.78597 52.93293, -125.78531 52.93394, -125.78439 52.93501, -125.78312 52.93606, -125.78166 52.93709, -125.78005 52.93811, -125.77829 52.9391, -125.77634 52.93997, -125.77093 52.94197, -125.77012 52.94227, -125.76802 52.94304, -125.76589 52.94378, -125.76379 52.94449, -125.76172 52.94511, -125.75961 52.94529, -125.75782 52.94492, -125.75654 52.94415, -125.75548 52.94328, -125.75432 52.94241, -125.75257 52.94182, -125.75045 52.9416, -125.74826 52.94166, -125.74606 52.942, -125.7439 52.94257, -125.74188 52.94337, -125.73985 52.94424, -125.7378 52.94503, -125.73384 52.94651, -125.73214 52.94741, -125.73084 52.94851, -125.72977 52.94968, -125.72843 52.95073, -125.72675 52.95154, -125.72485 52.95213, -125.72284 52.95245, -125.72081 52.95244, -125.71884 52.95213, -125.71694 52.95173, -125.71508 52.95125, -125.71357 52.95057, -125.71273 52.94966, -125.71219 52.94865, -125.71169 52.94762, -125.71126 52.94663, -125.71158 52.94573, -125.712081 52.944076, -125.714077 52.942687, -125.717228 52.941998, -125.720707 52.941708, -125.723023 52.942012, -125.725671 52.942317, -125.72728 52.94214))"
32,2023-07-29 10:30:57,2023072101,2023,3470.0,Digitized other,1689922800000,1689999157000,Out of Control,JA70003000,34700129.9936,34137.8553,78,62a4e55d-566b-4485-88f5-591bac1132c7,95689508.1328125,56716.5059596459,https://wildfiresituation.nrs.gov.bc.ca/incidents?fireYear=2023&incidentNumber=G41189,"POLYGON ((-125.405721 53.025183, -125.382876 53.023871, -125.362104 53.023532, -125.346666 53.021854, -125.332532 53.021832, -125.322048 53.018926, -125.311485 53.015165, -125.310665 53.013111, -125.308582 53.007008, -125.309897 53.001949, -125.315828 52.999697, -125.321853 52.998499, -125.34498 53.00099, -125.34705 53.00078, -125.34926 53.00089, -125.35154 53.00112, -125.353058 53.001095, -125.354752 53.000591, -125.355567 53.000813, -125.35637 53.00068, -125.35867 52.99994, -125.36083 52.99895, -125.36295 52.99796, -125.36511 52.99704, -125.36736 52.99628, -125.36961 52.99557, -125.37185 52.99492, -125.37399 52.9943, -125.37615 52.99379, -125.37839 52.99365, -125.38053 52.99392, -125.38249 52.99464, -125.383774 52.994617, -125.387889 52.994211, -125.395409 52.993159, -125.402132 52.991995, -125.406644 52.992264, -125.41238 52.9977, -125.41359 52.99886, -125.41412 53.00016, -125.41426 53.0015, -125.4145 53.00282, -125.41507 53.0041, -125.41618 53.00525, -125.41778 53.00619, -125.41981 53.00676, -125.42207 53.00687, -125.42436 53.00679, -125.42665 53.00683, -125.42881 53.00712, -125.43073 53.00763, -125.43243 53.00839, -125.43416 53.00905, -125.436 53.00939, -125.43778 53.00941, -125.43936 53.00915, -125.44078 53.00877, -125.44241 53.00856, -125.44413 53.00845, -125.44751 53.00799, -125.44931 53.00785, -125.45117 53.00775, -125.45309 53.00761, -125.4551 53.00751, -125.45717 53.00743, -125.45932 53.00739, -125.4615 53.00737, -125.46369 53.00736, -125.46587 53.00736, -125.46801 53.00742, -125.47016 53.0074, -125.4723 53.00709, -125.47443 53.00673, -125.47654 53.00632, -125.47845 53.00565, -125.47974 53.00463, -125.48049 53.00339, -125.48111 53.00215, -125.48186 53.00098, -125.4829 52.99995, -125.48446 52.99924, -125.48645 52.99901, -125.48847 52.99947, -125.49022 53.00035, -125.49198 53.00128, -125.49376 53.00223, -125.49552 53.00316, -125.49728 53.00406, -125.49898 53.00499, -125.50049 53.006, -125.50175 53.00711, -125.50271 53.00829, -125.50329 53.00952, -125.50355 53.01081, -125.50379 53.01213, -125.50416 53.01349, -125.5047 53.01484, -125.50541 53.01618, -125.50623 53.01749, -125.50702 53.01879, -125.50772 53.02006, -125.50821 53.02136, -125.50835 53.02264, -125.50798 53.02386, -125.507 53.02496, -125.50584 53.02599, -125.50469 53.02703, -125.50365 53.0281, -125.50274 53.02919, -125.50174 53.03023, -125.50052 53.03115, -125.49915 53.03198, -125.49769 53.03272, -125.49604 53.03325, -125.49418 53.03341, -125.4923 53.03315, -125.49058 53.0325, -125.48895 53.03168, -125.4872 53.03099, -125.48531 53.03053, -125.484597 53.030469, -125.484261 53.030529, -125.482239 53.030499, -125.481888 53.030367, -125.48137 53.03037, -125.47946 53.03033, -125.47761 53.03011, -125.47588 53.02958, -125.47414 53.02905, -125.47229 53.02863, -125.47042 53.02829, -125.46854 53.02797, -125.46666 53.02784, -125.46486 53.02805, -125.46316 53.02843, -125.46148 53.02868, -125.45977 53.02861, -125.45832 53.02811, -125.45725 53.02726, -125.45644 53.02623, -125.45519 53.02533, -125.454031 53.024822, -125.45388 53.024799, -125.453807 53.024724, -125.45357 53.02462, -125.45247 53.02418, -125.45092 53.02348, -125.450602 53.023304, -125.446854 53.022511, -125.445356 53.023337, -125.44518 53.02373, -125.44451 53.02475, -125.44339 53.02562, -125.44179 53.02608, -125.44003 53.02624, -125.43828 53.02647, -125.43665 53.02688, -125.43511 53.02731, -125.43344 53.02743, -125.43189 53.02718, -125.43046 53.02674, -125.42892 53.02652, -125.4275 53.02685, -125.42643 53.02759, -125.42573 53.02851, -125.42503 53.02941, -125.42411 53.03018, -125.42293 53.03072, -125.42154 53.03076, -125.42038 53.03016, -125.41996 53.02908, -125.42001 53.02788, -125.41991 53.02668, -125.41919 53.02554, -125.41791 53.02459, -125.41637 53.02383, -125.41466 53.02329, -125.41283 53.02308, -125.411913 53.023336, -125.410671 53.023956, -125.409336 53.024461, -125.407905 53.025023, -125.405721 53.025183))"
33,2023-07-29 10:30:57,2023072201,2023,1773.7,Non-corrected airborne GPS,1690009200000,1690066606000,Fire of Note,JA70003000,17737339.2832,27206.3043,79,d3b76e4f-ac5b-422a-8f21-3fab90f21b62,50154801.2109375,45757.8354084525,https://wildfiresituation.nrs.gov.bc.ca/incidents?fireYear=2023&incidentNumber=G41195,"POLYGON ((-124.324238 53.566868, -124.323389 53.566826, -124.321587 53.56683, -124.320177 53.567018, -124.318579 53.566936, -124.317184 53.566768, -124.314743 53.566467, -124.311718 53.565743, -124.308049 53.564861, -124.30492 53.564253, -124.302085 53.563798, -124.300597 53.56345, -124.299464 53.56299, -124.298388 53.562381, -124.297297 53.562129, -124.295654 53.561898, -124.293914 53.561606, -124.291571 53.561365, -124.288299 53.561822, -124.285574 53.562347, -124.282855 53.562723, -124.281026 53.563378, -124.279258 53.563768, -124.277893 53.564104, -124.276983 53.564328, -124.27604 53.565036, -124.275478 53.565611, -124.274412 53.565981, -124.273037 53.566524, -124.272696 53.566312, -124.274024 53.565454, -124.27385 53.565024, -124.273408 53.56481, -124.272601 53.564976, -124.271885 53.565322, -124.270773 53.565602, -124.269408 53.565908, -124.267452 53.565999, -124.266341 53.56622, -124.265637 53.566849, -124.263676 53.566964, -124.261616 53.566863, -124.261315 53.566822, -124.260737 53.566757, -124.260154 53.5667, -124.259572 53.566644, -124.258992 53.566587, -124.258411 53.566524, -124.257827 53.56646, -124.25724 53.566391, -124.256655 53.566318, -124.256076 53.566238, -124.255511 53.566152, -124.25495 53.566063, -124.2544 53.565962, -124.253856 53.565853, -124.253318 53.565737, -124.252785 53.565616, -124.252257 53.565488, -124.251738 53.56535, -124.251238 53.565199, -124.250768 53.565032, -124.250343 53.564842, -124.249976 53.564628, -124.24967 53.564389, -124.249433 53.56413, -124.249278 53.563862, -124.249209 53.563585, -124.249228 53.563309, -124.249323 53.563026, -124.249473 53.562752, -124.249663 53.562477, -124.24987 53.562198, -124.250087 53.561912, -124.250303 53.561618, -124.250514 53.561317, -124.250718 53.561009, -124.250923 53.560697, -124.251053 53.560496, -124.251127 53.560382, -124.251335 53.560064, -124.251534 53.55974, -124.251718 53.559409, -124.251883 53.55907, -124.25204 53.558721, -124.252193 53.558363, -124.252356 53.558003, -124.252525 53.557639, -124.252699 53.557276, -124.252883 53.556914, -124.253067 53.556549, -124.253251 53.556189, -124.253436 53.555828, -124.253614 53.555464, -124.253784 53.555099, -124.253954 53.554737, -124.254121 53.554371, -124.254289 53.554003, -124.254451 53.553636, -124.254614 53.553268, -124.25478 53.552902, -124.254947 53.552536, -124.255114 53.552168, -124.255283 53.551798, -124.255451 53.551427, -124.255616 53.551056, -124.25578 53.550684, -124.255938 53.550314, -124.256086 53.549944, -124.256223 53.549572, -124.256356 53.5492, -124.256485 53.54883, -124.25661 53.548457, -124.256734 53.548082, -124.256863 53.547706, -124.257005 53.547332, -124.257159 53.546958, -124.257327 53.546584, -124.257512 53.546215, -124.25772 53.54585, -124.257949 53.54549, -124.258199 53.545135, -124.258469 53.544784, -124.258758 53.544439, -124.259071 53.544101, -124.259407 53.543769, -124.259758 53.543442, -124.260118 53.543122, -124.260481 53.542809, -124.260847 53.542501, -124.261219 53.542194, -124.261601 53.54189, -124.26199 53.541593, -124.262599 53.54105, -124.263024 53.540938, -124.263228 53.540846, -124.263773 53.540723, -124.264179 53.540587, -124.26478 53.54056, -124.265688 53.540395, -124.266033 53.540146, -124.266456 53.540217, -124.266771 53.54034, -124.266961 53.54058, -124.267356 53.540716, -124.267849 53.540889, -124.268219 53.541144, -124.268403 53.541514, -124.268452 53.541787, -124.268404 53.541988, -124.268395 53.542213, -124.268588 53.54237, -124.268819 53.542587, -124.26879 53.542812, -124.268726 53.542918, -124.268501 53.543033, -124.268289 53.543303, -124.268342 53.543482, -124.268712 53.543736, -124.269162 53.543991, -124.269497 53.544103, -124.269814 53.544179, -124.270212 53.544256, -124.270494 53.544212, -124.270738 53.544121, -124.271202 53.544021, -124.271506 53.543931, -124.271708 53.543874, -124.271934 53.543735, -124.272279 53.543622, -124.273571 53.543356, -124.273801 53.543122, -124.274387 53.542988, -124.274793 53.542851, -124.274817 53.542745, -124.274643 53.5426, -124.275118 53.542251, -124.275521 53.542186, -124.275819 53.542226, -124.275989 53.541991, -124.276311 53.541937, -124.276643 53.541669, -124.276791 53.541457, -124.277455 53.541372, -124.277816 53.541353, -124.277669 53.541043, -124.277802 53.540737, -124.278435 53.540426, -124.279026 53.540161, -124.280201 53.539822, -124.281314 53.539506, -124.281835 53.539502, -124.282338 53.539438, -124.283063 53.539318, -124.283747 53.539245, -124.284204 53.539311, -124.284887 53.539261, -124.285058 53.538991, -124.285106 53.538778, -124.28538 53.538462, -124.286275 53.538107, -124.287161 53.537966, -124.288044 53.537895, -124.289212 53.537734, -124.289972 53.537745, -124.290709 53.537815, -124.291108 53.537856, -124.291915 53.53769, -124.292346 53.537423, -124.292847 53.537395, -124.29367 53.537347, -124.294552 53.537313, -124.295537 53.537196, -124.296084 53.537038, -124.296093 53.536813, -124.295883 53.536573, -124.295174 53.53629, -124.294663 53.536045, -124.293966 53.53549, -124.293563 53.535057, -124.293033 53.534812, -124.292091 53.53436, -124.291598 53.534163, -124.291038 53.534155, -124.290318 53.534145, -124.289646 53.533957, -124.289182 53.533548, -124.28896 53.533106, -124.28864 53.533101, -124.288098 53.533141, -124.287031 53.533303, -124.286307 53.533388, -124.284622 53.533494, -124.284225 53.533417, -124.284032 53.533237, -124.283695 53.533172, -124.283373 53.533203, -124.283011 53.533269, -124.282758 53.533088, -124.282913 53.532722, -124.283426 53.532398, -124.283915 53.532191, -124.284504 53.531986, -124.285034 53.531745, -124.285644 53.531505, -124.286034 53.531261, -124.286567 53.53096, -124.287334 53.530782, -124.28844 53.530643, -124.289264 53.530549, -124.29009 53.530418, -124.291361 53.530175, -124.292532 53.529907, -124.2932 53.529704, -124.294456 53.529342, -124.294597 53.528822, -124.295014 53.528401, -124.295773 53.527938, -124.296628 53.52757, -124.297072 53.527381, -124.297989 53.527334, -124.29878 53.527352, -124.299011 53.527521, -124.299428 53.52761, -124.299852 53.527498, -124.300147 53.527384, -124.300346 53.527388, -124.302658 53.527631, -124.304845 53.5281, -124.306835 53.528768, -124.308641 53.529578, -124.310347 53.530487, -124.311998 53.531423, -124.313624 53.532368, -124.315299 53.533285, -124.317101 53.534132, -124.319055 53.534853, -124.321118 53.535476, -124.323232 53.536041, -124.325335 53.536599, -124.327341 53.537208, -124.329222 53.537916, -124.330908 53.538728, -124.332416 53.539644, -124.333711 53.540674, -124.33477 53.54177, -124.335548 53.542911, -124.336011 53.544074, -124.336145 53.545239, -124.336002 53.546391, -124.335748 53.547549, -124.33545 53.548707, -124.335183 53.549896, -124.335052 53.551122, -124.335162 53.552351, -124.335573 53.553563, -124.336295 53.554729, -124.337371 53.555819, -124.338791 53.556807, -124.340479 53.55769, -124.342273 53.558525, -124.344104 53.559336, -124.345889 53.560194, -124.347407 53.561172, -124.348501 53.562265, -124.34902 53.563431, -124.348823 53.564587, -124.347968 53.565626, -124.346699 53.566493, -124.34519 53.567221, -124.34374 53.567753, -124.343511 53.567838, -124.343442 53.567402, -124.343857 53.567022, -124.343791 53.566162, -124.343222 53.566628, -124.341946 53.567233, -124.340019 53.567859, -124.339057 53.568142, -124.339523 53.568728, -124.337731 53.568911, -124.335642 53.569083, -124.333517 53.569273, -124.33147 53.569398, -124.330666 53.568885, -124.330034 53.568431, -124.329396 53.568096, -124.328205 53.567842, -124.327256 53.56777, -124.326509 53.56767, -124.325721 53.567363, -124.32533 53.56712, -124.324238 53.566868), (-124.31546 53.54489, -124.316161 53.544757, -124.316291 53.544532, -124.316707 53.544338, -124.317013 53.544485, -124.316958 53.544655, -124.317265 53.544787, -124.318054 53.544884, -124.319065 53.544813, -124.319224 53.544445, -124.319688 53.544266, -124.319886 53.544113, -124.320366 53.544119, -124.320835 53.544089, -124.32139 53.54375, -124.321367 53.543123, -124.321389 53.542568, -124.321381 53.542156, -124.321135 53.541697, -124.320739 53.541407, -124.319908 53.541153, -124.319173 53.540915, -124.318769 53.54081, -124.318284 53.540945, -124.317425 53.540791, -124.316813 53.540483, -124.31607 53.540459, -124.315074 53.540729, -124.314227 53.540888, -124.313462 53.541418, -124.313303 53.541786, -124.312851 53.542277, -124.312173 53.542994, -124.311612 53.543213, -124.310983 53.543318, -124.310488 53.543695, -124.310208 53.544076, -124.310175 53.544303, -124.311379 53.544235, -124.31208 53.544131, -124.312735 53.543969, -124.313383 53.543964, -124.31384 53.543956, -124.314346 53.543906, -124.314777 53.543941, -124.314786 53.544311, -124.314845 53.544639, -124.31546 53.54489), (-124.298722 53.550794, -124.299589 53.55074, -124.299988 53.550755, -124.300281 53.550636, -124.299724 53.550163, -124.299389 53.54975, -124.298898 53.54961, -124.298166 53.549496, -124.297696 53.549233, -124.297173 53.548704, -124.29701 53.548379, -124.296754 53.547977, -124.296497 53.547603, -124.296472 53.547432, -124.2959 53.547319, -124.295761 53.547592, -124.295584 53.548017, -124.29523 53.548448, -124.294467 53.548693, -124.29409 53.548916, -124.29336 53.549142, -124.292603 53.549245, -124.291456 53.549504, -124.290686 53.549911, -124.290843 53.550397, -124.290831 53.550681, -124.291092 53.550969, -124.291524 53.551365, -124.291913 53.551645, -124.292128 53.551857, -124.292344 53.552059, -124.292741 53.552127, -124.293285 53.551779, -124.293881 53.551692, -124.295265 53.551513, -124.296447 53.551207, -124.297436 53.550908, -124.298722 53.550794), (-124.311846 53.535214, -124.311274 53.535111, -124.310721 53.535331, -124.310672 53.535748, -124.310593 53.536126, -124.311122 53.536494, -124.311492 53.53686, -124.312304 53.537365, -124.312715 53.537484, -124.313516 53.537477, -124.314345 53.537564, -124.3151 53.537898, -124.31567 53.538057, -124.31643 53.538277, -124.316846 53.538283, -124.317177 53.538003, -124.316812 53.537523, -124.316094 53.537077, -124.315562 53.536747, -124.314964 53.536511, -124.314362 53.53635, -124.313321 53.535956, -124.312538 53.535528, -124.311846 53.535214))"
34,2023-07-29 10:30:57,2023071602,2023,32.7,Non-corrected airborne GPS,1689490800000,1689567895000,Being Held,JA70003000,327410.7978,2957.7353,81,69cdb470-27ca-4513-9041-63dfbafa93e0,931738.9921875,4989.42302844595,https://wildfiresituation.nrs.gov.bc.ca/incidents?fireYear=2023&incidentNumber=G41304,"POLYGON ((-124.135503 53.684765, -124.13599 53.684334, -124.137307 53.682946, -124.137753 53.682618, -124.13819 53.682424, -124.138471 53.682366, -124.138759 53.682357, -124.139173 53.682402, -124.139644 53.682497, -124.140116 53.68263, -124.140529 53.682786, -124.140844 53.682951, -124.141039 53.683111, -124.141152 53.683318, -124.141184 53.683582, -124.140985 53.684722, -124.141112 53.685461, -124.141068 53.68559, -124.140963 53.685709, -124.140735 53.68585, -124.140393 53.685982, -124.138578 53.686479, -124.136748 53.687214, -124.135761 53.687697, -124.134914 53.688241, -124.13344 53.689341, -124.132181 53.690606, -124.131886 53.690849, -124.131595 53.691032, -124.131283 53.691168, -124.130955 53.691251, -124.130552 53.691291, -124.130067 53.691289, -124.129363 53.691234, -124.127414 53.69101, -124.126882 53.69092, -124.126571 53.69082, -124.126482 53.690749, -124.126473 53.690667, -124.126696 53.690446, -124.128201 53.68962, -124.129492 53.688591, -124.130154 53.68812, -124.131086 53.687539, -124.133845 53.685941, -124.134558 53.685467, -124.135503 53.684765))"
35,2023-07-29 10:30:57,2023072302,2023,6064.4,Non-corrected airborne GPS,1690095600000,1690171341000,Out of Control,JA70003000,60644252.7723,59012.0129,82,520847d7-dce1-4122-8bc9-8d73fe07e218,171774155.765625,99340.5531478791,https://wildfiresituation.nrs.gov.bc.ca/incidents?fireYear=2023&incidentNumber=G41307,"POLYGON ((-124.054219 53.554226, -124.054627 53.55422, -124.05504 53.554215, -124.055464 53.554214, -124.055897 53.554208, -124.056333 53.554206, -124.056776 53.554202, -124.057224 53.554195, -124.05768 53.554189, -124.058154 53.554192, -124.058634 53.554193, -124.059122 53.554201, -124.059626 53.554215, -124.060143 53.554234, -124.060669 53.554257, -124.061194 53.554289, -124.061714 53.554331, -124.062232 53.554389, -124.062736 53.55446, -124.063238 53.554542, -124.063725 53.554645, -124.064199 53.554767, -124.064662 53.554908, -124.065106 53.55507, -124.06553 53.555251, -124.065934 53.555456, -124.066315 53.555679, -124.066665 53.555921, -124.066995 53.556179, -124.067313 53.556447, -124.067615 53.556725, -124.067905 53.557013, -124.068192 53.557306, -124.068485 53.557597, -124.068786 53.557889, -124.069102 53.558175, -124.069428 53.558458, -124.06976 53.558735, -124.070103 53.559008, -124.070446 53.559277, -124.07079 53.559543, -124.071131 53.55981, -124.071482 53.560071, -124.071835 53.560332, -124.072189 53.56059, -124.072545 53.560848, -124.072902 53.561105, -124.073261 53.561361, -124.073613 53.56162, -124.073956 53.56188, -124.074291 53.562141, -124.074617 53.562403, -124.074934 53.562663, -124.075239 53.562924, -124.075536 53.563183, -124.075829 53.563443, -124.076121 53.563701, -124.076418 53.563951, -124.076726 53.564194, -124.077063 53.564418, -124.077423 53.56462, -124.077802 53.564804, -124.078213 53.564961, -124.078648 53.565081, -124.079097 53.565165, -124.079561 53.565211, -124.08003 53.565223, -124.080495 53.565211, -124.080953 53.565177, -124.081406 53.565125, -124.081858 53.565064, -124.08231 53.565004, -124.082757 53.564935, -124.083211 53.564864, -124.083654 53.564785, -124.084095 53.564696, -124.084525 53.564586, -124.084941 53.564452, -124.085339 53.56429, -124.085713 53.564106, -124.086055 53.563892, -124.086377 53.563661, -124.086668 53.563407, -124.086942 53.563142, -124.087196 53.562857, -124.087436 53.562568, -124.087666 53.562279, -124.087894 53.561997, -124.088122 53.561715, -124.08835 53.561435, -124.08859 53.561162, -124.08885 53.560897, -124.089135 53.560643, -124.089444 53.560408, -124.089782 53.5602, -124.09016 53.560019, -124.090567 53.559859, -124.090998 53.559723, -124.091441 53.559611, -124.091885 53.55952, -124.092336 53.559449, -124.092788 53.559394, -124.093236 53.559351, -124.093684 53.559321, -124.094122 53.559299, -124.094549 53.559279, -124.09496 53.559255, -124.095367 53.559231, -124.095752 53.559188, -124.096121 53.559123, -124.096472 53.55903, -124.096737 53.558929, -124.096797 53.558906, -124.097096 53.558753, -124.097387 53.558581, -124.097625 53.558376, -124.097819 53.558153, -124.09798 53.557922, -124.0981 53.557676, -124.098175 53.55742, -124.098208 53.557158, -124.098189 53.556894, -124.098142 53.55664, -124.098029 53.556379, -124.097879 53.556124, -124.097695 53.555875, -124.097489 53.55563, -124.097264 53.555386, -124.097029 53.555142, -124.096763 53.554905, -124.096515 53.554655, -124.096267 53.554403, -124.096021 53.554143, -124.095787 53.553878, -124.09556 53.553616, -124.095356 53.553348, -124.095173 53.553071, -124.095022 53.552787, -124.094894 53.552504, -124.094801 53.552219, -124.094748 53.551929, -124.094734 53.551628, -124.094755 53.551324, -124.094813 53.551024, -124.094903 53.550733, -124.095 53.550447, -124.09503 53.550369, -124.095946 53.548901, -124.096177 53.548666, -124.096429 53.548438, -124.096699 53.548217, -124.096997 53.548013, -124.097171 53.547916, -124.097321 53.547832, -124.097674 53.54768, -124.098053 53.547558, -124.098464 53.547471, -124.098896 53.547417, -124.099336 53.547396, -124.099776 53.547409, -124.100214 53.547457, -124.100647 53.547525, -124.101074 53.547611, -124.101494 53.547706, -124.101911 53.54781, -124.102319 53.547919, -124.102716 53.548037, -124.103112 53.548159, -124.103509 53.548287, -124.1039 53.548423, -124.104286 53.548555, -124.104673 53.548687, -124.105065 53.548821, -124.10546 53.548951, -124.105859 53.549078, -124.106269 53.549195, -124.106679 53.549311, -124.107095 53.549418, -124.107518 53.549521, -124.107943 53.549617, -124.108371 53.549708, -124.108795 53.549793, -124.109221 53.549872, -124.109667 53.549945, -124.110096 53.550005, -124.110528 53.550056, -124.11096 53.5501, -124.111392 53.550147, -124.111855 53.550184, -124.112307 53.550212, -124.112761 53.550229, -124.113219 53.550236, -124.113681 53.550228, -124.11415 53.550199, -124.114621 53.550152, -124.115092 53.550099, -124.115553 53.550022, -124.116002 53.549929, -124.116443 53.549814, -124.116879 53.54968, -124.117312 53.549533, -124.117744 53.549372, -124.118181 53.549201, -124.118621 53.549034, -124.119063 53.548878, -124.119513 53.548734, -124.119964 53.548608, -124.120424 53.548501, -124.12089 53.548414, -124.121361 53.548343, -124.121833 53.548284, -124.122305 53.548238, -124.122778 53.548207, -124.123251 53.548187, -124.123721 53.548179, -124.124193 53.548186, -124.124664 53.548204, -124.125137 53.548229, -124.125607 53.548255, -124.126081 53.54828, -124.126554 53.548308, -124.127029 53.548339, -124.127506 53.548374, -124.127982 53.548419, -124.128451 53.548468, -124.128926 53.548527, -124.129393 53.548588, -124.129852 53.548661, -124.1303 53.548746, -124.130732 53.548839, -124.131151 53.548941, -124.131556 53.549058, -124.131945 53.549192, -124.132313 53.549343, -124.132657 53.549504, -124.132979 53.549671, -124.133281 53.549847, -124.133562 53.550028, -124.133816 53.550212, -124.134056 53.550408, -124.134279 53.55061, -124.134474 53.550825, -124.134623 53.551052, -124.134735 53.551291, -124.134796 53.55154, -124.134807 53.551796, -124.134774 53.552056, -124.134664 53.552318, -124.134514 53.55257, -124.134317 53.552816, -124.134081 53.553054, -124.133828 53.553287, -124.13357 53.553519, -124.133305 53.553752, -124.133044 53.553987, -124.13277 53.554224, -124.132495 53.554464, -124.13222 53.554704, -124.131942 53.554947, -124.13166 53.55519, -124.131365 53.555444, -124.131057 53.555697, -124.130733 53.555952, -124.130385 53.556201, -124.12999 53.55645, -124.129597 53.556676, -124.129178 53.556887, -124.128729 53.557074, -124.128246 53.557235, -124.127737 53.557375, -124.127209 53.557498, -124.126678 53.55761, -124.126149 53.55771, -124.125621 53.557805, -124.125095 53.557893, -124.124568 53.557975, -124.124039 53.55805, -124.123499 53.558123, -124.122956 53.558198, -124.122398 53.558285, -124.121867 53.558373, -124.121349 53.558471, -124.120833 53.558582, -124.120338 53.558708, -124.119858 53.55885, -124.119396 53.55901, -124.118955 53.559189, -124.118531 53.559379, -124.118126 53.559581, -124.117742 53.55979, -124.11737 53.560005, -124.117018 53.560222, -124.116671 53.560445, -124.116328 53.56067, -124.115999 53.560896, -124.115682 53.561134, -124.115385 53.561378, -124.115124 53.561635, -124.114895 53.561896, -124.114697 53.562163, -124.114537 53.562431, -124.114415 53.562706, -124.114328 53.562981, -124.114266 53.563259, -124.114257 53.563541, -124.114311 53.56383, -124.114421 53.564113, -124.114581 53.564389, -124.114787 53.564654, -124.115024 53.564909, -124.115294 53.565153, -124.115598 53.565386, -124.115927 53.565609, -124.11627 53.565818, -124.116614 53.566019, -124.116962 53.566215, -124.117309 53.566409, -124.11765 53.566603, -124.117983 53.566801, -124.118306 53.567007, -124.118606 53.56722, -124.118877 53.567448, -124.119123 53.567683, -124.119351 53.56793, -124.119544 53.568185, -124.119692 53.568449, -124.119803 53.568717, -124.119888 53.568986, -124.119944 53.569257, -124.119971 53.569528, -124.119973 53.569803, -124.119953 53.570078, -124.119919 53.570351, -124.119868 53.570623, -124.119803 53.570892, -124.119732 53.571161, -124.119652 53.571431, -124.119591 53.571698, -124.119561 53.571964, -124.119585 53.572225, -124.119666 53.572479, -124.119814 53.572717, -124.120025 53.572943, -124.120299 53.573147, -124.120635 53.573326, -124.121011 53.573484, -124.121418 53.573615, -124.121845 53.573719, -124.122286 53.573802, -124.122731 53.573867, -124.123174 53.573914, -124.123612 53.573942, -124.124047 53.573961, -124.12448 53.573978, -124.124914 53.573992, -124.125351 53.574001, -124.125783 53.574015, -124.126213 53.574033, -124.126643 53.574049, -124.127075 53.574067, -124.127505 53.574086, -124.127928 53.574104, -124.12834 53.574126, -124.128748 53.574145, -124.12916 53.57416, -124.129571 53.574172, -124.129983 53.574179, -124.130393 53.574183, -124.130803 53.574185, -124.13121 53.574182, -124.131618 53.574182, -124.132025 53.574184, -124.132435 53.574185, -124.132848 53.574188, -124.133259 53.574194, -124.133671 53.574201, -124.134084 53.574209, -124.134495 53.574219, -124.1349 53.574225, -124.135303 53.574231, -124.135699 53.574231, -124.136091 53.574225, -124.136477 53.574211, -124.136861 53.574189, -124.137243 53.574163, -124.13763 53.574142, -124.138015 53.574126, -124.138391 53.574116, -124.138762 53.574111, -124.139134 53.574118, -124.139503 53.574136, -124.139878 53.574162, -124.140251 53.574196, -124.140625 53.574229, -124.140995 53.574259, -124.141366 53.574286, -124.141733 53.574312, -124.142101 53.574336, -124.142466 53.57436, -124.142838 53.574384, -124.143212 53.574412, -124.143593 53.574442, -124.143978 53.574472, -124.144373 53.574496, -124.14477 53.574509, -124.145167 53.57451, -124.145566 53.5745, -124.145969 53.57448, -124.146373 53.574452, -124.146779 53.57442, -124.147185 53.574383, -124.147594 53.574336, -124.148003 53.574282, -124.14841 53.574223, -124.148816 53.574158, -124.149225 53.574092, -124.149639 53.574024, -124.150055 53.57396, -124.150462 53.573899, -124.150873 53.573842, -124.151284 53.57379, -124.151695 53.573747, -124.152101 53.57371, -124.152499 53.57368, -124.152888 53.573661, -124.153266 53.573653, -124.153634 53.57366, -124.153987 53.573683, -124.154326 53.573728, -124.154643 53.573794, -124.154938 53.573887, -124.155198 53.574011, -124.155434 53.574157, -124.155647 53.574326, -124.155832 53.574516, -124.155992 53.574724, -124.156129 53.574951, -124.156252 53.575181, -124.156362 53.57542, -124.156468 53.575662, -124.156579 53.575908, -124.1567 53.576155, -124.156834 53.576408, -124.156979 53.576661, -124.157138 53.576915, -124.157307 53.577168, -124.157491 53.577422, -124.157683 53.577675, -124.157885 53.577927, -124.158104 53.578175, -124.158333 53.578416, -124.158571 53.578652, -124.158818 53.57888, -124.159074 53.579101, -124.159339 53.579323, -124.159609 53.579546, -124.159869 53.579772, -124.16011 53.580006, -124.160331 53.580245, -124.160508 53.580494, -124.160651 53.580753, -124.160743 53.58102, -124.160806 53.581294, -124.160851 53.581576, -124.160895 53.581861, -124.16095 53.582145, -124.161041 53.582417, -124.161178 53.58268, -124.161372 53.582926, -124.161632 53.58315, -124.161943 53.583349, -124.162301 53.58352, -124.162715 53.583661, -124.163167 53.583779, -124.16365 53.583875, -124.164134 53.583959, -124.164608 53.584044, -124.165077 53.584145, -124.165525 53.584263, -124.165949 53.584398, -124.166357 53.584547, -124.166746 53.584712, -124.167122 53.584894, -124.167478 53.585087, -124.16781 53.585295, -124.16811 53.585509, -124.168398 53.585734, -124.168669 53.585962, -124.16893 53.586197, -124.169181 53.586435, -124.169423 53.586677, -124.169652 53.586916, -124.169878 53.587155, -124.170111 53.58739, -124.170354 53.587621, -124.170619 53.587843, -124.170906 53.588057, -124.17122 53.58826, -124.171561 53.588447, -124.171931 53.588622, -124.172324 53.589826, -124.171796 53.590441, -124.171039 53.591388, -124.170881 53.591668, -124.170693 53.591943, -124.170466 53.592212, -124.170211 53.592481, -124.169952 53.592756, -124.1697 53.593034, -124.169479 53.593317, -124.169303 53.593604, -124.169178 53.593895, -124.169117 53.594184, -124.169117 53.594473, -124.169173 53.594758, -124.169281 53.595036, -124.170059 53.59545, -124.171322 53.595751, -124.173199 53.596467, -124.1735 53.596685, -124.173818 53.596894, -124.174151 53.597092, -124.174497 53.597283, -124.174858 53.597463, -124.175222 53.597635, -124.175593 53.597797, -124.175975 53.597957, -124.176369 53.598104, -124.176773 53.598242, -124.177187 53.59837, -124.177607 53.598491, -124.178029 53.598607, -124.178453 53.598714, -124.178886 53.598814, -124.179328 53.598906, -124.179774 53.598996, -124.18022 53.599087, -124.18067 53.599173, -124.18112 53.599258, -124.182772 53.600718, -124.182628 53.601723, -124.179613 53.601915, -124.177788 53.601746, -124.174574 53.600597, -124.174117 53.600458, -124.173653 53.600322, -124.173186 53.600194, -124.172705 53.600074, -124.172209 53.59996, -124.171706 53.59985, -124.171192 53.599744, -124.170673 53.599647, -124.170143 53.599555, -124.169613 53.599464, -124.169084 53.599377, -124.168555 53.599293, -124.168026 53.599209, -124.167499 53.599128, -124.166973 53.599053, -124.166449 53.598984, -124.165932 53.598924, -124.165417 53.598869, -124.164912 53.598823, -124.164417 53.598778, -124.163932 53.598734, -124.163456 53.598691, -124.162982 53.598643, -124.162514 53.598588, -124.162047 53.598525, -124.161579 53.598456, -124.161114 53.598374, -124.160657 53.598281, -124.160209 53.598169, -124.159774 53.598037, -124.159354 53.597887, -124.158948 53.59772, -124.158559 53.597526, -124.158194 53.59731, -124.157842 53.597073, -124.157495 53.59682, -124.157155 53.596564, -124.1568 53.596314, -124.156418 53.596067, -124.155981 53.595853, -124.15553 53.595644, -124.155059 53.595464, -124.154565 53.595311, -124.15405 53.595185, -124.153525 53.595097, -124.152993 53.595042, -124.152457 53.595025, -124.15191 53.595036, -124.151379 53.595079, -124.150864 53.595157, -124.150358 53.595263, -124.149886 53.595404, -124.149453 53.59558, -124.149062 53.595798, -124.14874 53.596056, -124.148472 53.596345, -124.148266 53.596656, -124.148114 53.596987, -124.148001 53.597323, -124.147911 53.597665, -124.147844 53.598013, -124.147789 53.598362, -124.147741 53.598708, -124.1477 53.599055, -124.147663 53.5994, -124.14763 53.599746, -124.147598 53.60009, -124.147552 53.600432, -124.147487 53.600768, -124.147398 53.601098, -124.147293 53.601425, -124.147172 53.601748, -124.147032 53.602067, -124.146868 53.602382, -124.146676 53.60269, -124.146458 53.602991, -124.146223 53.603283, -124.145962 53.603562, -124.145686 53.603833, -124.145388 53.6041, -124.145077 53.604362, -124.144759 53.60462, -124.144444 53.604878, -124.14413 53.605137, -124.143821 53.6054, -124.143515 53.605665, -124.143213 53.60593, -124.142912 53.606192, -124.142613 53.606452, -124.142305 53.606709, -124.141987 53.60696, -124.141654 53.607202, -124.141306 53.607432, -124.140934 53.60765, -124.140534 53.60785, -124.140108 53.608033, -124.139653 53.608194, -124.139184 53.608335, -124.138707 53.608464, -124.138222 53.608584, -124.137736 53.608708, -124.137248 53.608837, -124.136763 53.608969, -124.13628 53.609103, -124.135805 53.609243, -124.135332 53.609388, -124.134865 53.60954, -124.134418 53.609705, -124.133981 53.609875, -124.133557 53.610048, -124.13315 53.610229, -124.132755 53.610414, -124.132372 53.610604, -124.132002 53.610806, -124.131655 53.611018, -124.131323 53.611239, -124.131011 53.611466, -124.13072 53.611699, -124.130455 53.611938, -124.130205 53.612182, -124.129976 53.612431, -124.129757 53.612679, -124.129544 53.612926, -124.129338 53.613171, -124.127968 53.614125, -124.127911 53.614572, -124.127775 53.615081, -124.127382 53.61604, -124.127104 53.616636, -124.127026 53.617318, -124.127589 53.618166, -124.128196 53.619129, -124.127866 53.620307, -124.12578 53.621385, -124.124757 53.621398, -124.124095 53.621176, -124.123769 53.621071, -124.123464 53.620978, -124.123248 53.620938, -124.122511 53.621231, -124.121765 53.621101, -124.121135 53.620616, -124.121427 53.620147, -124.123922 53.618822, -124.124877 53.617651, -124.123872 53.616598, -124.123164 53.615608, -124.122332 53.614198, -124.116725 53.614538, -124.115296 53.61445, -124.113907 53.614128, -124.112869 53.614114, -124.111313 53.614318, -124.110804 53.6144, -124.110298 53.614468, -124.109794 53.614516, -124.109291 53.614536, -124.10879 53.61453, -124.108295 53.614488, -124.107823 53.614413, -124.107368 53.614301, -124.106939 53.614163, -124.106531 53.614008, -124.106146 53.613842, -124.105777 53.613664, -124.105419 53.613476, -124.105068 53.613281, -124.104714 53.613089, -124.104348 53.612904, -124.103965 53.61273, -124.103554 53.612579, -124.103122 53.612443, -124.102669 53.612331, -124.102196 53.612247, -124.101707 53.612188, -124.101205 53.612162, -124.100695 53.612167, -124.100182 53.612206, -124.099667 53.612264, -124.099159 53.612345, -124.098664 53.612446, -124.098189 53.612572, -124.097748 53.612723, -124.097336 53.612901, -124.096958 53.6131, -124.096624 53.613323, -124.096334 53.613564, -124.096089 53.613819, -124.095897 53.614089, -124.095758 53.614366, -124.095674 53.614649, -124.095645 53.614938, -124.095682 53.615223, -124.095775 53.615502, -124.095916 53.615768, -124.096094 53.616024, -124.096288 53.616277, -124.096488 53.616528, -124.096679 53.616781, -124.096853 53.617037, -124.096985 53.617292, -124.09707 53.617555, -124.097079 53.617815, -124.097007 53.618072, -124.096859 53.618315, -124.096633 53.618531, -124.096343 53.618725, -124.095179 53.618807, -124.094443 53.61889, -124.092836 53.619404, -124.092197 53.619803, -124.091684 53.619894, -124.091169 53.619976, -124.090639 53.620051, -124.090106 53.620114, -124.089562 53.620167, -124.089009 53.62021, -124.088452 53.620251, -124.087896 53.620289, -124.087332 53.62033, -124.086769 53.620375, -124.086205 53.620426, -124.085642 53.620491, -124.085087 53.62057, -124.084536 53.620665, -124.083993 53.620778, -124.083456 53.620911, -124.082933 53.621065, -124.082419 53.621238, -124.081915 53.621426, -124.081419 53.621632, -124.080931 53.621846, -124.080459 53.622067, -124.079995 53.622299, -124.079537 53.622537, -124.079096 53.622785, -124.078676 53.623039, -124.078272 53.623301, -124.077878 53.623567, -124.077503 53.623835, -124.077131 53.6241, -124.076758 53.624361, -124.076373 53.62461, -124.075975 53.624838, -124.075568 53.625051, -124.075146 53.625244, -124.074699 53.625416, -124.074228 53.625564, -124.073738 53.62569, -124.073227 53.62579, -124.072703 53.625866, -124.072161 53.625911, -124.071608 53.625929, -124.071046 53.62592, -124.07048 53.625881, -124.069915 53.625819, -124.069356 53.625737, -124.06881 53.625639, -124.068272 53.625529, -124.067742 53.625413, -124.067246 53.6253, -124.066748 53.625163, -124.065507 53.624338, -124.065038 53.623381, -124.065183 53.623127, -124.065409 53.622889, -124.065691 53.622669, -124.066014 53.622463, -124.066355 53.622264, -124.066709 53.622072, -124.067065 53.621877, -124.067417 53.621682, -124.067762 53.621486, -124.0681 53.621288, -124.068426 53.621087, -124.06874 53.62088, -124.069042 53.620666, -124.069331 53.620446, -124.069596 53.620218, -124.06983 53.61998, -124.070131 53.619757, -124.070296 53.61951, -124.07042 53.619265, -124.070501 53.619029, -124.070537 53.618803, -124.070527 53.618584, -124.069996 53.618148, -124.069442 53.617646, -124.068333 53.617134, -124.067969 53.616999, -124.067561 53.616894, -124.067013 53.616799, -124.066539 53.616752, -124.066052 53.616735, -124.065554 53.616751, -124.065049 53.616796, -124.064537 53.616866, -124.064022 53.616961, -124.063504 53.617074, -124.062991 53.617193, -124.062476 53.617319, -124.061957 53.617446, -124.061435 53.617574, -124.060922 53.617702, -124.060409 53.617832, -124.059893 53.617963, -124.059374 53.618092, -124.05885 53.618218, -124.058328 53.618346, -124.057813 53.618474, -124.057299 53.618606, -124.056788 53.618749, -124.056291 53.618906, -124.055805 53.619074, -124.055339 53.619261, -124.054895 53.619466, -124.054491 53.619688, -124.054109 53.619921, -124.053773 53.620165, -124.053461 53.620419, -124.05316 53.620676, -124.051622 53.620697, -124.050289 53.621074, -124.049234 53.621683, -124.048185 53.622097, -124.047813 53.621985, -124.047474 53.62184, -124.047177 53.62167, -124.046924 53.621477, -124.046711 53.621265, -124.046539 53.621032, -124.046398 53.620797, -124.046271 53.620551, -124.04615 53.620302, -124.04602 53.620049, -124.045871 53.619795, -124.045698 53.619548, -124.045493 53.619311, -124.045252 53.619088, -124.044976 53.618881, -124.04466 53.618698, -124.044301 53.618542, -124.043914 53.618409, -124.043496 53.6183, -124.043051 53.618215, -124.042584 53.618149, -124.042097 53.618104, -124.041593 53.618075, -124.041076 53.618063, -124.040555 53.61806, -124.040023 53.618065, -124.039482 53.618077, -124.038927 53.618093, -124.038365 53.61811, -124.037797 53.618127, -124.037221 53.618138, -124.03664 53.618143, -124.036053 53.618139, -124.035461 53.618119, -124.034874 53.618073, -124.034294 53.618001, -124.033728 53.617908, -124.033175 53.617792, -124.032645 53.617656, -124.03215 53.617495, -124.03169 53.617314, -124.031269 53.617113, -124.030893 53.616891, -124.030553 53.616656, -124.030276 53.616404, -124.030067 53.616139, -124.029903 53.615859, -124.029781 53.615572, -124.029702 53.615277, -124.029663 53.61497, -124.029656 53.614657, -124.029669 53.614334, -124.029691 53.614004, -124.029698 53.613669, -124.029683 53.613335, -124.029648 53.613, -124.029587 53.612666, -124.0295 53.612339, -124.029377 53.61202, -124.029219 53.611706, -124.029024 53.611396, -124.028787 53.611089, -124.028512 53.610792, -124.028206 53.610502, -124.027876 53.61022, -124.027529 53.609945, -124.027167 53.609679, -124.026786 53.609422, -124.026383 53.609172, -124.025965 53.60893, -124.025532 53.608694, -124.025083 53.608466, -124.024623 53.608244, -124.024151 53.608026, -124.02367 53.607815, -124.023184 53.607612, -124.022694 53.607417, -124.022204 53.60723, -124.021717 53.607047, -124.021235 53.606865, -124.020775 53.60668, -124.020328 53.606491, -124.019908 53.606292, -124.019514 53.60608, -124.019156 53.605858, -124.018826 53.605621, -124.018537 53.60537, -124.018281 53.605107, -124.018041 53.604832, -124.017812 53.604553, -124.017589 53.604274, -124.017362 53.604, -124.017122 53.603734, -124.01686 53.603482, -124.016557 53.60325, -124.016221 53.603044, -124.015848 53.602865, -124.015432 53.602725, -124.014981 53.602623, -124.014502 53.602561, -124.014001 53.602538, -124.01349 53.602557, -124.012969 53.602623, -124.012449 53.602731, -124.011938 53.602877, -124.011446 53.603057, -124.01098 53.60327, -124.010554 53.603514, -124.01015 53.603774, -124.009774 53.604047, -124.009425 53.604332, -124.009098 53.60462, -124.008787 53.604915, -124.008492 53.605212, -124.00821 53.60551, -124.007948 53.605806, -124.006908 53.606284, -124.004127 53.605763, -124.002368 53.605639, -124.000574 53.606273, -123.999467 53.606972, -123.997773 53.607089, -123.99374 53.607487, -123.992468 53.60763, -123.991935 53.607421, -123.991401 53.60721, -123.990878 53.606998, -123.990362 53.60679, -123.989854 53.606581, -123.989353 53.606372, -123.98886 53.606165, -123.988369 53.605954, -123.987876 53.605741, -123.98738 53.60553, -123.986869 53.60533, -123.986328 53.605152, -123.985763 53.604994, -123.985001 53.604373, -123.984668 53.603449, -123.984606 53.603095, -123.984609 53.60274, -123.985956 53.601782, -123.987157 53.601327, -123.987432 53.601012, -123.987711 53.600693, -123.9878 53.600105, -123.988065 53.598758, -123.98877 53.597628, -123.989173 53.597352, -123.989615 53.597096, -123.990084 53.596863, -123.990574 53.596643, -123.991091 53.596443, -123.99163 53.596262, -123.992183 53.596089, -123.992752 53.595927, -123.99333 53.595772, -123.993916 53.595626, -123.994506 53.595487, -123.995104 53.595358, -123.995709 53.595233, -123.996316 53.595115, -123.99692 53.595007, -123.99752 53.594909, -123.998117 53.594818, -123.998714 53.594737, -123.99931 53.594661, -123.999904 53.594593, -124.000498 53.594537, -124.001096 53.59449, -124.001695 53.594451, -124.002296 53.594416, -124.002898 53.594384, -124.003503 53.594349, -124.004113 53.594315, -124.004725 53.594282, -124.005338 53.59425, -124.005947 53.594219, -124.006556 53.594188, -124.007162 53.594159, -124.007768 53.594131, -124.008372 53.594099, -124.008973 53.594066, -124.009567 53.594036, -124.010158 53.594007, -124.010744 53.593982, -124.011324 53.593962, -124.011899 53.593942, -124.012468 53.593928, -124.013033 53.593923, -124.013601 53.593924, -124.014169 53.593936, -124.014744 53.593955, -124.015322 53.593977, -124.015901 53.594, -124.016482 53.594021, -124.017063 53.594036, -124.017645 53.594045, -124.018217 53.594042, -124.018785 53.594027, -124.019351 53.594002, -124.019906 53.593958, -124.020458 53.5939, -124.020993 53.593829, -124.021529 53.593745, -124.022061 53.593638, -124.022582 53.593516, -124.023086 53.593371, -124.023567 53.593208, -124.024028 53.593029, -124.024467 53.592834, -124.024885 53.59263, -124.025276 53.59241, -124.025636 53.592178, -124.025973 53.591932, -124.026278 53.591674, -124.026545 53.591402, -124.026782 53.591115, -124.026992 53.59082, -124.027165 53.590516, -124.027301 53.590203, -124.027402 53.589886, -124.027453 53.589566, -124.027447 53.589244, -124.027382 53.58892, -124.027261 53.588599, -124.027092 53.588284, -124.026873 53.587979, -124.026604 53.587689, -124.026301 53.587405, -124.025968 53.587131, -124.025594 53.586868, -124.025184 53.58662, -124.024753 53.586379, -124.024307 53.586149, -124.023849 53.585922, -124.023377 53.585701, -124.022901 53.585485, -124.022422 53.585272, -124.021942 53.585062, -124.021462 53.584855, -124.020977 53.584648, -124.020496 53.584435, -124.020019 53.584222, -124.019549 53.584005, -124.019096 53.583781, -124.018666 53.583548, -124.018254 53.583308, -124.017864 53.583058, -124.017498 53.582796, -124.017155 53.582525, -124.016838 53.582247, -124.016553 53.581962, -124.016299 53.581669, -124.016079 53.581369, -124.015896 53.581063, -124.01575 53.580759, -124.015633 53.580453, -124.015543 53.580153, -124.01548 53.579854, -124.015448 53.579552, -124.015446 53.579247, -124.015469 53.578942, -124.015513 53.578641, -124.01557 53.578343, -124.01564 53.578051, -124.015717 53.577758, -124.015793 53.577469, -124.015865 53.577178, -124.015922 53.576884, -124.015961 53.576587, -124.015972 53.57629, -124.015933 53.575988, -124.015839 53.575689, -124.015695 53.575392, -124.015496 53.5751, -124.015244 53.574819, -124.014946 53.574548, -124.014605 53.574292, -124.014231 53.574045, -124.013832 53.573805, -124.013405 53.573572, -124.012949 53.573351, -124.01247 53.573144, -124.011964 53.572954, -124.011429 53.572779, -124.010867 53.572632, -124.01029 53.572504, -124.009702 53.5724, -124.009109 53.572329, -124.008514 53.572294, -124.007911 53.572298, -124.007324 53.572337, -124.006751 53.572424, -124.0062 53.572555, -124.005691 53.572739, -124.005228 53.57297, -124.004846 53.573253, -124.004544 53.573567, -124.004331 53.573903, -124.004186 53.57425, -124.004089 53.574598, -124.004025 53.574948, -124.00396 53.575298, -124.003862 53.575644, -124.003703 53.575983, -124.003485 53.576308, -124.003184 53.576599, -124.002804 53.576859, -124.002366 53.577079, -124.001873 53.577255, -124.001339 53.577384, -124.000773 53.577469, -124.000192 53.577515, -123.999592 53.57752, -123.99898 53.577493, -123.998362 53.577438, -123.997734 53.577362, -123.99712 53.577259, -123.996516 53.577141, -123.995921 53.577014, -123.995336 53.576879, -123.994755 53.57674, -123.994171 53.576602, -123.993588 53.576463, -123.993008 53.576325, -123.992431 53.576187, -123.991861 53.57605, -123.991286 53.575911, -123.990717 53.575769, -123.990142 53.575626, -123.98956 53.575487, -123.988976 53.575356, -123.988385 53.575231, -123.987786 53.575118, -123.987183 53.575014, -123.986578 53.57492, -123.985965 53.57484, -123.985344 53.574773, -123.98472 53.574717, -123.984086 53.574671, -123.983457 53.574633, -123.982831 53.574606, -123.982201 53.574593, -123.981577 53.574587, -123.980957 53.574587, -123.980336 53.574591, -123.979714 53.574597, -123.979088 53.574603, -123.978466 53.574605, -123.977845 53.574603, -123.977228 53.574597, -123.976618 53.574593, -123.976013 53.574581, -123.974463 53.575633, -123.972722 53.576007, -123.970732 53.576566, -123.969 53.57675, -123.966956 53.575933, -123.966155 53.573856, -123.963568 53.57185, -123.96328 53.571578, -123.963048 53.571285, -123.962884 53.570986, -123.962797 53.570676, -123.961193 53.569217, -123.960303 53.567755, -123.960409 53.566404, -123.961511 53.565765, -123.96549 53.565977, -123.971216 53.566365, -123.975485 53.566306, -123.976078 53.566227, -123.97667 53.566149, -123.977267 53.566072, -123.977864 53.565997, -123.97846 53.565923, -123.979064 53.565848, -123.979674 53.565777, -123.980284 53.565704, -123.980894 53.565636, -123.981502 53.565565, -123.9821 53.565497, -123.982704 53.565427, -123.983305 53.565356, -123.983904 53.565288, -123.98451 53.565219, -123.985123 53.565152, -123.985738 53.565086, -123.986354 53.565021, -123.986963 53.564956, -123.987578 53.564895, -123.98748 53.564923, -123.988798 53.56479, -123.989417 53.564749, -123.997548 53.565432, -123.998157 53.565499, -123.998763 53.565576, -123.99937 53.565657, -123.999979 53.565736, -124.000594 53.565812, -124.001211 53.565888, -124.001822 53.565968, -124.00243 53.566051, -124.003036 53.566137, -124.003641 53.566226, -124.004242 53.566315, -124.004841 53.566401, -124.005445 53.566482, -124.006052 53.566562, -124.006663 53.566638, -124.007277 53.566712, -124.007889 53.566785, -124.008497 53.566854, -124.009104 53.566922, -124.009714 53.566993, -124.010329 53.567059, -124.010949 53.567115, -124.011571 53.567157, -124.01219 53.567191, -124.012806 53.567222, -124.013416 53.567244, -124.014028 53.567262, -124.014646 53.567274, -124.015268 53.56727, -124.015889 53.567244, -124.016503 53.567197, -124.017104 53.567126, -124.017688 53.567036, -124.018258 53.566922, -124.018814 53.566796, -124.019354 53.566646, -124.019877 53.566481, -124.020384 53.566303, -124.020882 53.566113, -124.021367 53.565911, -124.021843 53.565703, -124.022301 53.565488, -124.022743 53.565261, -124.023165 53.565037, -124.023564 53.564804, -124.028536 53.561338, -124.030351 53.560229, -124.033194 53.561083, -124.036635 53.561233, -124.036212 53.564147, -124.0361 53.564447, -124.036011 53.564748, -124.035946 53.565049, -124.035913 53.565347, -124.035908 53.56564, -124.035931 53.56593, -124.037898 53.568595, -124.042714 53.570099, -124.046428 53.570806, -124.046913 53.570881, -124.047404 53.570943, -124.047901 53.570991, -124.048408 53.57102, -124.048917 53.57103, -124.049425 53.571026, -124.049931 53.571011, -124.050436 53.570993, -124.050938 53.570971, -124.051434 53.570949, -124.051934 53.570923, -124.052428 53.570895, -124.052915 53.570868, -124.053395 53.57084, -124.053871 53.570809, -124.05434 53.570773, -124.054804 53.570739, -124.055265 53.570704, -124.055719 53.570668, -124.056169 53.570628, -124.056603 53.570582, -124.057021 53.570522, -124.057428 53.570448, -124.05782 53.570358, -124.058194 53.57025, -124.058555 53.570119, -124.058893 53.569967, -124.059188 53.569795, -124.059447 53.569608, -124.059661 53.569405, -124.05982 53.569187, -124.05992 53.568963, -124.059946 53.568724, -124.059907 53.568486, -124.059796 53.568249, -124.059605 53.568019, -124.059339 53.567802, -124.059003 53.567608, -124.058631 53.567435, -124.058229 53.567288, -124.057824 53.567145, -124.057438 53.566991, -124.057097 53.566819, -124.056818 53.566611, -124.056612 53.566377, -124.056489 53.566125, -124.056451 53.565864, -124.056485 53.565598, -124.056578 53.565333, -124.056704 53.565077, -124.05685 53.564822, -124.056998 53.564566, -124.057134 53.564305, -124.057247 53.56404, -124.05733 53.563768, -124.057381 53.563488, -124.057392 53.563203, -124.05736 53.562919, -124.057284 53.562641, -124.057163 53.562373, -124.056991 53.562114, -124.056768 53.561868, -124.056496 53.561635, -124.056166 53.561421, -124.055785 53.56123, -124.055359 53.561063, -124.054899 53.560912, -124.054424 53.560776, -124.053936 53.560652, -124.053437 53.560536, -124.052929 53.560428, -124.052414 53.560322, -124.051903 53.560217, -124.051393 53.560119, -124.050886 53.560024, -124.05038 53.559934, -124.049876 53.559853, -124.049375 53.559776, -124.048879 53.559708, -124.048386 53.559645, -124.047901 53.559586, -124.047423 53.559523, -124.046956 53.559458, -124.046513 53.55938, -124.046102 53.559281, -124.045734 53.559167, -124.045416 53.55902, -124.045162 53.558848, -124.044983 53.558648, -124.044883 53.558434, -124.044864 53.558209, -124.044917 53.557987, -124.04503 53.557766, -124.045187 53.557553, -124.045383 53.557348, -124.045606 53.557149, -124.04585 53.556959, -124.04611 53.556777, -124.046375 53.5566, -124.050748 53.555564, -124.054219 53.554226))"
36,2023-07-29 10:30:57,2023072401,2023,1487.1,Derived from satellite imagery,1690182000000,1690298776000,Fire of Note,JA70003000,14871058.4389,26807.252,83,3debef95-85ab-49e1-8646-07561eb16acb,42025240.984375,45077.5765387913,https://wildfiresituation.nrs.gov.bc.ca/incidents?fireYear=2023&incidentNumber=G41380,"POLYGON ((-125.138988 53.557998, -125.137674 53.557633, -125.136594 53.557625, -125.135267 53.5579, -125.134189 53.55775, -125.133252 53.556605, -125.133043 53.555109, -125.132092 53.554604, -125.130641 53.555092, -125.129664 53.555867, -125.127728 53.556565, -125.126416 53.556128, -125.125352 53.555338, -125.125731 53.554416, -125.126 53.553066, -125.12566 53.552068, -125.124956 53.55128, -125.12474 53.55014, -125.128014 53.548599, -125.129348 53.547969, -125.13403 53.548003, -125.136311 53.548019, -125.13849 53.547181, -125.139352 53.546121, -125.139508 53.545632, -125.13934 53.54557, -125.13876 53.54525, -125.13832 53.54485, -125.13809 53.54439, -125.13802 53.54388, -125.13803 53.54336, -125.13808 53.54284, -125.13813 53.54231, -125.13817 53.54179, -125.13818 53.54127, -125.13816 53.54074, -125.1381 53.54022, -125.13806 53.53971, -125.13807 53.5392, -125.13821 53.53869, -125.13847 53.53818, -125.13889 53.53772, -125.13953 53.53729, -125.14039 53.53694, -125.14145 53.53673, -125.14259 53.53663, -125.14375 53.53667, -125.14493 53.53689, -125.14611 53.53716, -125.14727 53.53742, -125.14843 53.53763, -125.14961 53.5378, -125.15078 53.53792, -125.15195 53.53803, -125.15311 53.53819, -125.15422 53.53841, -125.15742 53.54024, -125.15849 53.54057, -125.15955 53.54087, -125.16058 53.54117, -125.1616 53.54145, -125.1636 53.54195, -125.16459 53.54217, -125.16557 53.54237, -125.16656 53.5425, -125.16757 53.54257, -125.1686 53.54259, -125.16965 53.54258, -125.17068 53.54256, -125.1717 53.5425, -125.17271 53.54238, -125.17368 53.54217, -125.17461 53.54186, -125.17556 53.54154, -125.17654 53.54125, -125.17757 53.54103, -125.17864 53.54087, -125.17974 53.54077, -125.18086 53.54073, -125.181816 53.540747, -125.182501 53.540379, -125.184373 53.540231, -125.184505 53.540213, -125.186128 53.539982, -125.188006 53.539641, -125.190211 53.539164, -125.193634 53.538343, -125.193791 53.538313, -125.197968 53.537521, -125.198797 53.537314, -125.199463 53.537102, -125.199986 53.536877, -125.200003 53.536867, -125.200374 53.536637, -125.200511 53.536502, -125.200489 53.536354, -125.200315 53.535885, -125.200054 53.535436, -125.199708 53.535009, -125.199324 53.534594, -125.198895 53.534212, -125.198388 53.533864, -125.197771 53.533564, -125.197093 53.533318, -125.196332 53.533139, -125.195523 53.533, -125.194744 53.53288, -125.194006 53.532709, -125.193315 53.532455, -125.192684 53.532141, -125.192101 53.531786, -125.191537 53.531444, -125.190932 53.531149, -125.190285 53.530895, -125.18963 53.530679, -125.188993 53.53048, -125.188348 53.530287, -125.187706 53.530097, -125.18706 53.529923, -125.186436 53.529752, -125.185815 53.52958, -125.185187 53.529406, -125.184567 53.529251, -125.183945 53.529111, -125.183292 53.528995, -125.182616 53.528915, -125.181912 53.528859, -125.181177 53.528831, -125.180411 53.528819, -125.179639 53.528789, -125.178866 53.528735, -125.178106 53.528662, -125.177367 53.528578, -125.176649 53.528475, -125.175961 53.528344, -125.175301 53.528194, -125.174713 53.527997, -125.174248 53.527743, -125.173907 53.52746, -125.173674 53.527147, -125.173585 53.526815, -125.173629 53.526456, -125.173769 53.526074, -125.17394 53.525678, -125.174072 53.525256, -125.174174 53.524805, -125.174221 53.524329, -125.17421 53.523827, -125.174158 53.523328, -125.174163 53.522835, -125.174277 53.522354, -125.174485 53.521889, -125.174789 53.521458, -125.175141 53.521024, -125.175526 53.520588, -125.175926 53.520146, -125.176346 53.519698, -125.176611 53.519437, -125.176671 53.519194, -125.177287 53.518369, -125.178297 53.517842, -125.178817 53.516838, -125.178831 53.516127, -125.179044 53.515417, -125.179559 53.514649, -125.180071 53.51406, -125.181273 53.51395, -125.18316 53.514556, -125.184243 53.515452, -125.184748 53.515891, -125.185079 53.515886, -125.186137 53.515988, -125.187198 53.516171, -125.188267 53.516363, -125.189343 53.516576, -125.190408 53.516796, -125.191475 53.517012, -125.192535 53.517235, -125.193566 53.517446, -125.194602 53.517631, -125.195638 53.517788, -125.196639 53.517905, -125.197608 53.517977, -125.198535 53.517996, -125.199441 53.518002, -125.200332 53.517997, -125.201205 53.517989, -125.202061 53.517957, -125.20291 53.517896, -125.203754 53.517816, -125.204591 53.517712, -125.205447 53.517586, -125.206277 53.517448, -125.207124 53.517306, -125.208003 53.517169, -125.208891 53.517048, -125.209798 53.516946, -125.2107 53.51686, -125.211614 53.516776, -125.212516 53.516673, -125.213427 53.516546, -125.214124 53.516407, -125.215032 53.515718, -125.216837 53.515433, -125.217233 53.515673, -125.218839 53.515328, -125.220146 53.514921, -125.222447 53.514877, -125.225615 53.516558, -125.227491 53.517874, -125.22958 53.518421, -125.231965 53.519266, -125.232055 53.5198, -125.231242 53.520507, -125.230227 53.52133, -125.22941 53.522273, -125.228588 53.523454, -125.227371 53.524394, -125.225692 53.524965, -125.225407 53.525297, -125.224823 53.52578, -125.224201 53.526248, -125.223567 53.526721, -125.222935 53.527214, -125.221662 53.528197, -125.220428 53.529265, -125.218878 53.531063, -125.2177 53.5326, -125.2169 53.534417, -125.216303 53.535902, -125.21612 53.53685, -125.21533 53.53861, -125.21506 53.53984, -125.21497 53.54106, -125.21406 53.54211, -125.213059 53.542811, -125.210835 53.54326, -125.207352 53.543411, -125.205674 53.543142, -125.204898 53.542917, -125.20255 53.54206, -125.20138 53.54205, -125.200177 53.541778, -125.199619 53.541631, -125.199107 53.540957, -125.199167 53.540532, -125.199426 53.540109, -125.198851 53.540037, -125.197593 53.540163, -125.196502 53.54037, -125.195365 53.540721, -125.194332 53.541141, -125.193655 53.541522, -125.193132 53.54195, -125.188501 53.543257, -125.18884 53.54347, -125.18959 53.54387, -125.1903 53.54427, -125.19091 53.54471, -125.19131 53.54522, -125.19148 53.54578, -125.1914 53.54635, -125.19114 53.54691, -125.19088 53.54746, -125.19072 53.54801, -125.1907 53.54859, -125.19077 53.54917, -125.1908 53.54975, -125.19067 53.55032, -125.19041 53.55087, -125.18995 53.55141, -125.18924 53.5519, -125.18831 53.5522, -125.18732 53.55244, -125.18632 53.55265, -125.18534 53.55289, -125.18439 53.55317, -125.1835 53.55349, -125.18261 53.55382, -125.18168 53.55411, -125.18069 53.55432, -125.17967 53.55444, -125.17864 53.55452, -125.178361 53.554539, -125.177358 53.555067, -125.176147 53.555557, -125.174095 53.556111, -125.170837 53.556871, -125.170112 53.55708, -125.168663 53.557497, -125.166732 53.557981, -125.164925 53.558253, -125.163359 53.558455, -125.160111 53.558717, -125.158546 53.55892, -125.155774 53.559398, -125.154084 53.559813, -125.152274 53.560227, -125.149979 53.560851, -125.147919 53.561761, -125.147171 53.563107, -125.144021 53.564436, -125.1422 53.565348, -125.141001 53.565268, -125.139809 53.564833, -125.138495 53.564468, -125.136939 53.564172, -125.136103 53.563952, -125.135513 53.56345, -125.135763 53.562954, -125.136867 53.561824, -125.137841 53.561191, -125.138815 53.560557, -125.139195 53.559635, -125.139564 53.559211, -125.138988 53.557998))"
37,2023-07-29 10:30:57,2023071601,2023,736.6,Non-corrected airborne GPS,1689490800000,1689563559000,Fire of Note,JA70003000,7366013.6158,16825.067,84,5a7afa32-218a-4509-b827-11ddae439b7f,21252660.1015625,28588.4210776302,https://wildfiresituation.nrs.gov.bc.ca/incidents?fireYear=2023&incidentNumber=G41422,"POLYGON ((-124.81067 53.979536, -124.81036 53.979486, -124.809816 53.979491, -124.809473 53.979459, -124.809191 53.979396, -124.808974 53.979269, -124.808874 53.979132, -124.80887 53.978904, -124.809156 53.978326, -124.809164 53.978144, -124.809071 53.977982, -124.80892 53.977849, -124.808713 53.977753, -124.808432 53.977678, -124.808065 53.977649, -124.807477 53.977668, -124.806235 53.977926, -124.805776 53.977978, -124.80507 53.977968, -124.804343 53.977852, -124.803884 53.977814, -124.8036 53.977831, -124.802795 53.977983, -124.802384 53.977979, -124.801958 53.977885, -124.801767 53.977907, -124.801587 53.97812, -124.80137 53.978511, -124.800892 53.978978, -124.800823 53.979353, -124.800868 53.979792, -124.800673 53.980106, -124.80058 53.980159, -124.800392 53.980187, -124.799919 53.980123, -124.799633 53.980161, -124.799158 53.980375, -124.798837 53.980564, -124.798608 53.980763, -124.798469 53.980977, -124.798462 53.981157, -124.798602 53.981358, -124.798811 53.981523, -124.799393 53.98184, -124.79984 53.982284, -124.799987 53.982532, -124.800077 53.982802, -124.800065 53.98293, -124.799985 53.98307, -124.799756 53.983245, -124.799352 53.983367, -124.799 53.983408, -124.797996 53.983441, -124.797328 53.983598, -124.797105 53.983732, -124.796972 53.983882, -124.796884 53.984094, -124.796827 53.984432, -124.796675 53.984759, -124.796469 53.984855, -124.795987 53.984847, -124.795814 53.984799, -124.795652 53.984697, -124.794812 53.983908, -124.794312 53.983499, -124.793978 53.983331, -124.793521 53.983198, -124.79309 53.983133, -124.792694 53.983151, -124.791937 53.983278, -124.791018 53.983495, -124.790327 53.983594, -124.789759 53.983601, -124.789175 53.98354, -124.788597 53.983399, -124.787795 53.983077, -124.787086 53.982715, -124.786291 53.982203, -124.785874 53.981976, -124.785347 53.981728, -124.784905 53.981586, -124.783753 53.981414, -124.782417 53.981304, -124.780293 53.981027, -124.777766 53.980768, -124.777192 53.980646, -124.776817 53.980501, -124.776531 53.980322, -124.77629 53.980087, -124.776128 53.979782, -124.775969 53.979598, -124.77576 53.979427, -124.775533 53.979347, -124.775181 53.979302, -124.774732 53.979331, -124.773867 53.979528, -124.773116 53.979611, -124.771921 53.979638, -124.771644 53.97961, -124.771548 53.979549, -124.771502 53.979439, -124.771339 53.977507, -124.771097 53.976404, -124.771001 53.976172, -124.770833 53.975936, -124.770633 53.975741, -124.770426 53.975616, -124.769583 53.975298, -124.768636 53.974819, -124.767841 53.974486, -124.766751 53.974098, -124.765974 53.973903, -124.764896 53.973741, -124.763018 53.973562, -124.760094 53.973421, -124.758455 53.973294, -124.757801 53.973212, -124.757198 53.973084, -124.756511 53.97285, -124.75596 53.972506, -124.755776 53.972265, -124.755784 53.97196, -124.755931 53.971731, -124.756222 53.971473, -124.75647 53.971313, -124.756871 53.97113, -124.757396 53.970938, -124.75798 53.970775, -124.758525 53.970666, -124.75905 53.970605, -124.759975 53.970588, -124.7605 53.970675, -124.761015 53.970839, -124.761989 53.971328, -124.762458 53.971514, -124.762692 53.971574, -124.763023 53.971595, -124.763366 53.971569, -124.763669 53.971493, -124.764016 53.971356, -124.764505 53.971072, -124.764875 53.970751, -124.765399 53.970138, -124.765709 53.969634, -124.765796 53.969341, -124.765858 53.968818, -124.765732 53.967663, -124.765742 53.967234, -124.765935 53.966648, -124.766192 53.966344, -124.766517 53.966153, -124.766881 53.966059, -124.767382 53.966007, -124.768019 53.96601, -124.768736 53.965974, -124.76921 53.965902, -124.769663 53.965789, -124.770002 53.965662, -124.770507 53.965414, -124.771677 53.96472, -124.772309 53.964453, -124.772852 53.964293, -124.773493 53.964182, -124.775108 53.963984, -124.776983 53.963417, -124.777475 53.963308, -124.77788 53.963265, -124.778523 53.963301, -124.779187 53.963439, -124.779862 53.963668, -124.781157 53.964205, -124.782328 53.964594, -124.782903 53.9647, -124.783612 53.964749, -124.78407 53.964745, -124.784584 53.964654, -124.785003 53.964532, -124.785933 53.964167, -124.786378 53.964028, -124.787442 53.963792, -124.788556 53.963622, -124.789943 53.963495, -124.791166 53.963461, -124.791731 53.963493, -124.792744 53.963641, -124.793302 53.963762, -124.794074 53.964012, -124.795606 53.964668, -124.796363 53.964906, -124.797005 53.965037, -124.797801 53.965156, -124.800375 53.965458, -124.801038 53.965576, -124.80167 53.965736, -124.802463 53.965987, -124.802956 53.966195, -124.803446 53.966487, -124.803856 53.966842, -124.804047 53.967117, -124.80409 53.967441, -124.804042 53.967608, -124.803826 53.967871, -124.803366 53.968265, -124.80243 53.968812, -124.801527 53.969413, -124.801005 53.969834, -124.800762 53.970165, -124.800618 53.970591, -124.80065 53.970976, -124.800901 53.971351, -124.801314 53.971651, -124.802044 53.971923, -124.80284 53.972099, -124.804539 53.972261, -124.806317 53.972379, -124.808267 53.972437, -124.811936 53.972302, -124.813538 53.972344, -124.814678 53.972417, -124.815682 53.972546, -124.816731 53.972747, -124.817527 53.972954, -124.818337 53.973232, -124.819093 53.973566, -124.819995 53.974062, -124.821072 53.974773, -124.821986 53.975433, -124.823487 53.976657, -124.824967 53.97809, -124.82595 53.97897, -124.827085 53.979873, -124.827785 53.980367, -124.828605 53.980814, -124.829881 53.981411, -124.832181 53.982313, -124.833602 53.982791, -124.834389 53.983197, -124.834661 53.983451, -124.834807 53.983721, -124.834855 53.984177, -124.834773 53.984602, -124.834517 53.984831, -124.834106 53.985081, -124.832968 53.985633, -124.832463 53.985834, -124.831653 53.986085, -124.829641 53.98681, -124.829034 53.987093, -124.828618 53.987402, -124.828502 53.987576, -124.828567 53.987839, -124.82883 53.988196, -124.828975 53.988502, -124.828935 53.988757, -124.82876 53.988967, -124.828371 53.989181, -124.827515 53.98942, -124.827203 53.989599, -124.826618 53.990027, -124.826005 53.990375, -124.824549 53.990946, -124.823985 53.99122, -124.823671 53.99141, -124.823201 53.991826, -124.822837 53.992043, -124.822186 53.992303, -124.821658 53.992455, -124.820302 53.992741, -124.81905 53.992954, -124.818521 53.993089, -124.817775 53.993407, -124.817173 53.993859, -124.816523 53.994116, -124.816197 53.994181, -124.815825 53.99421, -124.815478 53.994201, -124.815149 53.99415, -124.814159 53.99387, -124.812968 53.993378, -124.811931 53.992812, -124.811194 53.992245, -124.810727 53.99166, -124.810508 53.991146, -124.810452 53.99055, -124.810495 53.990283, -124.810659 53.989813, -124.810657 53.989651, -124.810597 53.989514, -124.810196 53.98911, -124.809238 53.988565, -124.808697 53.988131, -124.807805 53.987192, -124.807559 53.986751, -124.807407 53.985657, -124.807046 53.984689, -124.806973 53.984366, -124.807033 53.983961, -124.807178 53.983728, -124.807332 53.983578, -124.807846 53.983313, -124.808428 53.983125, -124.808921 53.98304, -124.810337 53.982935, -124.810957 53.982842, -124.811362 53.982725, -124.812417 53.982323, -124.81314 53.982168, -124.813793 53.982124, -124.814108 53.982019, -124.814244 53.9819, -124.814223 53.981651, -124.813932 53.981342, -124.812295 53.980194, -124.8114 53.979691, -124.811152 53.979616, -124.81067 53.979536))"
38,2023-07-29 10:30:57,2023072301,2023,66.5,Non-corrected airborne GPS,1690095600000,1690171319000,Out of Control,JA70003000,665400.519,3791.8585,85,a9bdf959-77cb-4652-8de5-1fe1ac63abd2,1889656.609375,6390.0712837104,https://wildfiresituation.nrs.gov.bc.ca/incidents?fireYear=2023&incidentNumber=G41445,"POLYGON ((-124.613384 53.645429, -124.612872 53.645556, -124.612409 53.645732, -124.612002 53.645897, -124.611631 53.646042, -124.61127 53.646152, -124.610915 53.646211, -124.610561 53.646208, -124.610209 53.646156, -124.609896 53.646052, -124.609617 53.645909, -124.609362 53.645765, -124.609107 53.645629, -124.608844 53.645517, -124.608439 53.645396, -124.608005 53.64542, -124.607708 53.645511, -124.607421 53.645651, -124.60715 53.645818, -124.606879 53.645992, -124.606607 53.646157, -124.606333 53.646326, -124.606063 53.646499, -124.605783 53.646672, -124.605495 53.646838, -124.605193 53.646994, -124.604904 53.647137, -124.604659 53.647281, -124.604461 53.647431, -124.604113 53.647592, -124.60369 53.647654, -124.603275 53.647569, -124.603051 53.647395, -124.60314 53.647192, -124.603456 53.647019, -124.603713 53.646914, -124.603965 53.646807, -124.604206 53.646608, -124.604262 53.646401, -124.604066 53.646234, -124.603746 53.646101, -124.60348 53.645912, -124.603322 53.645665, -124.603232 53.645428, -124.603149 53.645219, -124.603051 53.64501, -124.603065 53.644774, -124.60325 53.644571, -124.603568 53.644407, -124.603883 53.644272, -124.604094 53.644101, -124.603948 53.643939, -124.603663 53.643839, -124.603423 53.643666, -124.603319 53.643419, -124.603386 53.643184, -124.603598 53.64296, -124.603826 53.642747, -124.603972 53.642502, -124.604027 53.642268, -124.603919 53.642064, -124.603841 53.641877, -124.603995 53.641718, -124.604362 53.641575, -124.604682 53.641507, -124.604998 53.641435, -124.605287 53.641343, -124.605535 53.641231, -124.605807 53.641036, -124.60596 53.640814, -124.605981 53.640585, -124.605901 53.640337, -124.605846 53.640152, -124.605849 53.639956, -124.605913 53.639775, -124.606043 53.63961, -124.606153 53.639426, -124.606211 53.639241, -124.606233 53.638999, -124.606458 53.638812, -124.606755 53.638727, -124.60711 53.638708, -124.607484 53.638723, -124.607845 53.638747, -124.608193 53.638743, -124.608518 53.638711, -124.608835 53.638667, -124.609142 53.638603, -124.609444 53.638521, -124.609728 53.638438, -124.610035 53.638366, -124.610201 53.638339, -124.610359 53.638329, -124.610511 53.63833, -124.610658 53.638349, -124.610802 53.638379, -124.610926 53.638426, -124.611048 53.638485, -124.611153 53.638559, -124.611237 53.638653, -124.611312 53.638756, -124.61137 53.638869, -124.611423 53.638981, -124.611503 53.639088, -124.611619 53.639178, -124.611767 53.639264, -124.611933 53.639336, -124.612104 53.639398, -124.61228 53.639456, -124.612453 53.639512, -124.612622 53.639562, -124.612796 53.639604, -124.612971 53.639644, -124.613134 53.639677, -124.613292 53.63971, -124.613445 53.639741, -124.613596 53.639766, -124.613737 53.639792, -124.613873 53.639809, -124.614006 53.639827, -124.614139 53.639848, -124.614267 53.63988, -124.614381 53.639932, -124.614474 53.639997, -124.614545 53.640081, -124.61461 53.640171, -124.614646 53.640268, -124.614654 53.640364, -124.614644 53.640462, -124.614618 53.640564, -124.61461 53.640661, -124.61461 53.640754, -124.614641 53.640842, -124.614695 53.640925, -124.614767 53.640998, -124.614864 53.641059, -124.614984 53.641118, -124.615121 53.641171, -124.615265 53.641219, -124.615407 53.641273, -124.615547 53.641333, -124.615683 53.641398, -124.61582 53.64147, -124.615934 53.641556, -124.616051 53.641639, -124.616167 53.64172, -124.616278 53.641794, -124.616405 53.641861, -124.616543 53.641917, -124.616695 53.641967, -124.616852 53.642009, -124.617015 53.642042, -124.617182 53.642076, -124.617351 53.642104, -124.617519 53.642128, -124.617686 53.642154, -124.61786 53.642182, -124.618028 53.64222, -124.618185 53.642273, -124.618332 53.642348, -124.618467 53.642435, -124.618581 53.642542, -124.618682 53.642668, -124.618759 53.642804, -124.618819 53.642947, -124.618865 53.643099, -124.618899 53.643262, -124.618918 53.643431, -124.618932 53.643605, -124.618947 53.643778, -124.618968 53.643953, -124.61898 53.644129, -124.618987 53.644302, -124.618974 53.644476, -124.61895 53.644645, -124.618918 53.644807, -124.618866 53.644961, -124.618795 53.645106, -124.618706 53.645253, -124.618596 53.645386, -124.618452 53.645516, -124.618277 53.645635, -124.618071 53.64574, -124.61784 53.645841, -124.617574 53.645936, -124.617265 53.646013, -124.616934 53.646085, -124.616576 53.646144, -124.6162 53.646184, -124.615818 53.646214, -124.615396 53.646237, -124.614892 53.646205, -124.614613 53.64613, -124.614298 53.645961, -124.614146 53.645698, -124.61407 53.645579, -124.613754 53.645433, -124.613384 53.645429))"
39,2023-07-29 10:30:57,2023072201,2023,195.8,Non-corrected airborne GPS,1690009200000,1690065409000,Out of Control,JA70003000,1958449.505,7226.6367,86,281ad846-4620-4ac9-88d1-0e5165597fb5,5567401.3046875,12183.1403368361,https://wildfiresituation.nrs.gov.bc.ca/incidents?fireYear=2023&incidentNumber=G41466,"POLYGON ((-123.77721 53.66506, -123.776798 53.665042, -123.776382 53.665053, -123.775959 53.665099, -123.775536 53.665171, -123.775122 53.665264, -123.774713 53.665366, -123.774315 53.665474, -123.773925 53.665587, -123.773544 53.665707, -123.773174 53.665833, -123.772819 53.665969, -123.772482 53.666114, -123.772165 53.666272, -123.771871 53.66645, -123.771613 53.666646, -123.771386 53.66686, -123.7712 53.667093, -123.771058 53.667337, -123.770956 53.667601, -123.770893 53.667877, -123.770866 53.668162, -123.770854 53.668448, -123.770837 53.668736, -123.77079 53.669016, -123.770697 53.669285, -123.77055 53.669539, -123.770357 53.669771, -123.770115 53.669978, -123.769838 53.670149, -123.769543 53.670291, -123.769234 53.670403, -123.768924 53.670484, -123.768613 53.670538, -123.768308 53.670564, -123.768014 53.670555, -123.767738 53.670512, -123.767487 53.670435, -123.767279 53.670321, -123.767114 53.670181, -123.767002 53.670025, -123.766942 53.669847, -123.76692 53.669655, -123.76694 53.669453, -123.766981 53.669242, -123.76702 53.669028, -123.767033 53.66881, -123.767002 53.668588, -123.766924 53.668367, -123.766789 53.668147, -123.76658 53.667938, -123.766303 53.667739, -123.765966 53.667563, -123.765569 53.667404, -123.765139 53.667255, -123.764685 53.667111, -123.764228 53.666962, -123.763773 53.666806, -123.763327 53.666638, -123.762885 53.666464, -123.762448 53.666283, -123.762014 53.666096, -123.761582 53.665907, -123.761156 53.665715, -123.760736 53.665517, -123.760324 53.665318, -123.759918 53.665114, -123.759711 53.664739, -123.759921 53.66442, -123.760418 53.664126, -123.760811 53.663981, -123.761253 53.663711, -123.761531 53.663504, -123.761823 53.663302, -123.762125 53.663107, -123.762435 53.66292, -123.76276 53.662747, -123.763096 53.662589, -123.763447 53.662446, -123.763803 53.662312, -123.764174 53.662193, -123.764553 53.662093, -123.764936 53.662008, -123.765318 53.661935, -123.765698 53.661873, -123.766074 53.661818, -123.766446 53.661766, -123.76681 53.66172, -123.767173 53.661672, -123.767532 53.661625, -123.767887 53.661578, -123.768237 53.661531, -123.76859 53.661482, -123.768936 53.661437, -123.769272 53.661389, -123.76959 53.661346, -123.769909 53.661302, -123.770228 53.661248, -123.770547 53.661186, -123.770861 53.661109, -123.771167 53.66102, -123.771465 53.66092, -123.771761 53.660805, -123.772048 53.660675, -123.772325 53.660534, -123.772595 53.660387, -123.772856 53.660235, -123.773116 53.660076, -123.77337 53.659919, -123.773628 53.659761, -123.773885 53.659606, -123.77415 53.659462, -123.774425 53.659323, -123.774712 53.659195, -123.775001 53.659077, -123.775299 53.658965, -123.775599 53.658854, -123.775896 53.658737, -123.776187 53.658614, -123.776463 53.658482, -123.77672 53.658337, -123.776963 53.658184, -123.777183 53.658022, -123.777375 53.657856, -123.777541 53.657688, -123.777699 53.65752, -123.77787 53.657367, -123.778277 53.657126, -123.778807 53.657003, -123.779118 53.656998, -123.779441 53.657027, -123.77977 53.657085, -123.780104 53.657163, -123.780445 53.657253, -123.780792 53.657348, -123.781147 53.65744, -123.781509 53.657533, -123.781873 53.657628, -123.782075 53.657685, -123.782204 53.657681, -123.782691 53.65784, -123.782773 53.657905, -123.78292 53.657957, -123.78324 53.658084, -123.78355 53.658217, -123.783848 53.658351, -123.784143 53.658484, -123.784444 53.658611, -123.784754 53.658717, -123.785088 53.658812, -123.785433 53.658886, -123.785782 53.658944, -123.786144 53.658982, -123.786511 53.659005, -123.786885 53.659017, -123.787256 53.659021, -123.78763 53.659016, -123.788004 53.659004, -123.788381 53.659002, -123.788747 53.659032, -123.789094 53.6591, -123.789414 53.659212, -123.789708 53.659365, -123.789956 53.659553, -123.790171 53.659771, -123.79035 53.660011, -123.790502 53.660266, -123.790643 53.660528, -123.790774 53.660793, -123.790909 53.661059, -123.79104 53.661324, -123.791169 53.661593, -123.791296 53.66186, -123.791414 53.662123, -123.791527 53.662386, -123.791631 53.66265, -123.791728 53.662915, -123.791821 53.66318, -123.791913 53.663447, -123.791999 53.663714, -123.79207 53.663984, -123.792129 53.66425, -123.792164 53.664512, -123.792173 53.664774, -123.792148 53.66504, -123.792087 53.665301, -123.791989 53.665557, -123.791862 53.665808, -123.791716 53.666057, -123.791551 53.666303, -123.791373 53.666548, -123.79119 53.66679, -123.791003 53.667034, -123.790821 53.667277, -123.790646 53.667521, -123.790474 53.667771, -123.790312 53.668018, -123.790157 53.668265, -123.790004 53.668511, -123.789857 53.668756, -123.789715 53.668997, -123.789579 53.669238, -123.789447 53.669475, -123.789323 53.669707, -123.789208 53.669934, -123.78911 53.670157, -123.789033 53.670387, -123.788969 53.670612, -123.78891 53.670835, -123.78885 53.671057, -123.788783 53.671275, -123.788694 53.671487, -123.788573 53.671695, -123.788431 53.671896, -123.788245 53.672089, -123.78803 53.672269, -123.78778 53.67243, -123.787506 53.672584, -123.787206 53.672722, -123.786893 53.672848, -123.786564 53.672963, -123.786221 53.673069, -123.785869 53.673168, -123.785515 53.673254, -123.785146 53.673329, -123.78477 53.673388, -123.784394 53.673422, -123.784006 53.67342, -123.783629 53.673379, -123.783271 53.6733, -123.78294 53.67318, -123.782649 53.673026, -123.782397 53.672846, -123.782189 53.672642, -123.782033 53.672411, -123.781918 53.672164, -123.781825 53.671905, -123.781747 53.671637, -123.781679 53.671356, -123.78162 53.671073, -123.781571 53.67079, -123.781534 53.670501, -123.781497 53.67021, -123.781461 53.66992, -123.78143 53.669632, -123.781404 53.66935, -123.781384 53.669069, -123.781368 53.668794, -123.78135 53.668519, -123.781331 53.668249, -123.781303 53.667979, -123.781265 53.667717, -123.781211 53.667463, -123.781138 53.667215, -123.781038 53.666976, -123.780903 53.66674, -123.780736 53.666517, -123.780536 53.666307, -123.780307 53.666111, -123.780047 53.665931, -123.779763 53.665762, -123.779454 53.665609, -123.779123 53.665474, -123.77886 53.665385, -123.778621 53.665346, -123.778626 53.665314, -123.778397 53.66525, -123.778012 53.665166, -123.77762 53.665102, -123.77721 53.66506))"
40,2023-07-29 10:30:57,2023071701,2023,4808.5,Non-corrected airborne GPS,1689577200000,1689658760000,Fire of Note,JA70003000,48084722.4491,49147.8647,87,d7a92854-2612-4916-a4f3-a6cdb1310c35,133747932.195313,81989.0063372289,https://wildfiresituation.nrs.gov.bc.ca/incidents?fireYear=2023&incidentNumber=G41493,"POLYGON ((-124.959417 53.192663, -124.96007 53.19315, -124.960623 53.193391, -124.96138 53.19372, -124.962418 53.193947, -124.963163 53.194106, -124.96479 53.19442, -124.96641 53.19482, -124.96794 53.19528, -124.96933 53.19583, -124.97051 53.19646, -124.97151 53.19716, -124.97222 53.19794, -124.97255 53.19877, -124.97246 53.19957, -124.972 53.20028, -124.97113 53.20088, -124.96995 53.2013, -124.96863 53.20154, -124.96732 53.2017, -124.96596 53.20181, -124.96442 53.20203, -124.9636 53.20223, -124.96288 53.20256, -124.96208 53.20319, -124.96157 53.20363, -124.95987 53.20489, -124.95908 53.20553, -124.95828 53.20613, -124.95738 53.20667, -124.95642 53.2071, -124.95548 53.20749, -124.95418 53.20808, -124.95385 53.20823, -124.95301 53.20851, -124.95212 53.20866, -124.95118 53.20874, -124.95018 53.20869, -124.94912 53.20846, -124.9481 53.20808, -124.94714 53.20769, -124.94614 53.2074, -124.945612 53.207327, -124.94319 53.20735, -124.94108 53.20852, -124.94054 53.20985, -124.94076 53.21056, -124.94176 53.21199, -124.942998 53.21291, -124.944853 53.213783, -124.94581 53.21411, -124.94678 53.21467, -124.94705 53.2154, -124.9466 53.21611, -124.94575 53.21664, -124.9446 53.21694, -124.943913 53.217011, -124.94334 53.21707, -124.94208 53.21708, -124.9409 53.21713, -124.93986 53.2174, -124.93917 53.218, -124.93904 53.21879, -124.93954 53.21964, -124.94051 53.22043, -124.94189 53.22108, -124.94363 53.22147, -124.944333 53.221513, -124.94561 53.22159, -124.9517 53.22141, -124.95365 53.22124, -124.95551 53.22093, -124.95723 53.22047, -124.95885 53.21998, -124.96042 53.21955, -124.96199 53.21921, -124.96352 53.21895, -124.96502 53.21887, -124.96645 53.21905, -124.96755 53.21949, -124.96815 53.22012, -124.96783 53.22082, -124.96666 53.22129, -124.96527 53.22165, -124.96396 53.22208, -124.96276 53.22258, -124.96167 53.22314, -124.96064 53.22375, -124.95975 53.2244, -124.95906 53.22514, -124.95868 53.22589, -124.9585 53.22661, -124.95853 53.22732, -124.95869 53.22801, -124.95852 53.22862, -124.95781 53.22916, -124.95652 53.22935, -124.95489 53.22915, -124.95368 53.22928, -124.95298 53.22973, -124.95276 53.23041, -124.95276 53.23118, -124.9524 53.23193, -124.95145 53.23252, -124.95019 53.2329, -124.949853 53.232944, -124.9488 53.23308, -124.94744 53.2332, -124.94619 53.23341, -124.94512 53.23377, -124.9441 53.23415, -124.94311 53.2345, -124.94246 53.23472, -124.94211 53.23484, -124.93893 53.23583, -124.93801 53.23623, -124.93729 53.23669, -124.93669 53.23719, -124.93614 53.2377, -124.93549 53.23818, -124.934652 53.23858, -124.93463 53.23859, -124.9336 53.2389, -124.93244 53.23916, -124.93007 53.23974, -124.92895 53.24011, -124.92798 53.2406, -124.92719 53.24108, -124.92655 53.24161, -124.92588 53.24215, -124.92485 53.24245, -124.92368 53.24258, -124.92243 53.24256, -124.92113 53.2423, -124.920084 53.241993, -124.91987 53.24193, -124.91864 53.24151, -124.9174 53.24105, -124.91618 53.24044, -124.91514 53.2396, -124.91424 53.23866, -124.91345 53.23768, -124.91298 53.236999, -124.91276 53.23668, -124.91241 53.2356, -124.9123 53.23452, -124.91214 53.2335, -124.91178 53.23256, -124.91112 53.23173, -124.9105 53.23088, -124.910326 53.23056, -124.910084 53.230365, -124.909347 53.229862, -124.908626 53.229463, -124.907963 53.229179, -124.907298 53.228975, -124.90654 53.228829, -124.905615 53.22872, -124.904673 53.228674, -124.904624 53.228678, -124.90366 53.22894, -124.90247 53.22921, -124.90127 53.22947, -124.90003 53.22971, -124.89876 53.22996, -124.89748 53.2302, -124.89615 53.23041, -124.89477 53.23057, -124.8934 53.23064, -124.89202 53.23063, -124.89065 53.23058, -124.88931 53.23049, -124.88799 53.2304, -124.8867 53.2303, -124.88539 53.23031, -124.884294 53.230432, -124.88413 53.23045, -124.883936 53.230482, -124.88291 53.23065, -124.88172 53.23088, -124.88058 53.23119, -124.87948 53.23146, -124.87831 53.23159, -124.87715 53.23157, -124.87603 53.2317, -124.87507 53.23214, -124.87419 53.2327, -124.87337 53.2333, -124.87248 53.23387, -124.87148 53.23435, -124.87042 53.23472, -124.86924 53.23492, -124.86803 53.23496, -124.8668 53.23483, -124.8656 53.23459, -124.86439 53.23434, -124.86321 53.23397, -124.86214 53.2334, -124.86116 53.23275, -124.86027 53.23209, -124.85982 53.2312, -124.859858 53.230961, -124.85998 53.2302, -124.86086 53.22925, -124.8621 53.22843, -124.86325 53.22757, -124.86408 53.22663, -124.86441 53.22562, -124.86441 53.22461, -124.86424 53.22357, -124.86411 53.22253, -124.86405 53.22148, -124.86434 53.22039, -124.86502 53.21927, -124.86621 53.21825, -124.86771 53.21736, -124.86946 53.21657, -124.87127 53.21584, -124.87313 53.21518, -124.87477 53.21446, -124.87597 53.21366, -124.87652 53.21267, -124.87636 53.21174, -124.87567 53.21091, -124.87473 53.2103, -124.8735 53.20992, -124.87219 53.20972, -124.87081 53.2096, -124.86946 53.20946, -124.86816 53.20924, -124.8669 53.20899, -124.86563 53.2088, -124.86434 53.2087, -124.86307 53.20873, -124.86181 53.20886, -124.86051 53.20887, -124.85919 53.20878, -124.85785 53.20864, -124.85649 53.20843, -124.85511 53.20814, -124.85377 53.20783, -124.852607 53.207505, -124.85139 53.20694, -124.84994 53.20654, -124.845396 53.205038, -124.8445 53.20465, -124.84341 53.20396, -124.84244 53.20321, -124.84155 53.20244, -124.84078 53.20162, -124.84023 53.2007, -124.84014 53.19968, -124.84055 53.19868, -124.84134 53.19778, -124.84258 53.19705, -124.84425 53.19662, -124.84617 53.19655, -124.84811 53.19679, -124.84998 53.19719, -124.85179 53.1976, -124.85357 53.19799, -124.85535 53.19839, -124.85714 53.19884, -124.858071 53.199084, -124.8592 53.19938, -124.86078 53.19979, -124.86258 53.20026, -124.86432 53.20073, -124.86596 53.20117, -124.86775 53.20126, -124.86934 53.20079, -124.87023 53.19992, -124.87037 53.19895, -124.86986 53.19806, -124.86894 53.19734, -124.86785 53.19678, -124.86659 53.19636, -124.86526 53.19606, -124.86407 53.19556, -124.86322 53.19477, -124.86252 53.1939, -124.862178 53.193615, -124.86162 53.19315, -124.86052 53.19253, -124.85932 53.19199, -124.85817 53.19136, -124.8572 53.19056, -124.85645 53.18961, -124.85596 53.18863, -124.855563 53.187803, -124.85548 53.18763, -124.85482 53.18671, -124.85393 53.18592, -124.85297 53.18521, -124.85215 53.1844, -124.85151 53.18353, -124.85104 53.18256, -124.85068 53.18156, -124.85044 53.18053, -124.85036 53.17947, -124.85036 53.17841, -124.85037 53.17735, -124.85042 53.17633, -124.85101 53.17532, -124.85232 53.17449, -124.85406 53.17393, -124.85608 53.17372, -124.85818 53.17385, -124.86024 53.17423, -124.86223 53.17464, -124.86432 53.17486, -124.86644 53.17466, -124.86834 53.17407, -124.8697 53.17315, -124.87034 53.17201, -124.87011 53.17089, -124.8692 53.16996, -124.868 53.1693, -124.86671 53.16884, -124.86541 53.16854, -124.86414 53.16833, -124.86304 53.16785, -124.86241 53.16698, -124.86221 53.16599, -124.86159 53.16527, -124.8605 53.16498, -124.85927 53.16501, -124.85802 53.16507, -124.85677 53.1651, -124.85553 53.16512, -124.85434 53.16517, -124.85319 53.1653, -124.85205 53.1655, -124.85091 53.16566, -124.84977 53.16575, -124.84868 53.16579, -124.84755 53.16572, -124.84646 53.16533, -124.84559 53.16465, -124.84499 53.16383, -124.84462 53.16293, -124.84426 53.16202, -124.84397 53.16108, -124.84389 53.16007, -124.843945 53.159772, -124.84408 53.15904, -124.84433 53.15802, -124.8447 53.15704, -124.84547 53.1561, -124.8468 53.15532, -124.84872 53.15489, -124.85086 53.15477, -124.85299 53.15462, -124.85507 53.15429, -124.85708 53.15397, -124.85907 53.15372, -124.86104 53.15356, -124.86295 53.15367, -124.86465 53.15403, -124.86583 53.15458, -124.86637 53.15529, -124.86625 53.15595, -124.86549 53.15645, -124.86443 53.15676, -124.86334 53.15707, -124.86225 53.15749, -124.86121 53.15799, -124.8605 53.15872, -124.86054 53.15968, -124.861008 53.160113, -124.86148 53.16055, -124.86299 53.16116, -124.86412 53.16146, -124.86531 53.16161, -124.86651 53.16164, -124.86828 53.16145, -124.87103 53.16088, -124.87212 53.16076, -124.87377 53.16076, -124.87541 53.16097, -124.87698 53.16132, -124.87853 53.16168, -124.88008 53.16201, -124.88162 53.16229, -124.88319 53.16258, -124.88482 53.1628, -124.88652 53.16288, -124.88829 53.1628, -124.89002 53.16267, -124.890271 53.162663, -124.89171 53.16262, -124.89337 53.16267, -124.89497 53.1628, -124.89647 53.16309, -124.89782 53.16355, -124.89898 53.16411, -124.90012 53.16461, -124.90133 53.16501, -124.90263 53.16531, -124.90391 53.16571, -124.90499 53.16634, -124.90591 53.1671, -124.90685 53.16782, -124.90798 53.16849, -124.90941 53.16895, -124.91108 53.16914, -124.91286 53.169, -124.91303 53.16895, -124.91446 53.16853, -124.91594 53.16811, -124.91731 53.16803, -124.91853 53.16839, -124.91949 53.16898, -124.92029 53.1696, -124.92082 53.17022, -124.92109 53.1709, -124.92087 53.17158, -124.92033 53.17221, -124.91963 53.1728, -124.91891 53.17338, -124.9183 53.17398, -124.917997 53.174495, -124.91793 53.17461, -124.91763 53.17525, -124.91718 53.17587, -124.91666 53.17648, -124.91625 53.17694, -124.91614 53.17707, -124.91575 53.17779, -124.91597 53.17779, -124.91702 53.1778, -124.91841 53.17782, -124.91982 53.17776, -124.92127 53.17765, -124.92322 53.17744, -124.9241 53.17734, -124.92546 53.1772, -124.92593 53.177179, -124.92681 53.17714, -124.92816 53.17716, -124.92951 53.17722, -124.9309 53.1773, -124.93235 53.17739, -124.93389 53.17752, -124.93548 53.1777, -124.93711 53.17781, -124.93878 53.17782, -124.94044 53.17779, -124.94378 53.17768, -124.94723 53.17747, -124.95028 53.17716, -124.95064 53.17712, -124.95228 53.17694, -124.95388 53.17679, -124.95547 53.17671, -124.95701 53.17667, -124.95849 53.17666, -124.95993 53.17671, -124.9613 53.17686, -124.96257 53.17714, -124.96373 53.17753, -124.96473 53.178, -124.96553 53.17859, -124.96584 53.17933, -124.96541 53.18008, -124.96435 53.18063, -124.96298 53.18098, -124.96158 53.18122, -124.96019 53.18141, -124.9588 53.18156, -124.9574 53.18179, -124.95468 53.18231, -124.9535 53.18262, -124.95255 53.18306, -124.95209 53.18364, -124.95222 53.18434, -124.95293 53.18501, -124.95384 53.18562, -124.95466 53.18624, -124.95536 53.18687, -124.95587 53.18755, -124.95624 53.18826, -124.95684 53.18967, -124.95719 53.19038, -124.957925 53.191632, -124.958045 53.19179, -124.957937 53.191945, -124.957771 53.192045, -124.957304 53.192071, -124.956963 53.192166, -124.956724 53.192149, -124.956598 53.19218, -124.956499 53.192242, -124.956399 53.19244, -124.956028 53.192606, -124.955855 53.192613, -124.955609 53.19255, -124.955302 53.192397, -124.955113 53.192251, -124.954894 53.192222, -124.954823 53.192263, -124.954743 53.192465, -124.954537 53.192622, -124.953338 53.193101, -124.952964 53.193167, -124.952669 53.193027, -124.952448 53.192996, -124.952313 53.193019, -124.952232 53.193131, -124.95241 53.193237, -124.952444 53.193348, -124.952288 53.193604, -124.95234 53.193705, -124.952523 53.193782, -124.952487 53.193948, -124.952159 53.194478, -124.951968 53.194673, -124.951745 53.19474, -124.951376 53.194668, -124.951181 53.194832, -124.950928 53.194965, -124.950888 53.19507, -124.950911 53.195211, -124.951121 53.195444, -124.951047 53.195664, -124.95087 53.195746, -124.950728 53.195675, -124.950463 53.195681, -124.950165 53.195787, -124.949938 53.195909, -124.949331 53.196338, -124.948707 53.196624, -124.948388 53.197004, -124.948 53.197101, -124.94788 53.197165, -124.947555 53.197439, -124.947381 53.197712, -124.947113 53.197821, -124.947137 53.197916, -124.947272 53.19791, -124.947411 53.197855, -124.947692 53.197467, -124.947981 53.197259, -124.948259 53.197163, -124.948573 53.197111, -124.948782 53.196948, -124.949062 53.196819, -124.949549 53.196698, -124.949967 53.196509, -124.950376 53.196423, -124.950624 53.196251, -124.950891 53.195937, -124.951026 53.195864, -124.951155 53.195854, -124.95153 53.195899, -124.95208 53.195851, -124.952668 53.195943, -124.952967 53.195935, -124.953147 53.195888, -124.953344 53.195659, -124.953609 53.195542, -124.954198 53.195512, -124.954958 53.195328, -124.955605 53.195331, -124.956554 53.195179, -124.957278 53.195179, -124.957515 53.195141, -124.957617 53.195061, -124.957734 53.19484, -124.957947 53.194675, -124.958411 53.194507, -124.958804 53.194441, -124.958945 53.194352, -124.958966 53.194151, -124.959109 53.193924, -124.959156 53.193395, -124.959233 53.193263, -124.959442 53.193077, -124.959347 53.192883, -124.959409 53.192689, -124.959417 53.192663))"
41,2023-07-29 10:30:57,2023071301,2023,31.7,Non-corrected airborne GPS,1689231600000,1689297600000,Out of Control,JA70003000,316820.2147,2202.6776,88,f4cc2d48-3441-4044-a6dd-e020df62e0a3,896527.921875,3705.83244438001,https://wildfiresituation.nrs.gov.bc.ca/incidents?fireYear=2023&incidentNumber=G41502,"POLYGON ((-125.251635 53.564165, -125.25182 53.564544, -125.252257 53.565089, -125.252578 53.565622, -125.252797 53.566118, -125.252908 53.566576, -125.252948 53.567081, -125.252876 53.567382, -125.252618 53.567698, -125.25214 53.568062, -125.251775 53.568253, -125.249519 53.569266, -125.248563 53.569603, -125.247925 53.569764, -125.24742 53.569827, -125.245744 53.569945, -125.244484 53.569996, -125.2431 53.56996, -125.242802 53.569901, -125.242528 53.56978, -125.242138 53.56948, -125.241873 53.569125, -125.241776 53.568772, -125.241853 53.568442, -125.242006 53.568206, -125.242196 53.568033, -125.243181 53.567605, -125.243543 53.567382, -125.243758 53.5672, -125.243965 53.566933, -125.244147 53.566582, -125.244228 53.565979, -125.244422 53.565787, -125.244752 53.565634, -125.245316 53.565455, -125.247216 53.565009, -125.24885 53.56467, -125.250433 53.564409, -125.251339 53.564142, -125.251518 53.564127, -125.251635 53.564165))"
42,2023-07-29 10:30:57,2023072401,2023,104.4,Derived from satellite imagery,1690182000000,1690299223000,Out of Control,JA70003000,1044057.035,4171.1137,89,cbe87b6f-ca4e-49fc-ab2d-44a3a7ebab8c,2949015.9921875,7010.60734724018,https://wildfiresituation.nrs.gov.bc.ca/incidents?fireYear=2023&incidentNumber=G41509,"POLYGON ((-125.04554 53.533968, -125.045557 53.533216, -125.043796 53.533376, -125.042962 53.533571, -125.042044 53.533188, -125.041823 53.532174, -125.042477 53.531311, -125.043527 53.530192, -125.043655 53.528862, -125.043827 53.527736, -125.043601 53.526953, -125.043373 53.526257, -125.043239 53.525735, -125.043595 53.525102, -125.044729 53.52459, -125.04529 53.524517, -125.046672 53.523886, -125.049301 53.523298, -125.052576 53.523047, -125.053976 53.523113, -125.057216 53.524412, -125.059166 53.524926, -125.061574 53.525887, -125.061087 53.526769, -125.060231 53.527426, -125.059092 53.528248, -125.057089 53.53006, -125.05594 53.531324, -125.052268 53.532569, -125.049729 53.533269, -125.048856 53.533429, -125.048624 53.533559, -125.047489 53.534099, -125.046261 53.534465, -125.045479 53.534488, -125.04554 53.533968))"
43,2023-07-29 10:30:57,2023072801,2023,4413.1,Derived from satellite imagery,1690527600000,1690471910000,Fire of Note,JA70003000,44130685.286,30934.2994,90,f682db28-f231-4b7b-b03f-416d656abb29,126039210.601563,52285.5403244274,https://wildfiresituation.nrs.gov.bc.ca/incidents?fireYear=2023&incidentNumber=G41511,"POLYGON ((-124.356962 53.796577, -124.35497 53.796303, -124.352886 53.796399, -124.350808 53.796649, -124.348738 53.796893, -124.34673 53.79722, -124.344901 53.797779, -124.343237 53.798466, -124.341711 53.799191, -124.340303 53.799923, -124.33896 53.800613, -124.338321 53.800915, -124.337654 53.80123, -124.336303 53.801662, -124.334921 53.801736, -124.333795 53.801415, -124.333193 53.800699, -124.333278 53.799734, -124.334013 53.798723, -124.334348 53.798382, -124.335012 53.797705, -124.335941 53.796664, -124.336654 53.795593, -124.337049 53.794488, -124.337124 53.793398, -124.33693 53.792374, -124.336546 53.791422, -124.335904 53.790574, -124.335166 53.790021, -124.334956 53.789864, -124.333944 53.789191, -124.333525 53.788431, -124.333883 53.78764, -124.334994 53.787015, -124.336399 53.786556, -124.337343 53.786256, -124.33869 53.785756, -124.339934 53.785204, -124.341111 53.784671, -124.34241 53.784297, -124.343816 53.784231, -124.345226 53.784293, -124.345232 53.784294, -124.346705 53.78443, -124.348239 53.784662, -124.34975 53.784719, -124.351073 53.784371, -124.351765 53.783597, -124.351752 53.782661, -124.350988 53.781793, -124.34998 53.781006, -124.349129 53.78021, -124.348519 53.779389, -124.347974 53.778582, -124.347974 53.778581, -124.347643 53.777734, -124.347286 53.776897, -124.346817 53.776099, -124.346688 53.775297, -124.347194 53.774521, -124.347966 53.773762, -124.348534 53.772944, -124.348746 53.772058, -124.348794 53.771168, -124.348707 53.770315, -124.348013 53.769571, -124.347054 53.768926, -124.34584 53.768422, -124.344453 53.768021, -124.342963 53.767727, -124.341418 53.767531, -124.33996 53.76729, -124.338587 53.767005, -124.337298 53.766708, -124.336211 53.766324, -124.335427 53.765799, -124.33469 53.765311, -124.334054 53.764995, -124.333998 53.764948, -124.333729 53.764821, -124.333639 53.764659, -124.333549 53.764506, -124.333492 53.764306, -124.333503 53.76405, -124.333565 53.76369, -124.333695 53.763289, -124.333873 53.762907, -124.334718 53.761098, -124.33486 53.759961, -124.334798 53.759107, -124.334636 53.758308, -124.334507 53.758228, -124.334079 53.757538, -124.332823 53.755606, -124.331783 53.754642, -124.330378 53.75442, -124.329238 53.753793, -124.328166 53.753045, -124.326749 53.752529, -124.32511 53.752341, -124.323592 53.752453, -124.32347 53.752462, -124.321847 53.752624, -124.320249 53.752681, -124.318723 53.752689, -124.317302 53.752758, -124.31597 53.752925, -124.314653 53.752868, -124.313607 53.752396, -124.313199 53.751588, -124.313748 53.750695, -124.314935 53.749902, -124.316111 53.749126, -124.317235 53.748359, -124.318249 53.747565, -124.318859 53.746668, -124.319051 53.745744, -124.318893 53.744875, -124.318215 53.744183, -124.317344 53.743641, -124.317031 53.743559, -124.31635 53.743282, -124.316181 53.743115, -124.316179 53.743061, -124.316183 53.742954, -124.316355 53.742696, -124.31644 53.742557, -124.316938 53.74236, -124.317329 53.7423, -124.31759 53.74231, -124.318655 53.742566, -124.320087 53.742858, -124.321517 53.742883, -124.322882 53.742603, -124.324155 53.742043, -124.325471 53.741401, -124.326151 53.741065, -124.326648 53.74037, -124.326552 53.73966, -124.326761 53.738959, -124.327059 53.738596, -124.327813 53.738003, -124.328616 53.73766, -124.329784 53.737374, -124.330677 53.737229, -124.333377 53.73719, -124.334575 53.737272, -124.334703 53.737255, -124.335453 53.737377, -124.336894 53.737539, -124.338098 53.737603, -124.339141 53.737665, -124.340263 53.737775, -124.341635 53.737652, -124.342532 53.737332, -124.343527 53.736587, -124.344464 53.735272, -124.344947 53.734513, -124.34587 53.733905, -124.346898 53.733146, -124.347986 53.73239, -124.34874 53.731895, -124.349903 53.731185, -124.351153 53.730534, -124.352604 53.730056, -124.354363 53.729898, -124.355513 53.730061, -124.356199 53.729242, -124.357887 53.727735, -124.360313 53.727377, -124.362613 53.72716, -124.365087 53.727122, -124.36786 53.72716, -124.369915 53.727046, -124.371969 53.726761, -124.373295 53.72663, -124.374598 53.726474, -124.375028 53.726427, -124.375236 53.726471, -124.375321 53.726462, -124.375583 53.726449, -124.375895 53.726423, -124.376151 53.726413, -124.376602 53.726315, -124.377059 53.726223, -124.37723 53.726207, -124.378536 53.72612, -124.379833 53.726089, -124.381132 53.726087, -124.382441 53.726075, -124.383761 53.726065, -124.385055 53.726107, -124.386316 53.726206, -124.38754 53.726385, -124.38873 53.726653, -124.3898 53.727015, -124.390659 53.72747, -124.39103 53.727748, -124.392055 53.729977, -124.392223 53.730523, -124.394044 53.731151, -124.396955 53.732527, -124.40073 53.73412, -124.404518 53.735405, -124.407453 53.736164, -124.412786 53.738086, -124.41518 53.739352, -124.415815 53.741006, -124.416945 53.743386, -124.418931 53.744516, -124.419664 53.74454, -124.420555 53.744908, -124.42145 53.745157, -124.422439 53.745585, -124.422981 53.745888, -124.423066 53.746305, -124.422955 53.74657, -124.422711 53.746917, -124.424094 53.748088, -124.425612 53.749444, -124.427689 53.749883, -124.431452 53.751886, -124.433161 53.752834, -124.43487 53.753782, -124.436195 53.755651, -124.437882 53.757215, -124.439424 53.757955, -124.440405 53.759716, -124.440693 53.761366, -124.439577 53.763202, -124.438988 53.764943, -124.438062 53.766371, -124.437493 53.767598, -124.436588 53.768978, -124.436616 53.769828, -124.436542 53.77089, -124.436461 53.771944, -124.436343 53.773039, -124.436067 53.774137, -124.435435 53.775157, -124.434275 53.776005, -124.432705 53.77666, -124.430862 53.777108, -124.428907 53.777442, -124.427462 53.777724, -124.426976 53.777818, -124.425165 53.778383, -124.423519 53.779134, -124.422067 53.780025, -124.420785 53.78099, -124.419978 53.781721, -124.419669 53.782001, -124.418651 53.78302, -124.417631 53.784007, -124.416563 53.784935, -124.415442 53.785806, -124.414195 53.786603, -124.412712 53.787258, -124.410988 53.787744, -124.409849 53.78795, -124.409105 53.788085, -124.407181 53.78839, -124.405282 53.788772, -124.403518 53.789335, -124.401945 53.790095, -124.401726 53.790243, -124.401727 53.790332, -124.401498 53.792375, -124.40116 53.793319, -124.400944 53.793701, -124.400062 53.794371, -124.398972 53.795246, -124.396953 53.796701, -124.392878 53.798479, -124.39192 53.799221, -124.390615 53.800162, -124.389243 53.801072, -124.387707 53.801886, -124.385911 53.802563, -124.383965 53.803013, -124.381922 53.803281, -124.379849 53.803347, -124.377776 53.80312, -124.375847 53.802558, -124.375099 53.802234, -124.374087 53.801798, -124.372269 53.801082, -124.370331 53.800489, -124.368331 53.799994, -124.366289 53.799564, -124.364229 53.799187, -124.362342 53.798598, -124.360587 53.797838, -124.358817 53.797132, -124.356962 53.796577))"
44,2023-07-29 10:30:57,2023071601,2023,1100.0,Non-corrected airborne GPS,1689490800000,1689610837000,Being Held,JA70003000,11000492.3189,18255.0427,91,c5e04ca8-c0b4-449e-a07d-f2cf1edccd5a,33316166.234375,31765.0233528191,https://wildfiresituation.nrs.gov.bc.ca/incidents?fireYear=2023&incidentNumber=G11532,"POLYGON ((-122.607221 54.988592, -122.606849 54.988625, -122.606484 54.988642, -122.606125 54.988628, -122.605781 54.988589, -122.605443 54.988537, -122.604121 54.988302, -122.603121 54.988165, -122.601441 54.98801, -122.599131 54.987826, -122.598159 54.987721, -122.597867 54.987655, -122.597606 54.987565, -122.597394 54.987448, -122.597214 54.987316, -122.597056 54.987155, -122.59701 54.986997, -122.597004 54.986819, -122.597065 54.986629, -122.597179 54.986429, -122.597346 54.98623, -122.597538 54.986023, -122.597963 54.985611, -122.598169 54.985397, -122.598329 54.985169, -122.598429 54.984928, -122.598487 54.984685, -122.598516 54.984442, -122.598532 54.984201, -122.598549 54.98373, -122.59857 54.983497, -122.598607 54.983266, -122.598693 54.98304, -122.598836 54.982822, -122.599026 54.982615, -122.599259 54.98242, -122.599566 54.982268, -122.599904 54.982144, -122.600281 54.982049, -122.600696 54.981989, -122.60113 54.981957, -122.601572 54.98195, -122.602017 54.981954, -122.60292 54.981988, -122.603368 54.981964, -122.603809 54.981917, -122.604243 54.981846, -122.604662 54.981754, -122.605069 54.98164, -122.605854 54.981372, -122.606618 54.981079, -122.60737 54.980774, -122.60773 54.980608, -122.608078 54.980433, -122.608414 54.980248, -122.608736 54.980057, -122.60904 54.979858, -122.609605 54.979447, -122.61037 54.978819, -122.610597 54.978607, -122.610799 54.978393, -122.61097 54.978179, -122.611106 54.977965, -122.611212 54.977749, -122.611284 54.977534, -122.611287 54.977317, -122.611234 54.977106, -122.611139 54.976893, -122.610962 54.976696, -122.610714 54.976519, -122.610424 54.976346, -122.610067 54.976209, -122.60967 54.976096, -122.60924 54.976014, -122.607892 54.975828, -122.607453 54.975754, -122.607046 54.975645, -122.606659 54.975516, -122.606308 54.97536, -122.606004 54.975181, -122.605734 54.974985, -122.605523 54.97477, -122.605363 54.974541, -122.60509 54.974075, -122.604798 54.973616, -122.604476 54.973166, -122.604134 54.972731, -122.602877 54.971227, -122.602277 54.970589, -122.60206 54.970386, -122.601825 54.970194, -122.601568 54.970012, -122.601288 54.96984, -122.600984 54.969686, -122.600664 54.969554, -122.600309 54.969437, -122.599935 54.969345, -122.599162 54.969198, -122.597584 54.968975, -122.597212 54.968911, -122.596852 54.968828, -122.596512 54.968726, -122.596198 54.968609, -122.595911 54.96848, -122.595659 54.968339, -122.595444 54.968173, -122.59527 54.967997, -122.59514 54.96781, -122.595061 54.967619, -122.59503 54.967424, -122.595053 54.967228, -122.595122 54.967034, -122.595235 54.966843, -122.595393 54.966663, -122.595582 54.966493, -122.595807 54.966336, -122.59607 54.966197, -122.596366 54.966076, -122.596691 54.965974, -122.597045 54.96589, -122.597762 54.965764, -122.598146 54.965738, -122.598929 54.965707, -122.599312 54.965676, -122.599677 54.965626, -122.60035 54.965428, -122.600627 54.965273, -122.600843 54.965083, -122.601027 54.964877, -122.60118 54.964663, -122.601322 54.964443, -122.601436 54.964216, -122.601529 54.963984, -122.60161 54.963748, -122.601753 54.963271, -122.601915 54.962795, -122.602017 54.962561, -122.602155 54.962333, -122.602326 54.962112, -122.60251 54.961896, -122.603296 54.96105, -122.60346 54.960834, -122.603609 54.960609, -122.603735 54.960379, -122.603956 54.959912, -122.604145 54.959446, -122.604296 54.958978, -122.604362 54.958741, -122.604411 54.958505, -122.604483 54.958027, -122.604507 54.957549, -122.604491 54.957312, -122.604405 54.95684, -122.604336 54.956607, -122.60425 54.956377, -122.604137 54.95615, -122.603979 54.955933, -122.60379 54.955725, -122.603579 54.955524, -122.603351 54.955327, -122.603103 54.955141, -122.60284 54.95496, -122.602296 54.954611, -122.601166 54.953943, -122.600655 54.953602, -122.600435 54.95342, -122.600242 54.953232, -122.600089 54.953036, -122.599972 54.952834, -122.599898 54.952629, -122.599873 54.952423, -122.599882 54.952217, -122.599942 54.952016, -122.600026 54.951823, -122.600128 54.951633, -122.600263 54.951453, -122.600412 54.951277, -122.60059 54.951116, -122.600789 54.950965, -122.601019 54.950831, -122.601271 54.950716, -122.601822 54.950527, -122.602408 54.950375, -122.602721 54.950315, -122.603374 54.950222, -122.604055 54.950171, -122.604404 54.950157, -122.605118 54.950158, -122.60584 54.95019, -122.608009 54.950355, -122.609399 54.950429, -122.611467 54.950459, -122.612152 54.950445, -122.61249 54.950429, -122.612824 54.950403, -122.613473 54.950312, -122.614087 54.950178, -122.614656 54.950007, -122.614924 54.949909, -122.615433 54.949697, -122.615686 54.949602, -122.61595 54.949522, -122.616227 54.949461, -122.616511 54.949421, -122.616805 54.949408, -122.617104 54.949422, -122.617407 54.949457, -122.617696 54.949524, -122.617971 54.94962, -122.618233 54.949739, -122.618487 54.949871, -122.618735 54.950015, -122.619965 54.950802, -122.621616 54.951882, -122.622085 54.952167, -122.622573 54.952434, -122.623352 54.952813, -122.624671 54.953432, -122.625483 54.953801, -122.626585 54.954286, -122.627167 54.954523, -122.628365 54.954984, -122.628642 54.955104, -122.628902 54.955229, -122.629146 54.955362, -122.629374 54.955495, -122.629813 54.955774, -122.630053 54.955905, -122.63031 54.956025, -122.631119 54.956368, -122.631418 54.956477, -122.632077 54.956643, -122.632773 54.956791, -122.633427 54.956977, -122.633727 54.957076, -122.634279 54.957297, -122.634522 54.957416, -122.634958 54.957657, -122.635146 54.957777, -122.635471 54.958012, -122.636187 54.958561, -122.636839 54.959, -122.637166 54.959262, -122.637282 54.959418, -122.63735 54.959588, -122.637333 54.959764, -122.637261 54.959937, -122.637145 54.960105, -122.637002 54.960272, -122.636837 54.960433, -122.636479 54.960736, -122.636281 54.960879, -122.636068 54.961017, -122.635843 54.961148, -122.635637 54.961286, -122.63546 54.961432, -122.634743 54.962216, -122.634528 54.962535, -122.634439 54.962702, -122.634395 54.962874, -122.634404 54.963041, -122.634472 54.963205, -122.634593 54.963379, -122.634739 54.963546, -122.635309 54.963998, -122.635488 54.964152, -122.635799 54.964477, -122.635932 54.964647, -122.636276 54.965185, -122.636414 54.965358, -122.63658 54.965525, -122.636785 54.965673, -122.637018 54.965807, -122.637519 54.966056, -122.637782 54.966169, -122.638341 54.966379, -122.638928 54.966568, -122.640156 54.966928, -122.640766 54.967124, -122.641331 54.967348, -122.641579 54.967486, -122.64178 54.967646, -122.64194 54.967822, -122.642056 54.968011, -122.642121 54.968208, -122.642139 54.968414, -122.64214 54.968627, -122.642084 54.969077, -122.642065 54.969312, -122.642059 54.969552, -122.642068 54.970259, -122.642054 54.970721, -122.642105 54.970947, -122.642189 54.97117, -122.64232 54.971387, -122.642467 54.9716, -122.642632 54.971809, -122.642814 54.972014, -122.644174 54.973417, -122.644728 54.974008, -122.645481 54.974767, -122.645881 54.975119, -122.646685 54.975788, -122.64687 54.975952, -122.647222 54.976274, -122.647719 54.976749, -122.648233 54.977213, -122.649175 54.97796, -122.649362 54.978122, -122.649727 54.978459, -122.649897 54.978637, -122.650055 54.978824, -122.650193 54.979016, -122.650312 54.979213, -122.650498 54.979623, -122.650654 54.980043, -122.650936 54.980896, -122.651107 54.981327, -122.65143 54.981968, -122.651664 54.982398, -122.651931 54.982824, -122.652084 54.983036, -122.652428 54.983456, -122.652632 54.983657, -122.65286 54.98385, -122.653341 54.984227, -122.653572 54.984421, -122.653767 54.984627, -122.653914 54.984845, -122.654016 54.985069, -122.65408 54.985299, -122.654101 54.985532, -122.654085 54.985761, -122.654005 54.98622, -122.653942 54.98645, -122.653766 54.986901, -122.653103 54.988236, -122.652912 54.9887, -122.652847 54.988936, -122.652826 54.989174, -122.652839 54.989414, -122.652895 54.989651, -122.653047 54.990126, -122.653187 54.990604, -122.653499 54.991819, -122.653736 54.992563, -122.654008 54.993311, -122.654399 54.994305, -122.654484 54.994555, -122.654544 54.994812, -122.654587 54.995073, -122.654611 54.995337, -122.654615 54.9956, -122.654604 54.995864, -122.654541 54.996399, -122.654471 54.996669, -122.654346 54.996936, -122.654173 54.997196, -122.653956 54.997445, -122.653694 54.997665, -122.653386 54.997862, -122.653053 54.99804, -122.652715 54.998203, -122.652373 54.998343, -122.652023 54.998466, -122.651667 54.998548, -122.651321 54.998579, -122.650983 54.998588, -122.650661 54.998563, -122.650354 54.998518, -122.650095 54.998432, -122.64986 54.998312, -122.649698 54.998162, -122.649595 54.997992, -122.649546 54.997812, -122.649539 54.997626, -122.649596 54.996869, -122.649599 54.996118, -122.649587 54.995938, -122.649541 54.995582, -122.649507 54.995403, -122.649458 54.995224, -122.649396 54.995051, -122.649316 54.994888, -122.649202 54.99474, -122.649072 54.994605, -122.648916 54.994493, -122.648728 54.994413, -122.648509 54.994362, -122.648255 54.994349, -122.647978 54.994369, -122.646528 54.994595, -122.645902 54.994667, -122.645266 54.994754, -122.644948 54.994813, -122.644635 54.994884, -122.644026 54.995045, -122.643154 54.995294, -122.64287 54.995336, -122.642578 54.995341, -122.64229 54.995308, -122.642007 54.995237, -122.641788 54.995103, -122.641625 54.994932, -122.641474 54.994739, -122.641344 54.994535, -122.641251 54.994318, -122.641174 54.99409, -122.640625 54.992296, -122.640467 54.99187, -122.640297 54.991478, -122.640195 54.991307, -122.640052 54.991155, -122.639884 54.991017, -122.639649 54.990905, -122.639369 54.990821, -122.639048 54.990746, -122.63869 54.99072, -122.638314 54.990715, -122.637939 54.990733, -122.637566 54.990733, -122.636815 54.990682, -122.636448 54.990631, -122.636085 54.990558, -122.635733 54.990472, -122.635085 54.990267, -122.634478 54.990037, -122.633941 54.989755, -122.633704 54.989594, -122.633494 54.989418, -122.63331 54.989234, -122.633167 54.989039, -122.633072 54.988834, -122.633034 54.988617, -122.633031 54.988394, -122.633068 54.98817, -122.633138 54.987946, -122.633312 54.987494, -122.633382 54.987268, -122.633438 54.987041, -122.633481 54.986811, -122.633512 54.986581, -122.633525 54.986355, -122.633522 54.986129, -122.633455 54.985917, -122.633307 54.985726, -122.63291 54.985367, -122.632619 54.985215, -122.632292 54.985088, -122.631933 54.984984, -122.63156 54.984898, -122.631173 54.98483, -122.630777 54.984773, -122.629993 54.984688, -122.629201 54.984644, -122.628414 54.984624, -122.628039 54.984632, -122.626983 54.984684, -122.626647 54.984709, -122.62632 54.984752, -122.625731 54.984864, -122.625466 54.984944, -122.625232 54.98504, -122.625022 54.985143, -122.62484 54.985263, -122.62468 54.985383, -122.624536 54.98551, -122.624403 54.985648, -122.624182 54.985934, -122.623826 54.986523, -122.623555 54.986941, -122.623354 54.987202, -122.622925 54.987704, -122.622675 54.987947, -122.622537 54.988057, -122.622375 54.988154, -122.622188 54.988236, -122.62197 54.988304, -122.621733 54.988358, -122.621476 54.988378, -122.621207 54.988371, -122.620933 54.988351, -122.620658 54.988307, -122.620394 54.988236, -122.619885 54.988076, -122.619633 54.988012, -122.619377 54.987963, -122.619115 54.987931, -122.618852 54.987914, -122.618326 54.987918, -122.618069 54.987933, -122.616809 54.988072, -122.616546 54.988083, -122.616279 54.988081, -122.616015 54.988065, -122.615752 54.988038, -122.614958 54.987931, -122.614689 54.987908, -122.614142 54.987891, -122.613863 54.987897, -122.612781 54.987964, -122.611496 54.988089, -122.608114 54.988361, -122.607439 54.988557, -122.607221 54.988592))"
45,2023-07-29 10:30:57,2023072001,2023,38.0,Non-corrected airborne GPS,1689836400000,1689982425000,Under Control,JA70003000,380077.6416,4184.9756,92,b122980d-8fc0-4374-94ce-d6a610530957,1065749.5703125,7007.18934424272,https://wildfiresituation.nrs.gov.bc.ca/incidents?fireYear=2023&incidentNumber=G11618,"MULTIPOLYGON (((-123.16942 53.37731, -123.16937 53.37722, -123.16926 53.37716, -123.16913 53.37711, -123.16902 53.37705, -123.16892 53.37699, -123.16884 53.37694, -123.16874 53.37689, -123.16873 53.37682, -123.16874 53.37674, -123.16871 53.37665, -123.16866 53.37656, -123.1686 53.37648, -123.16858 53.37641, -123.16856 53.37633, -123.16856 53.37627, -123.16859 53.3762, -123.16863 53.37611, -123.16871 53.37603, -123.16878 53.37595, -123.16882 53.37583, -123.16881 53.37576, -123.16876 53.3757, -123.16865 53.37559, -123.16859 53.37554, -123.16851 53.3755, -123.16842 53.37547, -123.16832 53.37545, -123.16821 53.37543, -123.16809 53.37542, -123.168 53.37543, -123.16792 53.37544, -123.16785 53.37545, -123.16777 53.37545, -123.16761 53.37543, -123.16756 53.37541, -123.1675 53.37535, -123.16749 53.37533, -123.16747 53.3753, -123.16746 53.37528, -123.16744 53.37527, -123.16745 53.37524, -123.16746 53.37522, -123.16743 53.37516, -123.1674 53.37515, -123.16736 53.37513, -123.16733 53.37512, -123.16729 53.3751, -123.16727 53.37508, -123.16724 53.37507, -123.16722 53.37506, -123.16718 53.37505, -123.16714 53.37502, -123.16709 53.375, -123.16705 53.37498, -123.16702 53.37496, -123.16699 53.37495, -123.16697 53.37493, -123.16693 53.37492, -123.16687 53.37489, -123.16684 53.37488, -123.16682 53.37486, -123.16678 53.37485, -123.16675 53.37484, -123.16671 53.37484, -123.16668 53.37483, -123.16664 53.37482, -123.16658 53.3748, -123.16654 53.3748, -123.16651 53.37479, -123.16647 53.37477, -123.16644 53.37475, -123.16643 53.37473, -123.16639 53.37472, -123.16637 53.37471, -123.16632 53.37469, -123.1663 53.37467, -123.16627 53.37466, -123.16624 53.37464, -123.1662 53.3746, -123.16618 53.37459, -123.16615 53.37458, -123.16612 53.37455, -123.16606 53.37451, -123.16603 53.3745, -123.16591 53.37447, -123.16587 53.37447, -123.16582 53.37445, -123.16579 53.37443, -123.16579 53.37441, -123.16577 53.37439, -123.16573 53.3744, -123.16567 53.37438, -123.16563 53.37438, -123.16557 53.37436, -123.16552 53.37435, -123.16551 53.37433, -123.16548 53.37433, -123.16541 53.37431, -123.16538 53.3743, -123.16534 53.37429, -123.16531 53.37428, -123.16527 53.37427, -123.16524 53.37425, -123.16521 53.37424, -123.16517 53.37423, -123.16513 53.37421, -123.16508 53.3742, -123.16505 53.37419, -123.16501 53.37418, -123.16498 53.37417, -123.16494 53.37416, -123.16488 53.37414, -123.16484 53.37414, -123.16481 53.37413, -123.16477 53.37413, -123.16474 53.37412, -123.16471 53.37412, -123.16466 53.37411, -123.16463 53.37409, -123.1646 53.37408, -123.16458 53.37407, -123.16455 53.37408, -123.16453 53.3741, -123.1645 53.37407, -123.16447 53.37406, -123.16442 53.37405, -123.16439 53.37406, -123.16437 53.37407, -123.16433 53.37406, -123.16422 53.37406, -123.16418 53.37407, -123.16415 53.37407, -123.16403 53.3741, -123.164 53.3741, -123.16395 53.37411, -123.16393 53.37413, -123.16387 53.37416, -123.16384 53.37418, -123.16381 53.37419, -123.16377 53.3742, -123.16375 53.37421, -123.16371 53.37421, -123.16365 53.37423, -123.16361 53.37424, -123.16358 53.37425, -123.16354 53.37425, -123.1635 53.37424, -123.16338 53.37424, -123.16334 53.37422, -123.1633 53.37422, -123.16327 53.3742, -123.16323 53.37418, -123.16321 53.37416, -123.16319 53.37412, -123.16319 53.3741, -123.16317 53.37408, -123.16316 53.37406, -123.16316 53.37401, -123.16314 53.37399, -123.16313 53.37397, -123.1631 53.37395, -123.1631 53.37393, -123.16307 53.3739, -123.16304 53.37388, -123.16298 53.37386, -123.16291 53.37386, -123.16287 53.37385, -123.16284 53.37385, -123.16281 53.37384, -123.16277 53.37381, -123.16277 53.37379, -123.16275 53.37376, -123.16271 53.37371, -123.16268 53.3737, -123.16268 53.37368, -123.16265 53.37366, -123.16257 53.37364, -123.16251 53.3736, -123.16247 53.37358, -123.16246 53.37357, -123.16244 53.37354, -123.16242 53.37352, -123.1624 53.37349, -123.16239 53.37346, -123.16233 53.37344, -123.1623 53.37342, -123.16227 53.37341, -123.16225 53.37339, -123.16225 53.37337, -123.16228 53.37331, -123.16228 53.37329, -123.16226 53.37325, -123.16226 53.37322, -123.16225 53.37318, -123.16225 53.37316, -123.16223 53.37315, -123.16221 53.37313, -123.1622 53.37311, -123.16223 53.37308, -123.16224 53.37306, -123.16223 53.37303, -123.16224 53.37301, -123.16226 53.373, -123.16229 53.37298, -123.16233 53.37297, -123.16239 53.37293, -123.16242 53.37292, -123.16247 53.37287, -123.16248 53.37285, -123.1625 53.37283, -123.16253 53.37282, -123.16256 53.3728, -123.16255 53.37278, -123.16257 53.37277, -123.16258 53.37275, -123.1626 53.37269, -123.16257 53.37267, -123.16258 53.37266, -123.1626 53.37263, -123.16262 53.37261, -123.16266 53.37255, -123.16268 53.37253, -123.16269 53.3725, -123.16271 53.37247, -123.16272 53.37244, -123.16274 53.37241, -123.16274 53.37237, -123.16275 53.37233, -123.16277 53.37229, -123.16277 53.37226, -123.16276 53.37223, -123.16277 53.3722, -123.16275 53.37217, -123.16273 53.37215, -123.16273 53.37207, -123.16272 53.37205, -123.16273 53.37203, -123.16273 53.372, -123.16272 53.37198, -123.16269 53.37197, -123.16266 53.37195, -123.16266 53.37193, -123.16268 53.37191, -123.16271 53.37189, -123.16276 53.37184, -123.1628 53.37182, -123.16281 53.37181, -123.16285 53.37179, -123.16287 53.37177, -123.16291 53.37176, -123.16294 53.37174, -123.16296 53.37173, -123.16299 53.37171, -123.16302 53.3717, -123.16305 53.3717, -123.16309 53.37171, -123.16328 53.37171, -123.16332 53.3717, -123.16335 53.37169, -123.16339 53.37169, -123.16343 53.37168, -123.16346 53.37166, -123.1635 53.37165, -123.16353 53.37164, -123.16357 53.37162, -123.1636 53.37161, -123.16363 53.37159, -123.1637 53.37159, -123.16373 53.37158, -123.16377 53.37158, -123.16382 53.37159, -123.16385 53.37158, -123.16391 53.37158, -123.16396 53.37159, -123.1642 53.37159, -123.16424 53.37158, -123.16441 53.37158, -123.16449 53.3716, -123.16452 53.37162, -123.16455 53.37163, -123.16459 53.37163, -123.16462 53.37164, -123.16471 53.37164, -123.16475 53.37163, -123.16482 53.37163, -123.16486 53.37162, -123.16492 53.37162, -123.16495 53.37161, -123.16499 53.37161, -123.16503 53.3716, -123.16507 53.3716, -123.1651 53.37158, -123.16513 53.37157, -123.16517 53.37154, -123.16521 53.37152, -123.16525 53.37148, -123.16526 53.37145, -123.16529 53.37144, -123.16528 53.37142, -123.16529 53.3714, -123.1653 53.37137, -123.16532 53.37135, -123.16535 53.37133, -123.1654 53.37128, -123.16543 53.37127, -123.16548 53.37125, -123.1655 53.37124, -123.16552 53.37121, -123.16554 53.3712, -123.16557 53.37118, -123.16559 53.37116, -123.1656 53.37113, -123.16561 53.37111, -123.16561 53.37107, -123.1656 53.37105, -123.16556 53.37101, -123.16555 53.37099, -123.16552 53.37097, -123.16546 53.37094, -123.16543 53.3709, -123.16542 53.37085, -123.16544 53.3708, -123.16551 53.37075, -123.1656 53.37072, -123.16571 53.3707, -123.16582 53.37067, -123.16589 53.37062, -123.1659 53.37057, -123.16581 53.37052, -123.1657 53.37049, -123.16557 53.37045, -123.16548 53.37041, -123.16543 53.37035, -123.16539 53.37028, -123.16536 53.37021, -123.16532 53.37014, -123.16526 53.37009, -123.16515 53.37006, -123.16502 53.37006, -123.16487 53.37003, -123.16477 53.36996, -123.16468 53.36987, -123.16462 53.36979, -123.16457 53.36971, -123.16456 53.36962, -123.16457 53.36953, -123.16459 53.36943, -123.16459 53.36935, -123.16466 53.36929, -123.16477 53.36927, -123.1649 53.36926, -123.165 53.3692, -123.165 53.36913, -123.16493 53.36908, -123.16484 53.36902, -123.16479 53.36893, -123.16478 53.36884, -123.16483 53.36874, -123.16492 53.36867, -123.16502 53.36861, -123.16511 53.36857, -123.16521 53.36851, -123.16535 53.36846, -123.16548 53.36839, -123.16563 53.36836, -123.16576 53.36835, -123.16591 53.36836, -123.16609 53.36837, -123.16627 53.36839, -123.16644 53.36842, -123.16656 53.36847, -123.16669 53.36851, -123.16683 53.36856, -123.16698 53.36858, -123.16713 53.36856, -123.16725 53.36852, -123.16739 53.3685, -123.16752 53.3685, -123.16768 53.36851, -123.16786 53.36854, -123.16806 53.36857, -123.16823 53.36858, -123.16838 53.36859, -123.16854 53.36862, -123.16868 53.36867, -123.16881 53.36874, -123.16894 53.36882, -123.16905 53.3689, -123.16916 53.369, -123.16922 53.3691, -123.16922 53.36919, -123.16919 53.36927, -123.16916 53.36936, -123.1691 53.36947, -123.16905 53.36958, -123.16905 53.36966, -123.16906 53.36975, -123.16907 53.36986, -123.169 53.36995, -123.16891 53.37004, -123.16884 53.37012, -123.16882 53.3702, -123.16883 53.37027, -123.16886 53.37035, -123.1689 53.37043, -123.16887 53.37052, -123.16878 53.37059, -123.16872 53.37069, -123.16871 53.37076, -123.16874 53.37082, -123.16877 53.3709, -123.16879 53.37097, -123.16877 53.37106, -123.16873 53.37116, -123.16866 53.37123, -123.16861 53.37131, -123.16852 53.3714, -123.16843 53.37148, -123.16835 53.37158, -123.16827 53.37167, -123.16817 53.37175, -123.16806 53.37183, -123.16801 53.37192, -123.16801 53.37201, -123.16803 53.37209, -123.16808 53.37218, -123.16816 53.37227, -123.16824 53.37238, -123.16829 53.37248, -123.1683 53.37257, -123.16827 53.37266, -123.16823 53.37274, -123.16818 53.37282, -123.16811 53.37289, -123.16806 53.37297, -123.16799 53.37305, -123.16792 53.37312, -123.16795 53.3732, -123.16803 53.37328, -123.16812 53.37333, -123.16825 53.37337, -123.16837 53.3734, -123.1685 53.37343, -123.16865 53.37346, -123.1688 53.37347, -123.16895 53.37347, -123.16908 53.37344, -123.16919 53.3734, -123.16933 53.37336, -123.16947 53.37334, -123.16963 53.37331, -123.16978 53.37329, -123.17006 53.37321, -123.17019 53.37318, -123.1703 53.37317, -123.17044 53.37318, -123.17057 53.37323, -123.17071 53.37328, -123.17086 53.37334, -123.17098 53.37338, -123.1711 53.37339, -123.17124 53.37336, -123.17138 53.37334, -123.17153 53.37339, -123.17166 53.37347, -123.17181 53.37354, -123.17197 53.37358, -123.17213 53.3736, -123.17226 53.37365, -123.17234 53.37372, -123.1724 53.3738, -123.17243 53.37391, -123.17239 53.37403, -123.17234 53.37413, -123.17232 53.37424, -123.17234 53.37434, -123.17239 53.37441, -123.17248 53.37445, -123.17261 53.37449, -123.17278 53.37453, -123.17292 53.37461, -123.17301 53.3747, -123.17306 53.3748, -123.1731 53.37489, -123.17316 53.37497, -123.17324 53.37504, -123.17331 53.37511, -123.17339 53.3752, -123.17346 53.37528, -123.17352 53.37537, -123.17354 53.37547, -123.17354 53.37557, -123.17349 53.37569, -123.17348 53.37581, -123.17349 53.37592, -123.17355 53.37602, -123.17361 53.37611, -123.1736 53.3762, -123.17353 53.37627, -123.17343 53.37633, -123.17332 53.3764, -123.17269 53.37683, -123.1725 53.37711, -123.17244 53.3772, -123.17232 53.37727, -123.17218 53.37732, -123.17205 53.37734, -123.17189 53.37736, -123.17155 53.37736, -123.17139 53.37734, -123.17125 53.37733, -123.17112 53.37734, -123.17098 53.37735, -123.17083 53.37739, -123.17068 53.37741, -123.1705 53.37741, -123.1704 53.37743, -123.1703 53.37747, -123.1702 53.3775, -123.17008 53.37752, -123.16994 53.37755, -123.16981 53.37757, -123.16967 53.37758, -123.16956 53.37756, -123.16947 53.3775, -123.16943 53.3774, -123.16942 53.37731)), ((-123.16712 53.36814, -123.16708 53.36813, -123.16704 53.36814, -123.16696 53.36812, -123.16693 53.36811, -123.16689 53.36809, -123.16686 53.36808, -123.16682 53.36806, -123.16679 53.36805, -123.16675 53.36801, -123.16667 53.36797, -123.16661 53.36793, -123.16653 53.36791, -123.16649 53.36789, -123.16645 53.36783, -123.16642 53.36781, -123.1664 53.36779, -123.16639 53.36776, -123.16638 53.36774, -123.16636 53.36772, -123.16635 53.36768, -123.16633 53.36765, -123.16632 53.36763, -123.16631 53.3676, -123.16629 53.36758, -123.16627 53.36755, -123.16624 53.36749, -123.16622 53.36747, -123.16622 53.36745, -123.16621 53.36743, -123.1662 53.3674, -123.16619 53.36738, -123.16618 53.36735, -123.16616 53.36732, -123.16614 53.3673, -123.16614 53.36728, -123.16612 53.36726, -123.16611 53.36723, -123.1661 53.36721, -123.1661 53.36719, -123.16609 53.36717, -123.16606 53.36715, -123.16604 53.36714, -123.16602 53.36712, -123.16599 53.3671, -123.16595 53.36706, -123.16592 53.36704, -123.16592 53.36702, -123.1659 53.367, -123.16588 53.36696, -123.16588 53.36693, -123.16586 53.36691, -123.16586 53.36689, -123.16587 53.36687, -123.16587 53.36683, -123.16588 53.36681, -123.16588 53.36679, -123.1659 53.36676, -123.16592 53.36674, -123.16593 53.36672, -123.16595 53.3667, -123.16596 53.36668, -123.16599 53.36665, -123.166 53.36663, -123.16602 53.36661, -123.16603 53.36659, -123.16606 53.36656, -123.16606 53.36653, -123.16609 53.36651, -123.16611 53.36649, -123.16611 53.36647, -123.16612 53.36645, -123.16612 53.36643, -123.16615 53.36642, -123.16617 53.36641, -123.1662 53.36639, -123.16622 53.36637, -123.16625 53.36636, -123.16628 53.36634, -123.1663 53.36632, -123.16639 53.36629, -123.16644 53.36628, -123.16647 53.36626, -123.16652 53.36625, -123.16656 53.36623, -123.16666 53.36621, -123.16674 53.36619, -123.16677 53.36617, -123.16681 53.36616, -123.16684 53.36614, -123.16687 53.36614, -123.16692 53.36613, -123.16695 53.36612, -123.16703 53.3661, -123.16707 53.3661, -123.16713 53.36608, -123.16733 53.36603, -123.16736 53.36603, -123.16741 53.36604, -123.16759 53.36604, -123.16763 53.36603, -123.16771 53.36603, -123.16774 53.36602, -123.16778 53.36602, -123.16782 53.36601, -123.16795 53.36601, -123.16801 53.36602, -123.16806 53.366, -123.1681 53.36601, -123.16814 53.36601, -123.16816 53.36602, -123.16819 53.36603, -123.16823 53.36604, -123.16834 53.36604, -123.16837 53.36603, -123.16841 53.36602, -123.16844 53.36601, -123.16848 53.36601, -123.16854 53.36603, -123.1686 53.36606, -123.16867 53.36613, -123.16869 53.36616, -123.16871 53.36618, -123.16872 53.36621, -123.16875 53.36623, -123.16877 53.36625, -123.16883 53.36629, -123.16887 53.36631, -123.16891 53.36632, -123.16903 53.3664, -123.16905 53.36643, -123.16907 53.36645, -123.16909 53.36648, -123.16913 53.36652, -123.16914 53.36655, -123.16915 53.36657, -123.16921 53.36663, -123.16923 53.36666, -123.16925 53.36668, -123.16927 53.36672, -123.16929 53.36675, -123.16931 53.36677, -123.16932 53.3668, -123.16933 53.36682, -123.16935 53.36685, -123.16936 53.36687, -123.16936 53.36688, -123.16935 53.36691, -123.16934 53.36693, -123.16934 53.36696, -123.16933 53.36698, -123.16932 53.36701, -123.16932 53.36703, -123.1693 53.36706, -123.16929 53.36708, -123.16929 53.36711, -123.16927 53.36713, -123.16927 53.36716, -123.16928 53.36719, -123.16929 53.36721, -123.16931 53.36724, -123.16932 53.36726, -123.16932 53.36729, -123.16934 53.36731, -123.16935 53.36734, -123.16934 53.36737, -123.16934 53.36741, -123.16933 53.36743, -123.16933 53.36749, -123.16929 53.36753, -123.16928 53.36755, -123.16926 53.36757, -123.16922 53.3676, -123.16919 53.36762, -123.16917 53.36763, -123.16913 53.36764, -123.1691 53.36765, -123.16906 53.36766, -123.16899 53.36766, -123.16894 53.36768, -123.16886 53.3677, -123.16882 53.36772, -123.1688 53.36772, -123.16877 53.36774, -123.16873 53.36775, -123.16865 53.36779, -123.16863 53.36781, -123.16861 53.36782, -123.16858 53.36784, -123.16856 53.36785, -123.16853 53.36787, -123.1685 53.36788, -123.16848 53.36789, -123.16844 53.36792, -123.16815 53.36806, -123.16812 53.36807, -123.16804 53.36809, -123.168 53.36809, -123.16776 53.36815, -123.1676 53.36815, -123.16755 53.36814, -123.16751 53.36815, -123.16744 53.36815, -123.16741 53.36816, -123.16738 53.36816, -123.16735 53.36817, -123.16731 53.36817, -123.16728 53.36816, -123.16712 53.36814)))"
46,2023-07-29 10:30:57,2023072201,2023,167.8,Non-corrected airborne GPS,1690009200000,1690137553000,Out of Control,JA70003000,1678417.0521,5451.9599,95,7c3e3272-ed13-4edb-80e6-96c727cf89d3,4995208.1328125,9407.51779393562,https://wildfiresituation.nrs.gov.bc.ca/incidents?fireYear=2023&incidentNumber=G12002,"POLYGON ((-121.823605 54.611297, -121.825437 54.611589, -121.826633 54.611781, -121.827763 54.611978, -121.828902 54.61218, -121.830589 54.612521, -121.831134 54.612655, -121.83219 54.612966, -121.832694 54.613147, -121.833176 54.613347, -121.833632 54.613567, -121.83406 54.613803, -121.834459 54.614054, -121.834826 54.61432, -121.835163 54.614596, -121.835469 54.614879, -121.835745 54.615168, -121.835993 54.615461, -121.836222 54.615754, -121.836436 54.616041, -121.836653 54.616326, -121.836874 54.616606, -121.837105 54.61688, -121.837338 54.617139, -121.837579 54.617391, -121.838052 54.617871, -121.838264 54.618103, -121.838438 54.618335, -121.838565 54.618566, -121.838628 54.618795, -121.838623 54.619019, -121.838541 54.619234, -121.838381 54.619428, -121.838144 54.619597, -121.837837 54.619738, -121.837071 54.619916, -121.83664 54.619962, -121.836197 54.619991, -121.835747 54.620015, -121.835292 54.620041, -121.83484 54.620071, -121.834394 54.620108, -121.833956 54.620152, -121.833527 54.620201, -121.833106 54.620255, -121.832694 54.620314, -121.832287 54.620376, -121.831883 54.620443, -121.831484 54.620511, -121.83109 54.62058, -121.8307 54.62065, -121.830311 54.620722, -121.829926 54.620794, -121.829546 54.620867, -121.829171 54.620941, -121.8288 54.621019, -121.828435 54.621104, -121.828076 54.621197, -121.827723 54.621299, -121.82738 54.62141, -121.827049 54.621527, -121.826726 54.621648, -121.82641 54.621773, -121.826102 54.621899, -121.825796 54.622026, -121.825496 54.622153, -121.825199 54.62228, -121.824906 54.622405, -121.824618 54.622529, -121.824337 54.622652, -121.823791 54.622899, -121.823269 54.623141, -121.823014 54.623259, -121.822761 54.623375, -121.822508 54.623487, -121.822255 54.623597, -121.821747 54.623809, -121.821234 54.62402, -121.820712 54.624231, -121.820447 54.624335, -121.819909 54.624529, -121.819626 54.624619, -121.819052 54.624783, -121.818464 54.624929, -121.817876 54.625069, -121.817007 54.625282, -121.816123 54.625513, -121.81525 54.625728, -121.814964 54.625786, -121.813366 54.625724, -121.812197 54.625297, -121.810962 54.624813, -121.810278 54.624479, -121.809882 54.624205, -121.809557 54.62389, -121.809429 54.62372, -121.809334 54.623542, -121.809281 54.623354, -121.80927 54.623161, -121.809305 54.622966, -121.809382 54.622769, -121.809498 54.622572, -121.809648 54.622379, -121.809824 54.62219, -121.810023 54.622006, -121.810245 54.621829, -121.810768 54.621501, -121.811067 54.621355, -121.811383 54.621218, -121.81171 54.621087, -121.812043 54.620961, -121.812378 54.620835, -121.812713 54.620705, -121.813042 54.620567, -121.813362 54.62042, -121.813671 54.620263, -121.813963 54.620092, -121.814233 54.619904, -121.814475 54.619707, -121.814691 54.619501, -121.814893 54.61929, -121.815084 54.619075, -121.815269 54.618858, -121.815452 54.618645, -121.815631 54.618435, -121.815805 54.618227, -121.815973 54.618022, -121.816132 54.617819, -121.816285 54.617616, -121.816431 54.617412, -121.816563 54.617208, -121.816679 54.616998, -121.816778 54.616785, -121.816863 54.616567, -121.816937 54.616343, -121.816991 54.616113, -121.817021 54.615879, -121.817028 54.615642, -121.817018 54.615403, -121.816996 54.615163, -121.816955 54.614924, -121.816904 54.614687, -121.816815 54.614218, -121.816796 54.613986, -121.816812 54.613756, -121.816874 54.613528, -121.816995 54.613309, -121.817676 54.612704, -121.817991 54.612534, -121.818683 54.61221, -121.819422 54.611901, -121.819977 54.611697, -121.822307 54.611061, -121.823605 54.611297))"
47,2023-07-29 10:30:57,2023072101,2023,8.5,Non-corrected ground GPS,1689922800000,1690042295000,Under Control,JA70003000,85039.0124,3248.9432,96,e48d5caf-7a7a-440b-83e9-42437a41ce73,248397.4921875,5553.20922624532,https://wildfiresituation.nrs.gov.bc.ca/incidents?fireYear=2023&incidentNumber=G12007,"POLYGON ((-123.369236 54.232763, -123.369235 54.232763, -123.369227 54.232763, -123.369195 54.232761, -123.369168 54.232757, -123.369158 54.23275, -123.369135 54.232735, -123.369107 54.232745, -123.369106 54.232745, -123.36906 54.23274, -123.369034 54.232731, -123.36902 54.23276, -123.36898 54.23272, -123.36894 54.23271, -123.368885 54.232684, -123.36876 54.232657, -123.368731 54.232688, -123.3688 54.23271, -123.3688 54.23273, -123.36882 54.23275, -123.36884 54.23279, -123.36879 54.23281, -123.368751 54.232838, -123.368684 54.232838, -123.368635 54.232834, -123.368568 54.232868, -123.36853 54.2329, -123.368578 54.232926, -123.36864 54.23293, -123.36864 54.23295, -123.368584 54.232963, -123.36853 54.23299, -123.368501 54.233017, -123.368435 54.233031, -123.36839 54.233017, -123.368324 54.233019, -123.368294 54.233039, -123.368234 54.233041, -123.368248 54.23301, -123.368205 54.232994, -123.368184 54.23304, -123.36815 54.23303, -123.36804 54.23305, -123.367969 54.233064, -123.367943 54.233125, -123.367946 54.23315, -123.36801 54.23319, -123.368061 54.233194, -123.36811 54.23318, -123.36815 54.23319, -123.3682 54.23316, -123.36823 54.233195, -123.368247 54.233223, -123.36828 54.23323, -123.368258 54.233261, -123.36827 54.233274, -123.36826 54.233327, -123.36832 54.23334, -123.368416 54.233345, -123.368409 54.233381, -123.36837 54.23339, -123.368307 54.233452, -123.3684 54.23346, -123.368414 54.233468, -123.36845 54.23349, -123.368515 54.233497, -123.36856 54.23352, -123.368556 54.233559, -123.36854 54.2336, -123.368515 54.233632, -123.36846 54.23364, -123.368448 54.233657, -123.368414 54.233692, -123.368372 54.233734, -123.368364 54.233754, -123.368295 54.233754, -123.368244 54.233748, -123.36807 54.233787, -123.368001 54.233795, -123.367976 54.233836, -123.367954 54.233874, -123.36796 54.2339, -123.36796 54.23396, -123.367926 54.233983, -123.367878 54.233976, -123.367857 54.233959, -123.367806 54.233959, -123.36775 54.233984, -123.367718 54.234024, -123.367691 54.23406, -123.36771 54.234093, -123.36771 54.23412, -123.367734 54.234128, -123.367674 54.234132, -123.367625 54.234117, -123.367579 54.234149, -123.36753 54.23417, -123.367499 54.234176, -123.367425 54.234148, -123.367357 54.234133, -123.36729 54.234131, -123.36725 54.23413, -123.367215 54.234085, -123.367179 54.234088, -123.36714 54.23408, -123.367092 54.234066, -123.36706 54.23405, -123.367031 54.234014, -123.367005 54.233953, -123.366957 54.233977, -123.366925 54.233983, -123.366877 54.233949, -123.36687 54.23394, -123.366798 54.233945, -123.366719 54.233983, -123.366697 54.234022, -123.366621 54.234047, -123.366586 54.234058, -123.366521 54.234078, -123.36651 54.234105, -123.36647 54.23411, -123.366422 54.234113, -123.366367 54.234091, -123.366298 54.234114, -123.366259 54.234127, -123.36625 54.23415, -123.366183 54.234167, -123.36614 54.234166, -123.3661 54.23419, -123.36605 54.23418, -123.365997 54.234193, -123.365939 54.234213, -123.365912 54.234271, -123.36589 54.2343, -123.36585 54.23432, -123.365746 54.234308, -123.365686 54.234281, -123.36563 54.23426, -123.365593 54.234247, -123.365487 54.234267, -123.365476 54.234315, -123.365486 54.23435, -123.365439 54.2344, -123.36547 54.23443, -123.365472 54.234491, -123.36545 54.23451, -123.36539 54.23453, -123.365314 54.234478, -123.365291 54.23442, -123.365281 54.234365, -123.36525 54.23434, -123.365164 54.234308, -123.36512 54.2343, -123.365051 54.234283, -123.36498 54.23431, -123.36496 54.23433, -123.36481 54.23437, -123.364775 54.234379, -123.364697 54.234376, -123.364637 54.234391, -123.364566 54.234434, -123.364524 54.234438, -123.364475 54.234471, -123.36442 54.234477, -123.364295 54.234458, -123.364249 54.234456, -123.36418 54.234432, -123.364133 54.234435, -123.364035 54.234446, -123.363951 54.234455, -123.36389 54.234461, -123.3639 54.23444, -123.36392 54.23443, -123.36395 54.2344, -123.363934 54.234382, -123.363866 54.234381, -123.363816 54.234348, -123.363823 54.234323, -123.363838 54.23428, -123.363853 54.234236, -123.36384 54.2342, -123.363797 54.234163, -123.36374 54.23414, -123.36374 54.2341, -123.363823 54.234056, -123.36389 54.234003, -123.363949 54.233944, -123.364 54.23388, -123.364025 54.233849, -123.364034 54.233812, -123.363979 54.2338, -123.3639 54.23378, -123.36386 54.23374, -123.363848 54.233696, -123.363774 54.233665, -123.363703 54.233643, -123.36367 54.23363, -123.363601 54.233644, -123.363559 54.233681, -123.363544 54.233708, -123.36351 54.23372, -123.363441 54.233721, -123.36344 54.23372, -123.36337 54.2337, -123.363347 54.233665, -123.363315 54.233652, -123.363252 54.233679, -123.36319 54.23367, -123.363085 54.233699, -123.363059 54.233721, -123.362985 54.233745, -123.36285 54.23374, -123.36281 54.23376, -123.362773 54.233789, -123.362693 54.2338, -123.362638 54.233831, -123.362571 54.233848, -123.362532 54.233861, -123.362493 54.233903, -123.36248 54.23394, -123.362456 54.233965, -123.362419 54.233967, -123.362383 54.233978, -123.362285 54.23399, -123.362274 54.234013, -123.362292 54.234039, -123.362274 54.234091, -123.362296 54.234109, -123.3623 54.23417, -123.36231 54.23422, -123.36232 54.23426, -123.362333 54.234324, -123.362334 54.234352, -123.362308 54.234392, -123.36227 54.23443, -123.362242 54.234449, -123.36216 54.23444, -123.362086 54.234441, -123.36202 54.23445, -123.361955 54.234463, -123.361949 54.234423, -123.361964 54.234395, -123.362 54.234348, -123.36203 54.23431, -123.36206 54.23429, -123.36205 54.234258, -123.362015 54.234193, -123.36199 54.23417, -123.36192 54.234178, -123.361846 54.234175, -123.36181 54.23416, -123.361775 54.234132, -123.361751 54.234085, -123.361735 54.234069, -123.3617 54.234071, -123.361673 54.234058, -123.361617 54.234036, -123.36156 54.234018, -123.361518 54.234006, -123.36146 54.23402, -123.361429 54.234036, -123.36139 54.234039, -123.361321 54.234065, -123.36125 54.23409, -123.36121 54.23409, -123.361092 54.234036, -123.361047 54.234041, -123.361001 54.234041, -123.360916 54.234055, -123.36088 54.23407, -123.360803 54.234074, -123.360773 54.234061, -123.360748 54.234079, -123.36071 54.23406, -123.360681 54.234071, -123.36062 54.23411, -123.36054 54.23411, -123.360506 54.234071, -123.360467 54.234073, -123.360354 54.234098, -123.36022 54.2341, -123.360162 54.234116, -123.360144 54.234138, -123.36006 54.23408, -123.36004 54.23407, -123.36003 54.23404, -123.360047 54.234013, -123.360122 54.234003, -123.360207 54.233999, -123.360293 54.233988, -123.360335 54.233974, -123.36037 54.233967, -123.36042 54.23395, -123.360413 54.233916, -123.36041 54.23389, -123.36044 54.233866, -123.36048 54.233846, -123.360522 54.233823, -123.36054 54.23379, -123.360501 54.233752, -123.360488 54.233728, -123.360444 54.233674, -123.360437 54.233651, -123.3604 54.23365, -123.36038 54.23362, -123.360391 54.23358, -123.360422 54.233544, -123.360512 54.233548, -123.360532 54.23358, -123.36051 54.23362, -123.360533 54.23366, -123.36056 54.233718, -123.3606 54.23374, -123.360588 54.233767, -123.36063 54.23379, -123.360631 54.233791, -123.36059 54.23382, -123.360647 54.233856, -123.360714 54.233838, -123.3608 54.23383, -123.360814 54.233854, -123.36083 54.233899, -123.360838 54.233917, -123.360867 54.233961, -123.36091 54.23397, -123.36098 54.23398, -123.360987 54.233942, -123.36099 54.2339, -123.36099 54.23384, -123.360913 54.23379, -123.36083 54.23372, -123.3608 54.23369, -123.360786 54.233667, -123.360802 54.233649, -123.36084 54.23366, -123.36087 54.23366, -123.360915 54.233691, -123.36095 54.23368, -123.360956 54.233665, -123.361002 54.233668, -123.361087 54.233672, -123.36114 54.23367, -123.36117 54.23365, -123.361219 54.233643, -123.36127 54.23366, -123.361259 54.233688, -123.36126 54.23371, -123.361252 54.233747, -123.361302 54.233793, -123.36132 54.233839, -123.361317 54.233881, -123.36139 54.23389, -123.361454 54.233909, -123.361476 54.233913, -123.361544 54.233908, -123.361568 54.233884, -123.361583 54.233845, -123.361558 54.233804, -123.3615 54.23376, -123.3615 54.23374, -123.361515 54.233709, -123.36149 54.23367, -123.36147 54.23365, -123.36144 54.23361, -123.36146 54.23359, -123.36149 54.23357, -123.361524 54.233543, -123.361526 54.233498, -123.361536 54.233479, -123.361559 54.233465, -123.36159 54.23346, -123.361631 54.233446, -123.36162 54.23342, -123.36164 54.23339, -123.361651 54.233367, -123.36166 54.233319, -123.361667 54.233301, -123.36171 54.23328, -123.36176 54.23329, -123.361766 54.233294, -123.36184 54.233272, -123.361869 54.233259, -123.361937 54.233245, -123.36196 54.23323, -123.361999 54.233241, -123.362009 54.23326, -123.361997 54.233284, -123.361985 54.233301, -123.36196 54.23332, -123.36201 54.23331, -123.36207 54.23332, -123.362071 54.233324, -123.36215 54.23334, -123.36216 54.233348, -123.362183 54.233385, -123.362167 54.233422, -123.36212 54.23345, -123.36205 54.23349, -123.362026 54.23351, -123.36202 54.23351, -123.362024 54.233542, -123.362042 54.233568, -123.362095 54.2336, -123.36211 54.23363, -123.362087 54.233692, -123.36208 54.23369, -123.362054 54.233733, -123.36207 54.23375, -123.36207 54.23379, -123.36213 54.23382, -123.36215 54.23379, -123.362197 54.233797, -123.36225 54.233811, -123.362282 54.233811, -123.362348 54.233773, -123.362372 54.233724, -123.362422 54.233709, -123.362435 54.233686, -123.362408 54.233648, -123.36238 54.23366, -123.362354 54.233599, -123.362352 54.233573, -123.362349 54.233547, -123.362295 54.233522, -123.362275 54.233479, -123.3623 54.233466, -123.36235 54.23344, -123.362375 54.233428, -123.36242 54.23342, -123.362492 54.233412, -123.36256 54.23344, -123.362596 54.233455, -123.36263 54.23343, -123.362627 54.233406, -123.362628 54.233368, -123.36261 54.23333, -123.362568 54.233322, -123.36253 54.233299, -123.36253 54.23327, -123.36258 54.23325, -123.362571 54.233212, -123.362573 54.233194, -123.36264 54.23318, -123.362718 54.233175, -123.362761 54.233185, -123.362831 54.233183, -123.362881 54.233171, -123.362918 54.233166, -123.36299 54.23316, -123.36301 54.23316, -123.363056 54.233149, -123.363102 54.233172, -123.36311 54.23319, -123.363154 54.233204, -123.3631 54.23325, -123.363059 54.233266, -123.363006 54.233267, -123.36299 54.23331, -123.36297 54.23334, -123.362979 54.233346, -123.36303 54.23337, -123.3631 54.233369, -123.36317 54.233356, -123.36325 54.23331, -123.363307 54.2333, -123.36332 54.23327, -123.363353 54.233225, -123.36338 54.23318, -123.36342 54.23314, -123.363438 54.233113, -123.363459 54.233096, -123.363431 54.233071, -123.36345 54.233011, -123.363485 54.233005, -123.36355 54.23307, -123.36361 54.23311, -123.363666 54.233155, -123.363669 54.233176, -123.36371 54.23322, -123.363713 54.233223, -123.36376 54.23322, -123.363781 54.233207, -123.363837 54.233191, -123.363838 54.233168, -123.363879 54.233149, -123.363951 54.233128, -123.364039 54.233092, -123.364074 54.23307, -123.36412 54.23306, -123.36417 54.233051, -123.364258 54.233012, -123.364285 54.23299, -123.36432 54.232968, -123.364366 54.232982, -123.364395 54.233007, -123.36447 54.23301, -123.364495 54.233018, -123.364566 54.233039, -123.364596 54.23305, -123.364676 54.233023, -123.364745 54.232973, -123.364764 54.232946, -123.364812 54.2329, -123.36483 54.232883, -123.364867 54.232858, -123.36495 54.232852, -123.364897 54.232833, -123.36486 54.23282, -123.364854 54.2328, -123.364894 54.232785, -123.364929 54.232759, -123.36492 54.23275, -123.3649 54.23274, -123.364936 54.232702, -123.364979 54.232699, -123.36508 54.2327, -123.365124 54.232728, -123.3652 54.23276, -123.36525 54.23275, -123.365257 54.232751, -123.36529 54.2327, -123.365334 54.232691, -123.365376 54.232696, -123.36539 54.232665, -123.365428 54.232657, -123.365486 54.23266, -123.365566 54.232654, -123.3656 54.232618, -123.3656 54.23261, -123.36557 54.2326, -123.365605 54.232577, -123.365625 54.232558, -123.36565 54.23254, -123.365677 54.232526, -123.365693 54.232517, -123.365742 54.232528, -123.36579 54.23253, -123.36575 54.232508, -123.365787 54.232497, -123.365855 54.232487, -123.365903 54.232468, -123.36591 54.23245, -123.365941 54.232424, -123.36597 54.232412, -123.365956 54.232374, -123.365989 54.232348, -123.36602 54.23233, -123.366028 54.232315, -123.366065 54.232306, -123.366099 54.232298, -123.366182 54.232249, -123.36622 54.23223, -123.36625 54.23224, -123.366274 54.232227, -123.36631 54.23217, -123.366364 54.232102, -123.36641 54.23205, -123.36645 54.23205, -123.366469 54.232029, -123.36654 54.23202, -123.36666 54.23201, -123.366667 54.232018, -123.366745 54.231968, -123.366883 54.231979, -123.36692 54.23196, -123.366984 54.231952, -123.367023 54.231962, -123.367006 54.232002, -123.367005 54.232021, -123.367068 54.232015, -123.36711 54.23201, -123.36715 54.231987, -123.367275 54.232002, -123.367329 54.232014, -123.367406 54.232014, -123.367477 54.232018, -123.367515 54.232038, -123.367546 54.232059, -123.367583 54.232067, -123.36761 54.23204, -123.367721 54.232059, -123.367746 54.232071, -123.367742 54.232103, -123.36781 54.232102, -123.367841 54.232126, -123.367856 54.23215, -123.367901 54.232173, -123.36794 54.232176, -123.36808 54.23214, -123.368118 54.232162, -123.36817 54.23217, -123.368149 54.232139, -123.36814 54.23213, -123.368203 54.232089, -123.368208 54.232058, -123.36823 54.23205, -123.368273 54.232006, -123.368364 54.231984, -123.368431 54.231998, -123.368474 54.231985, -123.368533 54.231968, -123.368594 54.231998, -123.36861 54.23202, -123.368629 54.232037, -123.36868 54.23201, -123.36872 54.23202, -123.368771 54.232042, -123.368833 54.232073, -123.368887 54.232081, -123.368928 54.232088, -123.368971 54.232085, -123.36901 54.232078, -123.36905 54.23211, -123.369092 54.232121, -123.36921 54.23214, -123.36924 54.23215, -123.36931 54.23216, -123.369319 54.232162, -123.36933 54.23219, -123.369391 54.232188, -123.369427 54.232185, -123.369473 54.232192, -123.369454 54.23221, -123.369396 54.232216, -123.369391 54.232236, -123.369362 54.232259, -123.369459 54.232296, -123.36955 54.232308, -123.36959 54.23232, -123.36959 54.23228, -123.369639 54.2323, -123.3697 54.23232, -123.369679 54.232339, -123.369733 54.232392, -123.369754 54.23238, -123.369773 54.232364, -123.369783 54.232276, -123.369819 54.232263, -123.369936 54.232203, -123.369954 54.232174, -123.369908 54.232158, -123.369894 54.232141, -123.36991 54.23211, -123.369855 54.232067, -123.369769 54.232059, -123.369728 54.232049, -123.369639 54.232011, -123.369606 54.232006, -123.369542 54.23201, -123.36947 54.231994, -123.36946 54.23195, -123.36953 54.23195, -123.36955 54.23198, -123.36969 54.23199, -123.36984 54.23203, -123.36994 54.23206, -123.36998 54.23208, -123.37002 54.23206, -123.37006 54.23205, -123.37006 54.232018, -123.370015 54.23197, -123.37 54.23194, -123.369954 54.23193, -123.36992 54.231934, -123.369764 54.231943, -123.369699 54.231956, -123.369676 54.231931, -123.36968 54.2319, -123.369722 54.231865, -123.369747 54.231845, -123.369785 54.231847, -123.36987 54.23188, -123.369875 54.231882, -123.369877 54.231848, -123.369796 54.231793, -123.369833 54.231766, -123.36989 54.231764, -123.36989 54.23176, -123.36992 54.23178, -123.3699 54.23173, -123.369919 54.231705, -123.369927 54.231681, -123.369995 54.23167, -123.37007 54.23166, -123.370087 54.231704, -123.37015 54.23171, -123.370236 54.231688, -123.370283 54.231657, -123.370319 54.231627, -123.3704 54.231641, -123.370468 54.231654, -123.37051 54.23165, -123.370566 54.231686, -123.37063 54.23174, -123.370628 54.231768, -123.370664 54.231776, -123.370724 54.23177, -123.370754 54.231753, -123.370698 54.231826, -123.370665 54.231903, -123.37072 54.23195, -123.370716 54.231953, -123.37073 54.231958, -123.37079 54.23192, -123.370798 54.231882, -123.370824 54.231858, -123.370852 54.231881, -123.37093 54.23193, -123.37093 54.231931, -123.370976 54.231955, -123.370999 54.231981, -123.371053 54.231976, -123.371154 54.23201, -123.371201 54.232032, -123.371246 54.232047, -123.37127 54.23208, -123.371311 54.232107, -123.37137 54.23216, -123.37136 54.232205, -123.3713 54.23226, -123.371275 54.23228, -123.3712 54.23225, -123.37116 54.23223, -123.371108 54.232241, -123.371127 54.2323, -123.37112 54.2323, -123.37113 54.232387, -123.371172 54.232394, -123.371238 54.232409, -123.37126 54.23242, -123.37137 54.23244, -123.371415 54.232485, -123.371375 54.232514, -123.37133 54.232512, -123.37128 54.2325, -123.371217 54.232495, -123.371191 54.232515, -123.371161 54.232507, -123.37112 54.2325, -123.371033 54.232513, -123.370956 54.232557, -123.37092 54.23257, -123.37083 54.23254, -123.3708 54.232562, -123.370804 54.232582, -123.370722 54.232582, -123.37064 54.232563, -123.37057 54.23257, -123.370548 54.232552, -123.3705 54.232564, -123.37048 54.23258, -123.370444 54.232568, -123.3704 54.23258, -123.370353 54.232572, -123.370323 54.232597, -123.370326 54.232617, -123.370255 54.232607, -123.37028 54.232594, -123.370276 54.232563, -123.370236 54.232563, -123.370159 54.232599, -123.37021 54.23261, -123.370166 54.232617, -123.370137 54.232651, -123.370031 54.232663, -123.370002 54.232644, -123.369969 54.232627, -123.369962 54.23261, -123.369844 54.232629, -123.36984 54.23264, -123.369789 54.232682, -123.369761 54.232698, -123.36977 54.23273, -123.369794 54.232752, -123.36975 54.2328, -123.369687 54.23282, -123.369674 54.232861, -123.36963 54.23286, -123.369624 54.232839, -123.36966 54.232816, -123.36964 54.2328, -123.369622 54.232713, -123.369622 54.232708, -123.36962 54.232665, -123.36952 54.232689, -123.36949 54.23273, -123.36946 54.23274, -123.369454 54.232739, -123.369427 54.232734, -123.369461 54.23277, -123.369475 54.232777, -123.36948 54.23278, -123.36949 54.232799, -123.369526 54.232811, -123.36949 54.232823, -123.369454 54.232828, -123.369412 54.23284, -123.369376 54.232845, -123.369395 54.232818, -123.369393 54.232798, -123.369365 54.232774, -123.36933 54.23278, -123.369311 54.232784, -123.369301 54.232783, -123.36927 54.23277, -123.369283 54.23279, -123.369255 54.23278, -123.369236 54.232763))"
48,2023-07-29 10:30:57,2023072201,2023,3.1,Non-corrected airborne GPS,1690009200000,1690137766000,Out of Control,JA70003000,31021.1787,714.6131,97,69dcbd6e-6cce-481e-bdc8-58f325cfb3dc,93111.7578125,1238.15655114274,https://wildfiresituation.nrs.gov.bc.ca/incidents?fireYear=2023&incidentNumber=G12078,"POLYGON ((-122.696808 54.792224, -122.696375 54.79227, -122.696223 54.79234, -122.69619 54.792363, -122.695158 54.792445, -122.694165 54.792003, -122.693274 54.791256, -122.692969 54.790859, -122.693245 54.79047, -122.693647 54.790409, -122.694332 54.790513, -122.694549 54.790584, -122.695177 54.790846, -122.695775 54.791165, -122.696138 54.791413, -122.696593 54.791968, -122.696808 54.792224))"
49,2023-07-29 10:30:57,2023072201,2023,1.4,Non-corrected airborne GPS,1690009200000,1690138029000,Being Held,JA70003000,13711.4288,427.688,98,98379e74-e52d-4409-9e91-f7837d871433,40703.7890625,736.701628072142,https://wildfiresituation.nrs.gov.bc.ca/incidents?fireYear=2023&incidentNumber=G12085,"POLYGON ((-121.851884 54.566995, -121.851228 54.567003, -121.850828 54.566801, -121.850702 54.566589, -121.850654 54.566114, -121.851055 54.565729, -121.851407 54.565675, -121.851918 54.56576, -121.852184 54.565887, -121.852468 54.5661, -121.852554 54.566254, -121.852393 54.566584, -121.852044 54.566866, -121.851884 54.566995))"
50,2023-07-29 10:30:57,2023071201,2023,187.7,Non-corrected airborne GPS,1689145200000,1689559790000,Under Control,JA70003000,1876936.859,5778.7523,101,03c98e67-81f3-4149-a6dc-56eebac207b7,5267859.3046875,9680.39698354538,https://wildfiresituation.nrs.gov.bc.ca/incidents?fireYear=2023&incidentNumber=G11240,"POLYGON ((-123.341493 53.391789, -123.341596 53.39212, -123.341746 53.392477, -123.341945 53.392862, -123.342057 53.39312, -123.342149 53.393512, -123.342141 53.393768, -123.342063 53.39402, -123.341945 53.394255, -123.341737 53.394565, -123.341525 53.394824, -123.341313 53.395064, -123.341129 53.395279, -123.340971 53.395484, -123.340783 53.39569, -123.340507 53.395894, -123.340125 53.396062, -123.339678 53.396163, -123.339285 53.396269, -123.338983 53.39644, -123.338711 53.396658, -123.338454 53.396944, -123.338209 53.397251, -123.338007 53.397538, -123.337822 53.397817, -123.337569 53.398079, -123.337145 53.398257, -123.33662 53.398343, -123.336101 53.398392, -123.335622 53.398449, -123.335164 53.398513, -123.334694 53.398578, -123.33423 53.398643, -123.333756 53.398708, -123.333209 53.398774, -123.332592 53.398882, -123.33195 53.398995, -123.331306 53.399067, -123.33067 53.399118, -123.33003 53.399156, -123.329414 53.399197, -123.328811 53.399229, -123.328258 53.399247, -123.327794 53.399275, -123.327435 53.39932, -123.327227 53.399457, -123.327116 53.399646, -123.326991 53.399755, -123.326799 53.399914, -123.326541 53.400092, -123.326294 53.400184, -123.325999 53.400247, -123.3255 53.400292, -123.324986 53.400235, -123.324537 53.4001, -123.324118 53.399959, -123.323678 53.399882, -123.323228 53.399821, -123.322763 53.399768, -123.32232 53.399691, -123.321941 53.399533, -123.321686 53.399286, -123.321518 53.398984, -123.321403 53.39866, -123.321325 53.398356, -123.321241 53.398071, -123.321085 53.397803, -123.320874 53.397564, -123.320653 53.397345, -123.320508 53.397113, -123.320576 53.39684, -123.320826 53.396505, -123.321088 53.396127, -123.321316 53.395722, -123.32161 53.395319, -123.321926 53.394896, -123.322259 53.394483, -123.322576 53.394069, -123.322859 53.393677, -123.323141 53.393305, -123.323384 53.392927, -123.323576 53.392565, -123.323747 53.392216, -123.323869 53.391861, -123.323929 53.391515, -123.323879 53.391212, -123.32373 53.390942, -123.323475 53.390724, -123.323118 53.390582, -123.322746 53.390429, -123.322575 53.390277, -123.322483 53.390019, -123.322565 53.389769, -123.322618 53.389558, -123.322516 53.389422, -123.322157 53.389304, -123.321693 53.389218, -123.321214 53.389085, -123.320833 53.388876, -123.320621 53.388646, -123.32042 53.38848, -123.320206 53.388321, -123.319947 53.388135, -123.319882 53.387875, -123.32016 53.387664, -123.320643 53.387545, -123.321205 53.387498, -123.32176 53.387445, -123.322243 53.387353, -123.322698 53.387221, -123.323111 53.387049, -123.323502 53.386861, -123.323973 53.386698, -123.32454 53.386566, -123.32509 53.386487, -123.325551 53.386427, -123.325928 53.386373, -123.326258 53.386268, -123.326494 53.386038, -123.326685 53.385778, -123.326986 53.385547, -123.327459 53.385436, -123.327964 53.385506, -123.32847 53.385694, -123.32897 53.385957, -123.32939 53.386238, -123.329794 53.386417, -123.330119 53.386402, -123.330257 53.386253, -123.330271 53.385997, -123.33022 53.385668, -123.330234 53.385309, -123.330409 53.384935, -123.330658 53.384713, -123.33118 53.384462, -123.331572 53.384361, -123.332196 53.384275, -123.332807 53.384269, -123.333314 53.384332, -123.333763 53.384462, -123.334194 53.384659, -123.334593 53.384861, -123.335056 53.385047, -123.335575 53.385212, -123.33607 53.385357, -123.33651 53.385496, -123.337024 53.385612, -123.337643 53.385725, -123.338255 53.385879, -123.338809 53.386068, -123.339258 53.386264, -123.339635 53.386457, -123.339991 53.386678, -123.340324 53.386911, -123.34058 53.387138, -123.340864 53.387362, -123.341277 53.387628, -123.341759 53.387947, -123.342076 53.388323, -123.342113 53.388775, -123.342046 53.389163, -123.342034 53.38923, -123.342023 53.389689, -123.342135 53.390167, -123.342109 53.39062, -123.34185 53.391029, -123.341643 53.391152, -123.341539 53.391321, -123.34149 53.391613, -123.341493 53.391789))"
51,2023-07-29 10:30:57,2023072301,2023,15257.3,Non-corrected airborne GPS,1690095600000,1690161540000,Out of Control,JA70003000,152573141.9373,93645.3066,102,603902fe-31df-4330-a93b-51ba370db3cf,481937878.429688,166525.414101164,https://wildfiresituation.nrs.gov.bc.ca/incidents?fireYear=2023&incidentNumber=G50851,"MULTIPOLYGON (((-125.346304 55.877468, -125.345463 55.877363, -125.344672 55.877459, -125.344132 55.877424, -125.343229 55.877199, -125.342434 55.87688, -125.341256 55.876035, -125.340423 55.874764, -125.33939 55.873885, -125.339179 55.873024, -125.339659 55.871881, -125.339688 55.871423, -125.339337 55.870479, -125.338463 55.869105, -125.338545 55.867487, -125.338431 55.867173, -125.338174 55.866933, -125.337166 55.866523, -125.334772 55.865963, -125.333306 55.865778, -125.328683 55.865448, -125.326695 55.865033, -125.325334 55.864615, -125.323666 55.863785, -125.322094 55.862702, -125.321453 55.862046, -125.32002 55.860105, -125.319435 55.859627, -125.318761 55.859303, -125.317505 55.859046, -125.316158 55.859161, -125.315024 55.859384, -125.311626 55.860279, -125.306463 55.860806, -125.303678 55.861406, -125.302618 55.861544, -125.30105 55.861492, -125.299705 55.861076, -125.298676 55.86102, -125.29829 55.860697, -125.297661 55.86073, -125.297364 55.860517, -125.297585 55.860004, -125.297146 55.859513, -125.297049 55.858954, -125.297171 55.858444, -125.297475 55.857959, -125.298101 55.857463, -125.299236 55.856989, -125.300619 55.856579, -125.301863 55.856448, -125.301914 55.856283, -125.301658 55.855632, -125.302091 55.854997, -125.301936 55.854707, -125.301254 55.854085, -125.300078 55.853307, -125.298924 55.852829, -125.297662 55.852625, -125.29728 55.852491, -125.297045 55.852131, -125.297074 55.851689, -125.29743 55.851352, -125.298611 55.850657, -125.300922 55.849734, -125.301665 55.849359, -125.302031 55.849073, -125.302513 55.848355, -125.302803 55.848106, -125.303162 55.847999, -125.304104 55.847959, -125.304334 55.847792, -125.304111 55.847464, -125.30342 55.846981, -125.300745 55.845616, -125.299807 55.845281, -125.297907 55.844987, -125.297107 55.844702, -125.296227 55.844152, -125.295477 55.843449, -125.295451 55.843085, -125.295726 55.842505, -125.297002 55.84151, -125.297299 55.841146, -125.297302 55.840701, -125.296834 55.839631, -125.296862 55.83879, -125.297772 55.837143, -125.298457 55.836439, -125.299243 55.836068, -125.299972 55.836062, -125.300155 55.836168, -125.300407 55.836627, -125.301199 55.836853, -125.301514 55.837131, -125.301614 55.83746, -125.301529 55.837894, -125.300579 55.838784, -125.300276 55.839572, -125.300374 55.839975, -125.300616 55.84032, -125.300964 55.840552, -125.301498 55.84075, -125.302151 55.840867, -125.302899 55.840823, -125.304355 55.840586, -125.306136 55.840133, -125.306945 55.840005, -125.307509 55.840005, -125.308735 55.840155, -125.30924 55.840135, -125.310245 55.839871, -125.311515 55.839223, -125.312712 55.839069, -125.313081 55.839217, -125.313457 55.839625, -125.313265 55.840814, -125.31345 55.841108, -125.314361 55.841152, -125.314201 55.841404, -125.315622 55.841148, -125.316889 55.841213, -125.317824 55.841711, -125.319267 55.841982, -125.320836 55.84275, -125.321906 55.843005, -125.322446 55.842975, -125.32309 55.842789, -125.323443 55.842623, -125.324037 55.84215, -125.32485 55.841884, -125.325053 55.841659, -125.325354 55.840926, -125.326333 55.840147, -125.327416 55.83976, -125.328537 55.839734, -125.329045 55.839247, -125.32915 55.838781, -125.329127 55.837536, -125.328681 55.835461, -125.32782 55.83326, -125.326564 55.830945, -125.326007 55.829379, -125.325894 55.828245, -125.326065 55.827848, -125.326566 55.827503, -125.321087 55.827342, -125.317072 55.825966, -125.312615 55.824687, -125.310395 55.8236, -125.310724 55.823064, -125.313941 55.822007, -125.316196 55.821123, -125.31964 55.820682, -125.31774 55.820046, -125.317073 55.819305, -125.316614 55.819207, -125.316107 55.81921, -125.315352 55.819615, -125.31492 55.819695, -125.313687 55.819713, -125.312527 55.819623, -125.311585 55.819448, -125.310842 55.819198, -125.310411 55.818951, -125.310035 55.818524, -125.309734 55.818367, -125.309287 55.818251, -125.308729 55.818221, -125.307267 55.818358, -125.306088 55.818797, -125.3044 55.819017, -125.303209 55.819446, -125.301547 55.820324, -125.300612 55.820956, -125.300008 55.821611, -125.299581 55.822448, -125.299466 55.823357, -125.299685 55.82452, -125.299897 55.825136, -125.300597 55.826177, -125.300776 55.826639, -125.300668 55.827359, -125.30036 55.827781, -125.299845 55.828024, -125.29914 55.828202, -125.298475 55.828216, -125.29687 55.828083, -125.295998 55.828124, -125.294335 55.828325, -125.293212 55.828653, -125.292203 55.829313, -125.291592 55.830248, -125.291259 55.830561, -125.290693 55.830863, -125.289856 55.831022, -125.289105 55.831665, -125.287229 55.832546, -125.286845 55.83296, -125.286055 55.834266, -125.285276 55.834938, -125.284283 55.8356, -125.282783 55.836387, -125.281229 55.837019, -125.279277 55.837629, -125.277478 55.838033, -125.27572 55.838257, -125.274491 55.838272, -125.272103 55.838046, -125.26809 55.837272, -125.266394 55.837047, -125.263986 55.83701, -125.261772 55.837289, -125.260744 55.837234, -125.259761 55.837077, -125.258527 55.836715, -125.258104 55.836509, -125.257417 55.836589, -125.250641 55.836738, -125.248244 55.838147, -125.246486 55.84155, -125.247781 55.844687, -125.249759 55.847544, -125.25039 55.850013, -125.24797 55.852559, -125.246814 55.85308, -125.242933 55.851887, -125.242325 55.851669, -125.241403 55.851394, -125.240427 55.851163, -125.239744 55.851067, -125.238727 55.851045, -125.238073 55.851062, -125.23547 55.851756, -125.234633 55.851858, -125.234016 55.851829, -125.23328 55.851823, -125.232408 55.851722, -125.231742 55.851634, -125.231752 55.851451, -125.23176 55.851296, -125.231287 55.851191, -125.230743 55.851011, -125.23022 55.850741, -125.229565 55.850557, -125.22889 55.850885, -125.228407 55.851191, -125.228051 55.851381, -125.227636 55.851414, -125.227125 55.851455, -125.226621 55.851388, -125.226193 55.851142, -125.226015 55.850756, -125.225942 55.850597, -125.225622 55.849898, -125.225557 55.849044, -125.22605 55.848205, -125.226357 55.847734, -125.226747 55.847308, -125.226709 55.846425, -125.226722 55.845398, -125.226729 55.84507, -125.227124 55.844328, -125.227329 55.843283, -125.2282 55.842611, -125.228279 55.842023, -125.228187 55.841232, -125.228052 55.840463, -125.227952 55.839021, -125.22847 55.837498, -125.228487 55.83661, -125.228263 55.836014, -125.227671 55.835226, -125.227351 55.835027, -125.226801 55.834686, -125.226585 55.834212, -125.226749 55.833676, -125.226895 55.832874, -125.227413 55.832152, -125.228211 55.831504, -125.228223 55.831494, -125.229023 55.83082, -125.229499 55.830038, -125.229488 55.829211, -125.229313 55.828791, -125.229154 55.82841, -125.229008 55.828003, -125.228875 55.827629, -125.228821 55.827115, -125.228794 55.826855, -125.228798 55.826812, -125.228856 55.826278, -125.228878 55.826076, -125.229022 55.825254, -125.229189 55.824374, -125.229388 55.823443, -125.229575 55.822495, -125.22966 55.821582, -125.22922 55.820858, -125.228373 55.820577, -125.227508 55.820614, -125.226443 55.820715, -125.22522 55.8208, -125.223922 55.820887, -125.2226 55.820966, -125.221312 55.821089, -125.22012 55.821317, -125.219019 55.821618, -125.217931 55.821873, -125.216946 55.821801, -125.216202 55.821366, -125.215498 55.820799, -125.21485 55.820152, -125.214574 55.819452, -125.214709 55.818802, -125.215061 55.818186, -125.215345 55.817499, -125.215679 55.816835, -125.216131 55.816217, -125.216806 55.815836, -125.217593 55.815842, -125.218489 55.81602, -125.219554 55.816203, -125.220706 55.816378, -125.221925 55.816495, -125.223176 55.816349, -125.224302 55.815973, -125.225423 55.815675, -125.226589 55.815461, -125.227831 55.815252, -125.228829 55.814811, -125.229266 55.8142, -125.229744 55.813665, -125.230605 55.813372, -125.231681 55.813247, -125.232804 55.813064, -125.233859 55.81274, -125.234905 55.8123, -125.235666 55.811673, -125.235819 55.810871, -125.235473 55.810014, -125.234546 55.809251, -125.233203 55.808825, -125.231806 55.808705, -125.230398 55.808777, -125.228998 55.808995, -125.227558 55.809273, -125.226099 55.809533, -125.224543 55.809737, -125.223002 55.809716, -125.221693 55.809371, -125.220736 55.808735, -125.219852 55.807982, -125.218951 55.807146, -125.218025 55.806306, -125.217131 55.805517, -125.216321 55.804834, -125.2156 55.804172, -125.215152 55.803413, -125.215268 55.802626, -125.215893 55.801894, -125.216724 55.801198, -125.217833 55.800605, -125.219155 55.800078, -125.220681 55.799586, -125.222197 55.799022, -125.22369 55.798421, -125.225135 55.797795, -125.226477 55.797108, -125.227714 55.796385, -125.228937 55.795673, -125.230202 55.795028, -125.2316 55.79458, -125.233038 55.794497, -125.234316 55.79468, -125.235566 55.794925, -125.236855 55.794921, -125.238135 55.794692, -125.239512 55.794459, -125.240969 55.794248, -125.242482 55.794068, -125.244026 55.793875, -125.245606 55.793661, -125.247263 55.793453, -125.24888 55.793097, -125.250408 55.792634, -125.251931 55.792128, -125.253466 55.791597, -125.255015 55.791053, -125.256614 55.790558, -125.25829 55.790108, -125.260037 55.789772, -125.261828 55.789476, -125.263624 55.789163, -125.265423 55.788904, -125.267244 55.788671, -125.269056 55.788369, -125.27083 55.787989, -125.272626 55.787558, -125.274448 55.787151, -125.275611 55.787003, -125.275766 55.786692, -125.276857 55.786092, -125.277952 55.785272, -125.279149 55.784288, -125.279556 55.783519, -125.279598 55.781206, -125.278458 55.779052, -125.278958 55.778559, -125.280051 55.777849, -125.281244 55.777085, -125.282134 55.776705, -125.282839 55.775772, -125.284532 55.77446, -125.287494 55.773541, -125.28996 55.772894, -125.292229 55.772301, -125.295282 55.771767, -125.297355 55.771173, -125.301009 55.769982, -125.304065 55.769227, -125.307111 55.769134, -125.311837 55.768334, -125.315182 55.767911, -125.316852 55.767865, -125.318396 55.767946, -125.319135 55.767713, -125.320488 55.767332, -125.321909 55.766914, -125.32329 55.766405, -125.324643 55.765887, -125.326106 55.765537, -125.327645 55.765255, -125.329271 55.764996, -125.331003 55.764777, -125.332824 55.764622, -125.334713 55.764505, -125.336644 55.764401, -125.338615 55.764323, -125.340553 55.764261, -125.342468 55.764254, -125.344382 55.764262, -125.346295 55.764202, -125.348161 55.763999, -125.349965 55.763668, -125.351744 55.763329, -125.353553 55.763051, -125.355423 55.762889, -125.357351 55.76292, -125.359291 55.76306, -125.361222 55.763287, -125.363151 55.76354, -125.365106 55.76361, -125.367074 55.763554, -125.369063 55.763549, -125.371052 55.763617, -125.372985 55.763719, -125.374882 55.763823, -125.376781 55.763889, -125.378687 55.763921, -125.380587 55.763938, -125.382495 55.763975, -125.384427 55.764009, -125.386396 55.764016, -125.388348 55.76399, -125.390282 55.763945, -125.3922 55.763874, -125.394107 55.763748, -125.395978 55.763562, -125.397796 55.763358, -125.399505 55.763329, -125.401033 55.763565, -125.40245 55.763971, -125.403616 55.764604, -125.404229 55.76507, -125.406824 55.765122, -125.408502 55.765983, -125.408541 55.766007, -125.408633 55.765999, -125.41017 55.765819, -125.411774 55.765702, -125.413452 55.76565, -125.415237 55.7656, -125.417039 55.765522, -125.41882 55.765491, -125.420561 55.765559, -125.422249 55.765732, -125.42394 55.765856, -125.4256 55.765837, -125.427001 55.765884, -125.42841 55.766087, -125.429503 55.766567, -125.429516 55.76658, -125.430171 55.767255, -125.430912 55.767916, -125.432108 55.768314, -125.433553 55.768512, -125.435101 55.768633, -125.436704 55.768677, -125.438286 55.768546, -125.439599 55.768098, -125.440847 55.767578, -125.44229 55.767294, -125.443832 55.76736, -125.445346 55.76767, -125.446876 55.768073, -125.44838 55.768573, -125.449855 55.769167, -125.451319 55.769797, -125.452932 55.770131, -125.454546 55.770047, -125.456098 55.769722, -125.457127 55.769541, -125.45772 55.769437, -125.459399 55.769373, -125.461042 55.769462, -125.462594 55.769691, -125.464157 55.769954, -125.465516 55.770232, -125.465811 55.770176, -125.466994 55.769551, -125.467549 55.769381, -125.468817 55.769276, -125.470068 55.769395, -125.471237 55.769925, -125.472244 55.770693, -125.472567 55.771117, -125.473054 55.772159, -125.473437 55.772578, -125.473598 55.772667, -125.47496 55.773078, -125.47647 55.773705, -125.477873 55.774445, -125.479229 55.775214, -125.480707 55.775858, -125.482388 55.77624, -125.484134 55.776456, -125.485888 55.77664, -125.487635 55.776872, -125.487754 55.776901, -125.489309 55.777271, -125.490895 55.777807, -125.492033 55.778278, -125.492845 55.778919, -125.493643 55.779434, -125.494829 55.779951, -125.495807 55.780117, -125.497435 55.780427, -125.498903 55.780577, -125.499388 55.78051, -125.500684 55.780061, -125.501845 55.77986, -125.502536 55.779838, -125.502748 55.779834, -125.503723 55.779997, -125.504933 55.779908, -125.50611 55.779939, -125.508192 55.780225, -125.513289 55.78127, -125.514673 55.781739, -125.515151 55.78194, -125.516425 55.782797, -125.519873 55.784402, -125.523381 55.786862, -125.525795 55.788153, -125.527036 55.788616, -125.52896 55.788915, -125.530459 55.789348, -125.531933 55.789956, -125.53381 55.791008, -125.536118 55.791846, -125.536967 55.792403, -125.537529 55.79345, -125.538649 55.794456, -125.539414 55.7949, -125.539742 55.795021, -125.539966 55.795103, -125.540336 55.795142, -125.541172 55.795057, -125.541424 55.795102, -125.542046 55.795723, -125.543804 55.796602, -125.544711 55.797334, -125.545791 55.79776, -125.547305 55.798397, -125.547703 55.798581, -125.550205 55.799315, -125.550926 55.799641, -125.551848 55.800277, -125.552311 55.800481, -125.552874 55.800518, -125.554665 55.800282, -125.555354 55.80042, -125.556325 55.800762, -125.557216 55.801228, -125.558593 55.802177, -125.560846 55.804032, -125.562128 55.804752, -125.56324 55.805203, -125.564535 55.805542, -125.56624 55.805838, -125.567783 55.806049, -125.5707 55.806306, -125.57262 55.806665, -125.573719 55.807013, -125.574262 55.807339, -125.574976 55.808096, -125.576841 55.808863, -125.57871 55.810033, -125.580199 55.811231, -125.581213 55.81242, -125.582126 55.813065, -125.582718 55.81435, -125.58398 55.814423, -125.58901 55.817908, -125.592785 55.820286, -125.596539 55.824791, -125.597917 55.827634, -125.59803 55.830394, -125.602077 55.833876, -125.605284 55.83696, -125.607102 55.838228, -125.608213 55.839808, -125.608487 55.840518, -125.611451 55.839818, -125.612998 55.83998, -125.61439 55.84164, -125.614792 55.84377, -125.615064 55.844717, -125.616461 55.845904, -125.616024 55.8474, -125.616432 55.8489, -125.616562 55.850004, -125.614869 55.850314, -125.613179 55.850309, -125.611638 55.849516, -125.610798 55.848961, -125.608971 55.84864, -125.607988 55.848322, -125.608845 55.847063, -125.608713 55.846195, -125.60633 55.845084, -125.604514 55.843659, -125.6031 55.844207, -125.601116 55.845462, -125.599982 55.846247, -125.59955 55.847113, -125.596445 55.847813, -125.594754 55.847886, -125.595185 55.847099, -125.594062 55.846701, -125.595059 55.845679, -125.595774 55.844578, -125.596915 55.843162, -125.595512 55.842606, -125.592986 55.84181, -125.592412 55.842833, -125.59311 55.843466, -125.591974 55.844329, -125.589861 55.84448, -125.588456 55.84416, -125.588609 55.842978, -125.588054 55.842188, -125.586082 55.84226, -125.586235 55.841078, -125.587376 55.839663, -125.588798 55.838327, -125.589232 55.837225, -125.589813 55.835492, -125.591938 55.834159, -125.591532 55.832581, -125.590282 55.830921, -125.587881 55.831701, -125.585898 55.832878, -125.585188 55.833506, -125.585173 55.834925, -125.584462 55.835553, -125.582632 55.835547, -125.582062 55.836255, -125.579809 55.836248, -125.577558 55.836082, -125.576857 55.835844, -125.573888 55.837016, -125.572053 55.837404, -125.571371 55.835431, -125.56799 55.835577, -125.563493 55.834852, -125.558285 55.834834, -125.556581 55.836089, -125.554323 55.836555, -125.551789 55.836546, -125.549403 55.835906, -125.546158 55.836526, -125.545023 55.83731, -125.545016 55.837862, -125.543171 55.839116, -125.541595 55.841476, -125.541579 55.842895, -125.540447 55.843364, -125.538625 55.842648, -125.539204 55.84131, -125.537376 55.841066, -125.535975 55.840431, -125.535991 55.83909, -125.53545 55.837196, -125.536315 55.835465, -125.53577 55.833886, -125.536634 55.832312, -125.538474 55.831452, -125.537915 55.831056, -125.534108 55.831594, -125.529602 55.831735, -125.525377 55.831876, -125.521992 55.832416, -125.518748 55.832876, -125.516643 55.832395, -125.51877 55.831142, -125.518788 55.829644, -125.51583 55.82979, -125.513418 55.831358, -125.511449 55.831193, -125.512451 55.829856, -125.509779 55.829609, -125.507239 55.830151, -125.504843 55.830379, -125.503567 55.829841, -125.503348 55.830455, -125.50274 55.831105, -125.502223 55.831346, -125.501208 55.831617, -125.499233 55.831829, -125.496871 55.831845, -125.495938 55.83169, -125.495224 55.831465, -125.494839 55.831234, -125.494471 55.830857, -125.493612 55.82954, -125.492963 55.829053, -125.492294 55.828768, -125.490531 55.82853, -125.487748 55.828485, -125.486141 55.828318, -125.486059 55.82813, -125.481867 55.826818, -125.480359 55.826545, -125.478723 55.826118, -125.476392 55.825156, -125.475565 55.82489, -125.474293 55.82468, -125.472832 55.824581, -125.469967 55.824813, -125.467223 55.82454, -125.466093 55.82459, -125.464936 55.824748, -125.463459 55.825137, -125.461893 55.825765, -125.461028 55.82623, -125.460068 55.827002, -125.459542 55.827145, -125.458807 55.827228, -125.456314 55.827345, -125.454904 55.827335, -125.452468 55.827038, -125.449929 55.826981, -125.447768 55.82667, -125.446371 55.826633, -125.445128 55.826724, -125.444018 55.826942, -125.442793 55.827587, -125.440862 55.827648, -125.439313 55.827518, -125.437098 55.827187, -125.433671 55.826435, -125.43129 55.826228, -125.429788 55.826288, -125.426177 55.826687, -125.424331 55.826791, -125.413078 55.826811, -125.408265 55.827111, -125.402917 55.827798, -125.397855 55.828647, -125.392451 55.829813, -125.390151 55.830458, -125.388966 55.830928, -125.388465 55.831236, -125.388202 55.83153, -125.388218 55.83201, -125.388104 55.832206, -125.38654 55.833062, -125.386542 55.833257, -125.387086 55.83372, -125.38715 55.833969, -125.386872 55.834332, -125.38618 55.834738, -125.384611 55.835372, -125.383369 55.835726, -125.380328 55.836133, -125.378703 55.836502, -125.377858 55.836929, -125.377072 55.837759, -125.376059 55.838357, -125.375139 55.838696, -125.372431 55.83945, -125.370772 55.840125, -125.369699 55.840671, -125.368503 55.841549, -125.367427 55.843007, -125.365672 55.84421, -125.36433 55.84623, -125.362174 55.847671, -125.361521 55.848244, -125.360442 55.849652, -125.359856 55.851107, -125.359781 55.85171, -125.359926 55.852929, -125.359496 55.853914, -125.36001 55.854789, -125.359945 55.855391, -125.359142 55.856261, -125.357835 55.856978, -125.357525 55.857308, -125.357574 55.857577, -125.358126 55.858268, -125.358228 55.858585, -125.357773 55.859662, -125.358043 55.860904, -125.357073 55.861773, -125.356903 55.862037, -125.357242 55.862703, -125.357217 55.862889, -125.356251 55.863356, -125.355187 55.863705, -125.352186 55.864447, -125.349056 55.865103, -125.347654 55.865516, -125.346027 55.866261, -125.345574 55.866694, -125.345148 55.867327, -125.344884 55.86818, -125.344996 55.868992, -125.345897 55.869727, -125.345956 55.870414, -125.346824 55.870651, -125.347324 55.871008, -125.347502 55.871527, -125.347324 55.872138, -125.348529 55.87267, -125.348692 55.872989, -125.34879 55.873722, -125.348702 55.87494, -125.348181 55.876101, -125.347353 55.877062, -125.346794 55.877355, -125.346304 55.877468)), ((-125.215262 55.822408, -125.215305 55.822328, -125.215377 55.8223, -125.215438 55.822245, -125.215433 55.822219, -125.215535 55.822191, -125.215587 55.822118, -125.215563 55.822058, -125.215633 55.822057, -125.215786 55.822054, -125.21602 55.821958, -125.216181 55.822038, -125.216373 55.822095, -125.216484 55.822112, -125.21649 55.822197, -125.2165 55.822216, -125.216499 55.822295, -125.216437 55.822353, -125.216324 55.822404, -125.216278 55.822421, -125.216127 55.822437, -125.216016 55.822421, -125.215967 55.822425, -125.215929 55.822429, -125.21585 55.822439, -125.215794 55.822407, -125.215747 55.822439, -125.215426 55.822545, -125.215216 55.822527, -125.215086 55.822484, -125.215262 55.822408)))"
52,2023-07-29 10:30:57,2023072501,2023,5667.3,Derived from satellite imagery,1690268400000,1690577411000,Out of Control,JA70003000,56672585.7096,45577.9023,103,2618c599-58f3-4714-bc51-b1223d4b4a79,179786160.3125,81179.7854364615,https://wildfiresituation.nrs.gov.bc.ca/incidents?fireYear=2023&incidentNumber=G50856,"POLYGON ((-126.394603 55.933963, -126.387396 55.930843, -126.384509 55.933127, -126.383768 55.936705, -126.38106 55.937471, -126.3795 55.936609, -126.37908 55.933252, -126.377899 55.931413, -126.37148 55.929374, -126.364889 55.92961, -126.36101 55.929513, -126.359051 55.927351, -126.357491 55.926381, -126.361161 55.924853, -126.3695 55.924938, -126.374531 55.923839, -126.377221 55.92134, -126.372558 55.92027, -126.367698 55.918876, -126.366126 55.916605, -126.362624 55.915207, -126.359708 55.914348, -126.358401 55.913384, -126.352902 55.913114, -126.347826 55.912784, -126.34691 55.91356, -126.343693 55.914858, -126.341246 55.916411, -126.337243 55.915735, -126.334948 55.917116, -126.33203 55.917467, -126.330784 55.91558, -126.32998 55.91323, -126.32909 55.91302, -126.32828 55.91274, -126.32757 55.91242, -126.32705 55.91214, -126.323841 55.912676, -126.321233 55.91337, -126.320304 55.912513, -126.31952 55.910711, -126.315674 55.910377, -126.312898 55.909266, -126.308137 55.909794, -126.30322 55.910149, -126.300874 55.910155, -126.293907 55.911629, -126.290176 55.912126, -126.286117 55.911332, -126.284799 55.910019, -126.287538 55.909063, -126.290113 55.90649, -126.294586 55.905657, -126.299802 55.905453, -126.30434 55.905359, -126.308562 55.903805, -126.311807 55.902427, -126.312836 55.900378, -126.313226 55.89839, -126.313448 55.896099, -126.30591 55.894104, -126.30234 55.890338, -126.305125 55.886647, -126.299119 55.88275, -126.294636 55.878422, -126.294004 55.874908, -126.296369 55.869009, -126.293776 55.865267, -126.296418 55.861634, -126.297653 55.856938, -126.297745 55.852244, -126.302041 55.849104, -126.302585 55.84787, -126.302977 55.846892, -126.304043 55.845543, -126.304889 55.843962, -126.305269 55.843139, -126.305904 55.841718, -126.306403 55.840684, -126.306951 55.840037, -126.308379 55.839853, -126.310177 55.8399, -126.311193 55.840052, -126.313087 55.840538, -126.315205 55.840171, -126.316678 55.839884, -126.317625 55.839597, -126.318194 55.839235, -126.319116 55.839129, -126.320833 55.839447, -126.321363 55.839524, -126.321985 55.839689, -126.322999 55.840023, -126.323578 55.840343, -126.324827 55.841293, -126.325232 55.841489, -126.325653 55.841601, -126.326267 55.841675, -126.326775 55.841703, -126.327143 55.841681, -126.327356 55.841613, -126.327443 55.8415, -126.327469 55.841325, -126.327331 55.840431, -126.327404 55.840304, -126.32759 55.84025, -126.327832 55.840249, -126.328145 55.840291, -126.328932 55.840492, -126.329789 55.840813, -126.330329 55.841114, -126.330649 55.841484, -126.331113 55.842528, -126.331446 55.842961, -126.332077 55.84341, -126.333924 55.844419, -126.334295 55.84471, -126.334506 55.844987, -126.334563 55.845178, -126.334548 55.845361, -126.334129 55.846078, -126.334091 55.846378, -126.334309 55.846692, -126.335164 55.84741, -126.335282 55.847598, -126.335307 55.847794, -126.335246 55.848005, -126.335097 55.848246, -126.334179 55.849297, -126.334193 55.849602, -126.334327 55.850152, -126.335389 55.850902, -126.335726 55.851244, -126.335837 55.851581, -126.335845 55.852462, -126.335971 55.852758, -126.336183 55.85306, -126.336575 55.853446, -126.33711 55.85384, -126.337795 55.854249, -126.338683 55.854702, -126.340369 55.855485, -126.34091 55.855661, -126.34263 55.856131, -126.343017 55.856294, -126.343215 55.856458, -126.343241 55.856605, -126.343133 55.856767, -126.342213 55.85743, -126.341429 55.858231, -126.341161 55.858644, -126.341114 55.858984, -126.341221 55.859201, -126.341466 55.859434, -126.342528 55.860115, -126.343747 55.860978, -126.344314 55.86147, -126.344525 55.861845, -126.344711 55.862509, -126.344639 55.862969, -126.344631 55.862983, -126.348902 55.863866, -126.35238 55.862655, -126.357166 55.861126, -126.358316 55.860813, -126.359282 55.860501, -126.360527 55.86042, -126.362049 55.860416, -126.362787 55.860413, -126.363577 55.861005, -126.365711 55.86229, -126.367104 55.863318, -126.368404 55.86439, -126.369427 55.86499, -126.371234 55.865888, -126.372994 55.866631, -126.376145 55.868068, -126.378134 55.868578, -126.381473 55.870272, -126.384807 55.871527, -126.387357 55.872733, -126.389492 55.874043, -126.391252 55.874709, -126.39253 55.87508, -126.39449 55.87588, -126.39585 55.87636, -126.40066 55.87789, -126.40462 55.87927, -126.405755 55.879699, -126.407825 55.881642, -126.412955 55.8805, -126.414703 55.879952, -126.416597 55.880127, -126.42548 55.882111, -126.429515 55.883879, -126.431514 55.885215, -126.431731 55.886071, -126.4319 55.886736, -126.432093 55.88751, -126.43222 55.888496, -126.431159 55.889315, -126.428261 55.890083, -126.427497 55.891061, -126.426228 55.892459, -126.427675 55.893756, -126.430307 55.895429, -126.431157 55.896431, -126.43119 55.89644, -126.431226 55.896512, -126.431234 55.896522, -126.431232 55.896525, -126.434278 55.902679, -126.442973 55.906392, -126.44419 55.911155, -126.443656 55.915382, -126.444692 55.921337, -126.447836 55.92501, -126.445726 55.927076, -126.446321 55.928266, -126.44247 55.930663, -126.439001 55.932625, -126.433378 55.932753, -126.431005 55.928535, -126.432918 55.926145, -126.430954 55.923877, -126.429774 55.922364, -126.426142 55.927143, -126.423068 55.929862, -126.419206 55.931392, -126.413967 55.931084, -126.410265 55.929471, -126.40754 55.928505, -126.40504 55.930463, -126.401572 55.932749, -126.400036 55.934271, -126.400253 55.936545, -126.398925 55.939475, -126.396403 55.939483, -126.395996 55.937534, -126.394603 55.933963))"
53,2023-07-29 10:30:57,2023072701,2023,15943.6,Derived from satellite imagery,1690441200000,1690472035000,Out of Control,JA70003000,159435972.316,120423.6856,104,8184d596-bd9f-4038-85ab-28c59ab5cdc1,491538776.585938,211550.045989034,https://wildfiresituation.nrs.gov.bc.ca/incidents?fireYear=2023&incidentNumber=G50872,"POLYGON ((-124.698636 55.415137, -124.698158 55.415045, -124.697739 55.415054, -124.69728 55.415189, -124.696272 55.415663, -124.695764 55.415802, -124.69495 55.415903, -124.692886 55.416009, -124.692373 55.416082, -124.691899 55.416197, -124.690946 55.416564, -124.688956 55.417572, -124.688474 55.417763, -124.688012 55.417902, -124.687462 55.418009, -124.686728 55.418104, -124.685209 55.418191, -124.684098 55.418174, -124.682944 55.418087, -124.681897 55.417954, -124.681036 55.417778, -124.680213 55.4175, -124.67893 55.416787, -124.677716 55.416426, -124.677365 55.416189, -124.677084 55.415801, -124.67696 55.415362, -124.677045 55.415031, -124.677325 55.414641, -124.679006 55.412931, -124.679531 55.412548, -124.680192 55.41221, -124.680328 55.412109, -124.680459 55.411905, -124.680616 55.411399, -124.680757 55.411211, -124.681105 55.411014, -124.682058 55.410667, -124.682387 55.410477, -124.68293 55.410011, -124.683345 55.409447, -124.683609 55.408761, -124.683648 55.408417, -124.683616 55.408148, -124.68335 55.407726, -124.682484 55.406896, -124.682197 55.406541, -124.682075 55.406196, -124.68214 55.405726, -124.682611 55.404641, -124.683277 55.403681, -124.684169 55.402744, -124.685277 55.401756, -124.685689 55.401437, -124.686271 55.401135, -124.68698 55.400964, -124.687974 55.400878, -124.689299 55.40088, -124.689845 55.400941, -124.690437 55.401065, -124.692486 55.401697, -124.69332 55.401896, -124.694121 55.401981, -124.695412 55.401975, -124.696527 55.401888, -124.69731 55.401721, -124.698136 55.40143, -124.700249 55.400523, -124.700906 55.400325, -124.701522 55.400217, -124.701958 55.400191, -124.70247 55.400204, -124.704201 55.40036, -124.707372 55.400571, -124.708442 55.400613, -124.709154 55.400604, -124.709758 55.400555, -124.710268 55.400465, -124.71069 55.400334, -124.71103 55.400158, -124.711291 55.399932, -124.711514 55.399636, -124.712075 55.398697, -124.712779 55.398084, -124.712943 55.397874, -124.712948 55.397769, -124.712877 55.397684, -124.712222 55.397456, -124.712 55.397307, -124.711804 55.397111, -124.711537 55.396653, -124.711486 55.396133, -124.711597 55.39577, -124.711837 55.395343, -124.712722 55.394483, -124.712963 55.394183, -124.713114 55.393861, -124.713378 55.393025, -124.713651 55.392615, -124.714042 55.392331, -124.714899 55.391889, -124.715568 55.391621, -124.716334 55.391387, -124.717115 55.391201, -124.718018 55.391029, -124.721552 55.390512, -124.722989 55.390251, -124.72425 55.389924, -124.725465 55.389527, -124.725885 55.389338, -124.72617 55.389084, -124.726349 55.388728, -124.726484 55.387906, -124.72649 55.387423, -124.726402 55.386913, -124.726221 55.386409, -124.726068 55.386144, -124.725523 55.385573, -124.72549 55.385461, -124.725571 55.385402, -124.726042 55.385387, -124.726693 55.385461, -124.727063 55.385586, -124.727855 55.385945, -124.728228 55.386054, -124.72865 55.386085, -124.729204 55.386069, -124.729765 55.385987, -124.730106 55.385848, -124.730216 55.38567, -124.730309 55.385191, -124.73043 55.385046, -124.730696 55.38498, -124.731117 55.384984, -124.732132 55.385125, -124.732535 55.385237, -124.732996 55.385454, -124.733999 55.386053, -124.734522 55.386256, -124.734804 55.386303, -124.735163 55.386311, -124.736017 55.386208, -124.737633 55.38581, -124.738634 55.385495, -124.740159 55.384911, -124.741425 55.384319, -124.742175 55.38389, -124.742787 55.383464, -124.743116 55.383117, -124.743875 55.382103, -124.744124 55.381905, -124.744372 55.381829, -124.744627 55.381866, -124.744916 55.382013, -124.74623 55.383118, -124.746522 55.383308, -124.747052 55.38358, -124.74766 55.383859, -124.748199 55.384057, -124.748796 55.384216, -124.749461 55.384343, -124.750166 55.38443, -124.750856 55.384469, -124.751505 55.384459, -124.752071 55.384399, -124.75259 55.38429, -124.753158 55.384121, -124.754843 55.383474, -124.755885 55.38297, -124.75833 55.38157, -124.761072 55.380338, -124.761983 55.379886, -124.763508 55.378955, -124.764496 55.378234, -124.765021 55.377732, -124.765361 55.377266, -124.76555 55.376829, -124.76588 55.375743, -124.766186 55.375165, -124.766596 55.374604, -124.767646 55.373336, -124.76806 55.372728, -124.768341 55.372102, -124.768698 55.370771, -124.768911 55.37021, -124.769264 55.36965, -124.769893 55.368923, -124.770482 55.368387, -124.771228 55.367826, -124.773599 55.366335, -124.774609 55.3658, -124.77708 55.364649, -124.778135 55.364052, -124.779389 55.363199, -124.77983 55.362855, -124.780141 55.362496, -124.780225 55.362173, -124.780161 55.361925, -124.779994 55.361653, -124.779725 55.361356, -124.779349 55.361028, -124.778057 55.360121, -124.777547 55.359837, -124.776961 55.359565, -124.776118 55.359239, -124.775148 55.358928, -124.774067 55.358635, -124.77261 55.358291, -124.771078 55.357836, -124.77037 55.357708, -124.770098 55.357707, -124.769873 55.357748, -124.769626 55.357878, -124.769142 55.358358, -124.768036 55.359651, -124.767282 55.360663, -124.765931 55.362851, -124.764863 55.364351, -124.764002 55.365447, -124.763186 55.366286, -124.762657 55.366717, -124.761997 55.367168, -124.759361 55.368699, -124.758365 55.369352, -124.757436 55.37011, -124.755291 55.37215, -124.754124 55.373122, -124.752672 55.374208, -124.749909 55.376165, -124.749438 55.376462, -124.748916 55.376723, -124.747408 55.37731, -124.745932 55.377748, -124.744198 55.378127, -124.742272 55.378425, -124.740662 55.378591, -124.738463 55.378716, -124.73697 55.378737, -124.73353 55.378713, -124.731938 55.378751, -124.730714 55.378848, -124.728004 55.379149, -124.726847 55.37923, -124.725927 55.379242, -124.724821 55.379172, -124.724436 55.379183, -124.723869 55.379273, -124.723267 55.379442, -124.722983 55.379583, -124.722332 55.380003, -124.721876 55.380168, -124.72135 55.380289, -124.720815 55.380373, -124.72034 55.38041, -124.719949 55.380398, -124.71958 55.380306, -124.7193 55.38008, -124.719092 55.379717, -124.719097 55.379414, -124.719217 55.37926, -124.719429 55.379095, -124.720061 55.378781, -124.720464 55.37871, -124.72167 55.378631, -124.721926 55.378577, -124.721904 55.378527, -124.721586 55.378386, -124.721367 55.378215, -124.721208 55.377995, -124.721125 55.37775, -124.721131 55.377524, -124.721234 55.377287, -124.721422 55.377059, -124.72166 55.376889, -124.722152 55.376738, -124.723283 55.376576, -124.723947 55.376546, -124.725896 55.376552, -124.726842 55.376457, -124.727524 55.376356, -124.72821 55.376179, -124.728853 55.375933, -124.72926 55.375697, -124.729587 55.375388, -124.729826 55.374977, -124.729852 55.374594, -124.729642 55.374114, -124.729437 55.373861, -124.729285 55.373757, -124.729027 55.373686, -124.728675 55.373672, -124.726883 55.37389, -124.725547 55.373943, -124.725033 55.373907, -124.724799 55.373841, -124.724556 55.373727, -124.724111 55.373393, -124.723847 55.373021, -124.723816 55.372867, -124.723855 55.372732, -124.724035 55.372519, -124.724379 55.372267, -124.725989 55.371251, -124.726825 55.370817, -124.72731 55.370629, -124.727792 55.370493, -124.728129 55.370441, -124.729204 55.370353, -124.729486 55.37028, -124.729736 55.370154, -124.730663 55.36947, -124.73189 55.368344, -124.732451 55.3679, -124.733062 55.367534, -124.733898 55.367208, -124.734191 55.367037, -124.734491 55.366636, -124.734573 55.366406, -124.734584 55.366092, -124.734683 55.365977, -124.735037 55.365905, -124.736167 55.365928, -124.736601 55.365881, -124.73689 55.365774, -124.737169 55.36562, -124.737714 55.365163, -124.738374 55.364417, -124.738766 55.363843, -124.739016 55.363266, -124.739088 55.362736, -124.739001 55.362312, -124.738729 55.361778, -124.738406 55.361271, -124.737655 55.36049, -124.737553 55.360302, -124.73754 55.360138, -124.737673 55.359909, -124.737974 55.359657, -124.738508 55.359358, -124.739237 55.359061, -124.739401 55.358941, -124.739516 55.358793, -124.739593 55.358564, -124.739599 55.358277, -124.739415 55.357308, -124.739314 55.357018, -124.739343 55.35691, -124.739584 55.356875, -124.740275 55.35694, -124.741308 55.357126, -124.741799 55.357181, -124.742109 55.357192, -124.74243 55.357165, -124.744302 55.356745, -124.744565 55.356638, -124.744992 55.356357, -124.745404 55.35623, -124.747696 55.355915, -124.74817 55.355808, -124.748575 55.355661, -124.748785 55.355549, -124.749041 55.355291, -124.749198 55.355191, -124.749543 55.355051, -124.750437 55.354833, -124.750916 55.354489, -124.751575 55.354158, -124.752427 55.353526, -124.75295 55.353013, -124.753299 55.352779, -124.753583 55.352441, -124.753788 55.352313, -124.754227 55.352119, -124.754836 55.351902, -124.756005 55.351575, -124.756362 55.351417, -124.75666 55.351195, -124.756953 55.351056, -124.758987 55.350376, -124.759307 55.350162, -124.759603 55.34973, -124.75989 55.349525, -124.760261 55.349449, -124.760791 55.349441, -124.761058 55.349399, -124.761491 55.349269, -124.761899 55.349074, -124.762298 55.348823, -124.762667 55.34847, -124.76322 55.348129, -124.763896 55.34759, -124.764423 55.347261, -124.764855 55.346928, -124.765377 55.346639, -124.765564 55.346399, -124.765631 55.346015, -124.765835 55.3458, -124.76622 55.345632, -124.766855 55.345549, -124.767121 55.345397, -124.767241 55.345266, -124.767325 55.345069, -124.767321 55.344596, -124.767522 55.344385, -124.767709 55.344304, -124.768031 55.344251, -124.76866 55.344273, -124.769048 55.344247, -124.769274 55.344167, -124.769477 55.344026, -124.769609 55.343809, -124.769587 55.3435, -124.76924 55.342815, -124.768862 55.342315, -124.768382 55.341871, -124.767884 55.341558, -124.767586 55.341155, -124.767074 55.340768, -124.766591 55.340286, -124.766048 55.339854, -124.765761 55.339537, -124.765119 55.339178, -124.764919 55.339027, -124.764635 55.338555, -124.764529 55.338468, -124.764222 55.338332, -124.764082 55.33805, -124.763883 55.337892, -124.763587 55.337811, -124.763213 55.337899, -124.762858 55.337924, -124.762479 55.337841, -124.761778 55.337611, -124.761104 55.337556, -124.760921 55.337489, -124.760967 55.337384, -124.760934 55.337283, -124.760794 55.337223, -124.760464 55.337166, -124.760243 55.336913, -124.759865 55.336835, -124.759691 55.336841, -124.759565 55.336879, -124.759402 55.337032, -124.759354 55.337462, -124.759214 55.337738, -124.758863 55.338191, -124.758425 55.33858, -124.758053 55.338802, -124.757147 55.339063, -124.75691 55.339293, -124.756525 55.339892, -124.756223 55.340146, -124.755842 55.340346, -124.755171 55.340569, -124.754448 55.341154, -124.753123 55.341792, -124.752493 55.342329, -124.752123 55.342535, -124.751579 55.342759, -124.751283 55.342995, -124.750761 55.343304, -124.750269 55.343704, -124.749995 55.343848, -124.74942 55.344049, -124.749056 55.344226, -124.748859 55.34446, -124.748659 55.344942, -124.748459 55.345124, -124.748126 55.345248, -124.747784 55.345327, -124.746726 55.345436, -124.74602 55.34545, -124.74531 55.345425, -124.744297 55.345281, -124.743821 55.345347, -124.74365 55.345419, -124.743527 55.345539, -124.743316 55.345858, -124.743067 55.346393, -124.742722 55.346839, -124.742519 55.346992, -124.741915 55.347284, -124.741512 55.347834, -124.740683 55.34839, -124.74039 55.348484, -124.740195 55.348487, -124.739363 55.348083, -124.738804 55.347956, -124.738273 55.347979, -124.737908 55.348126, -124.7376 55.348417, -124.737329 55.348967, -124.737137 55.349231, -124.737509 55.350325, -124.737527 55.350766, -124.737468 55.350996, -124.737404 55.35105, -124.737301 55.351055, -124.737135 55.350962, -124.736877 55.350886, -124.736306 55.350776, -124.734481 55.350707, -124.733701 55.350612, -124.73312 55.350468, -124.732329 55.350192, -124.731602 55.35005, -124.731102 55.350012, -124.730608 55.350017, -124.730192 55.350058, -124.729507 55.350194, -124.728919 55.350202, -124.728178 55.350101, -124.726128 55.349679, -124.725153 55.3494, -124.724214 55.348967, -124.723395 55.348438, -124.723124 55.348175, -124.722942 55.347865, -124.722702 55.347762, -124.722446 55.347747, -124.722096 55.347775, -124.721141 55.34792, -124.720376 55.348001, -124.718972 55.348254, -124.718386 55.348293, -124.718088 55.348251, -124.717865 55.348156, -124.717383 55.347599, -124.717147 55.347455, -124.716914 55.347407, -124.716625 55.347395, -124.715906 55.347481, -124.715271 55.347644, -124.714688 55.34786, -124.714318 55.34806, -124.714049 55.348309, -124.713808 55.348681, -124.713492 55.349384, -124.713201 55.350741, -124.712898 55.351364, -124.711828 55.351693, -124.709669 55.352489, -124.708319 55.353506, -124.708039 55.35366, -124.707482 55.353839, -124.707027 55.354012, -124.706445 55.354231, -124.706261 55.35443, -124.706137 55.35469, -124.706014 55.354839, -124.705568 55.355149, -124.703614 55.355414, -124.702466 55.356006, -124.70157 55.35653, -124.700739 55.357019, -124.699472 55.357397, -124.698838 55.357569, -124.698007 55.358058, -124.697118 55.358369, -124.695794 55.358568, -124.695153 55.358988, -124.694054 55.359972, -124.691782 55.360375, -124.689468 55.360261, -124.686883 55.361105, -124.685831 55.361372, -124.6849 55.361522, -124.684006 55.361564, -124.682965 55.361515, -124.681869 55.361378, -124.680757 55.361161, -124.679685 55.360873, -124.678699 55.360528, -124.677842 55.360142, -124.677145 55.359727, -124.676631 55.359328, -124.676182 55.358899, -124.675825 55.358464, -124.675577 55.358046, -124.675499 55.35754, -124.675684 55.35653, -124.675691 55.356129, -124.675575 55.355788, -124.675191 55.355265, -124.674796 55.354885, -124.674359 55.35458, -124.673954 55.35439, -124.672724 55.353919, -124.672335 55.353708, -124.671965 55.353451, -124.671248 55.352775, -124.670157 55.351437, -124.66972 55.35096, -124.669211 55.350531, -124.668675 55.350223, -124.66832 55.350086, -124.667941 55.349989, -124.667515 55.349925, -124.667033 55.349895, -124.666039 55.349916, -124.663843 55.350096, -124.662898 55.350139, -124.662235 55.350126, -124.660195 55.349983, -124.659279 55.349862, -124.658606 55.349698, -124.658117 55.349477, -124.657687 55.349151, -124.657316 55.348715, -124.657032 55.348193, -124.656849 55.347609, -124.656778 55.346999, -124.656823 55.346404, -124.656982 55.345862, -124.657245 55.345406, -124.6576 55.345053, -124.658201 55.344708, -124.659029 55.34438, -124.660008 55.3441, -124.661035 55.343899, -124.661949 55.343798, -124.662826 55.343783, -124.663809 55.343845, -124.664647 55.343979, -124.665252 55.344175, -124.665842 55.344489, -124.667473 55.345743, -124.671304 55.348321, -124.674076 55.349941, -124.675071 55.350634, -124.675562 55.351107, -124.675871 55.351561, -124.675958 55.351952, -124.675975 55.353099, -124.676111 55.353408, -124.676361 55.353644, -124.676736 55.353851, -124.677186 55.354036, -124.677621 55.354167, -124.678105 55.354263, -124.678678 55.354328, -124.679261 55.354349, -124.679813 55.354325, -124.680302 55.354257, -124.68084 55.354097, -124.681404 55.353814, -124.681811 55.353503, -124.681946 55.353249, -124.681881 55.35309, -124.681697 55.352914, -124.680402 55.352142, -124.680154 55.351949, -124.680008 55.35177, -124.679896 55.351429, -124.679876 55.351023, -124.679951 55.350526, -124.68011 55.350001, -124.680356 55.349589, -124.680745 55.349147, -124.682348 55.347767, -124.682861 55.347261, -124.6832 55.346822, -124.683875 55.345778, -124.684263 55.345317, -124.684879 55.344806, -124.685663 55.344305, -124.686588 55.34383, -124.687638 55.343391, -124.688958 55.342944, -124.690584 55.342508, -124.69158 55.342309, -124.692324 55.342259, -124.69266 55.342289, -124.692991 55.342356, -124.693637 55.3426, -124.694264 55.34299, -124.694872 55.343529, -124.69541 55.344148, -124.695945 55.344902, -124.697254 55.347048, -124.697474 55.347528, -124.697485 55.347928, -124.697394 55.348086, -124.697249 55.348202, -124.69682 55.348351, -124.695733 55.348561, -124.695319 55.348669, -124.695006 55.34881, -124.69479 55.349014, -124.694548 55.349436, -124.694461 55.349884, -124.694547 55.350388, -124.694783 55.350801, -124.695002 55.350972, -124.695332 55.351084, -124.695785 55.351143, -124.696357 55.351146, -124.697049 55.351094, -124.697858 55.350987, -124.699806 55.350608, -124.700689 55.350349, -124.701675 55.349963, -124.703827 55.348972, -124.704934 55.348397, -124.705779 55.347839, -124.706777 55.346962, -124.707116 55.3466, -124.707202 55.346346, -124.707145 55.346242, -124.707015 55.346163, -124.705981 55.345882, -124.705411 55.345663, -124.704946 55.345441, -124.704416 55.345079, -124.703999 55.344607, -124.703835 55.344307, -124.703756 55.344033, -124.703768 55.343768, -124.703865 55.343478, -124.704152 55.343005, -124.704832 55.342147, -124.705435 55.341548, -124.705507 55.341418, -124.705508 55.341308, -124.705394 55.341171, -124.705139 55.341041, -124.703551 55.340589, -124.703232 55.340464, -124.703014 55.340333, -124.702839 55.34016, -124.702701 55.33994, -124.702331 55.338946, -124.702037 55.338615, -124.701743 55.33846, -124.701274 55.338297, -124.700667 55.338151, -124.700272 55.3381, -124.699559 55.338128, -124.697879 55.338361, -124.697487 55.338377, -124.697146 55.338354, -124.6964 55.338216, -124.695836 55.338069, -124.695434 55.337907, -124.69519 55.337729, -124.695068 55.337479, -124.695059 55.337129, -124.69515 55.336718, -124.695348 55.336384, -124.69566 55.336064, -124.696089 55.335741, -124.696626 55.335423, -124.697251 55.335122, -124.698218 55.33476, -124.698997 55.334615, -124.700127 55.334578, -124.70277 55.334717, -124.703879 55.334712, -124.704423 55.334658, -124.705013 55.334547, -124.705604 55.334392, -124.706185 55.334193, -124.707192 55.333737, -124.708225 55.333124, -124.709171 55.332455, -124.711539 55.330648, -124.712257 55.330158, -124.712935 55.329749, -124.714644 55.328899, -124.716979 55.32762, -124.718023 55.327092, -124.719147 55.32663, -124.719641 55.326481, -124.720098 55.326385, -124.720535 55.32634, -124.720938 55.326349, -124.721317 55.326417, -124.721632 55.326534, -124.722101 55.326861, -124.723193 55.327903, -124.72354 55.328131, -124.723895 55.328282, -124.724478 55.328426, -124.725174 55.328523, -124.725985 55.328571, -124.726915 55.328571, -124.727994 55.328523, -124.72874 55.328456, -124.729582 55.328319, -124.731811 55.32787, -124.733638 55.327737, -124.734186 55.327647, -124.734355 55.327569, -124.734412 55.327471, -124.734368 55.327371, -124.734041 55.327029, -124.734065 55.326926, -124.7342 55.326828, -124.735285 55.326464, -124.737104 55.325582, -124.73786 55.325261, -124.739359 55.324744, -124.739822 55.324625, -124.740225 55.32456, -124.740506 55.324547, -124.740768 55.324569, -124.74132 55.32473, -124.741821 55.324985, -124.743097 55.32577, -124.743484 55.325952, -124.743852 55.326076, -124.744513 55.326214, -124.745289 55.326323, -124.747454 55.326485, -124.748736 55.326527, -124.750076 55.326515, -124.751468 55.32645, -124.752901 55.326332, -124.75457 55.326146, -124.755587 55.32599, -124.757012 55.325698, -124.757233 55.32561, -124.757344 55.325499, -124.757395 55.325219, -124.757297 55.324922, -124.756884 55.324265, -124.756431 55.323741, -124.756044 55.323398, -124.755549 55.323046, -124.754065 55.322198, -124.75295 55.321686, -124.750666 55.320767, -124.746474 55.319365, -124.745056 55.318842, -124.743729 55.318242, -124.742124 55.317258, -124.741495 55.316928, -124.740767 55.316672, -124.739944 55.316533, -124.739197 55.316506, -124.738379 55.316557, -124.737481 55.316687, -124.736484 55.3169, -124.734811 55.317362, -124.730971 55.318571, -124.728479 55.319233, -124.725379 55.320197, -124.724061 55.320504, -124.722874 55.320655, -124.722058 55.320677, -124.721139 55.32064, -124.717593 55.320268, -124.715764 55.320166, -124.711684 55.320032, -124.708424 55.320032, -124.705917 55.320138, -124.703624 55.320346, -124.702644 55.320506, -124.700146 55.321062, -124.699438 55.321153, -124.698814 55.321169, -124.698271 55.321121, -124.697678 55.321021, -124.697061 55.320873, -124.696431 55.320681, -124.695205 55.320182, -124.694667 55.3199, -124.694213 55.319612, -124.693828 55.319289, -124.693484 55.318891, -124.69319 55.318428, -124.692955 55.317917, -124.692789 55.317372, -124.692701 55.316826, -124.692696 55.316303, -124.692774 55.315829, -124.692892 55.315502, -124.693058 55.315223, -124.693265 55.315, -124.693522 55.314826, -124.693903 55.314655, -124.694391 55.3145, -124.694977 55.314365, -124.695647 55.314253, -124.697018 55.314117, -124.698478 55.314077, -124.699884 55.314136, -124.701127 55.314291, -124.701906 55.314465, -124.702492 55.314672, -124.702959 55.314927, -124.704003 55.315608, -124.704552 55.315871, -124.705255 55.316041, -124.706071 55.31609, -124.706859 55.316039, -124.707774 55.3159, -124.711119 55.315143, -124.712434 55.314911, -124.716576 55.314531, -124.718999 55.314399, -124.720561 55.314403, -124.721957 55.314496, -124.723106 55.31469, -124.725544 55.315288, -124.726603 55.315492, -124.727649 55.31558, -124.728998 55.315531, -124.730095 55.315416, -124.731257 55.315241, -124.732414 55.315016, -124.733478 55.314758, -124.734357 55.31449, -124.735005 55.314228, -124.735384 55.313988, -124.735491 55.313772, -124.735391 55.313556, -124.7351 55.313319, -124.734617 55.313058, -124.733928 55.312767, -124.73238 55.312224, -124.727894 55.310797, -124.72678 55.310402, -124.725877 55.310042, -124.724056 55.309185, -124.723814 55.308991, -124.723621 55.308673, -124.723599 55.308458, -124.723728 55.308307, -124.724489 55.307935, -124.725022 55.307728, -124.726061 55.307441, -124.728943 55.306823, -124.73085 55.306255, -124.731788 55.305912, -124.732616 55.30551, -124.733064 55.305213, -124.733363 55.304856, -124.733561 55.304378, -124.73379 55.303273, -124.733816 55.302443, -124.733655 55.301528, -124.733312 55.300684, -124.733018 55.300216, -124.732635 55.29973, -124.731581 55.298678, -124.731016 55.29825, -124.729349 55.297211, -124.728988 55.296909, -124.728573 55.296455, -124.728378 55.296167, -124.728296 55.295919, -124.72832 55.295037, -124.72828 55.294742, -124.728081 55.29418, -124.727817 55.29387, -124.72735 55.293586, -124.726728 55.293343, -124.726012 55.29318, -124.725232 55.293089, -124.723718 55.293079, -124.722856 55.293106, -124.719363 55.293399, -124.718028 55.293462, -124.716788 55.293426, -124.715727 55.293329, -124.715041 55.293228, -124.714479 55.293094, -124.713895 55.292902, -124.712523 55.292299, -124.71185 55.291937, -124.710643 55.291098, -124.710074 55.290811, -124.709395 55.290604, -124.707546 55.290203, -124.706621 55.289909, -124.706243 55.289722, -124.705938 55.28944, -124.70591 55.289174, -124.706055 55.288965, -124.706539 55.288682, -124.706865 55.28857, -124.707271 55.288484, -124.709109 55.28829, -124.709839 55.28814, -124.710758 55.287743, -124.711248 55.287355, -124.712104 55.287172, -124.71317 55.286823, -124.713788 55.286559, -124.714156 55.286299, -124.714324 55.285987, -124.714311 55.28558, -124.713589 55.283771, -124.71346 55.283546, -124.713294 55.283373, -124.712695 55.283047, -124.712249 55.282913, -124.711867 55.282889, -124.711546 55.282937, -124.710769 55.28312, -124.709324 55.283347, -124.708591 55.283408, -124.707889 55.283391, -124.707054 55.283302, -124.706533 55.283185, -124.705936 55.282967, -124.704771 55.282419, -124.704256 55.282211, -124.703704 55.282056, -124.703043 55.281961, -124.702041 55.281893, -124.701373 55.281918, -124.700711 55.282039, -124.699081 55.282453, -124.69863 55.28252, -124.698231 55.282535, -124.697885 55.282501, -124.697518 55.282417, -124.696066 55.281878, -124.695394 55.281719, -124.694515 55.281656, -124.692304 55.281661, -124.691584 55.281616, -124.691336 55.281553, -124.69122 55.28146, -124.691232 55.281329, -124.691363 55.281145, -124.691649 55.280885, -124.69206 55.280587, -124.69305 55.280019, -124.693463 55.279844, -124.69385 55.279739, -124.694325 55.279675, -124.695057 55.279629, -124.695915 55.279649, -124.697791 55.279853, -124.698646 55.279871, -124.700135 55.27981, -124.701673 55.279602, -124.702455 55.27945, -124.703265 55.279235, -124.706299 55.278204, -124.709303 55.277338, -124.710105 55.277139, -124.710793 55.277028, -124.71125 55.276999, -124.711683 55.277011, -124.712904 55.277187, -124.713976 55.27727, -124.715017 55.277298, -124.716252 55.27729, -124.717475 55.27723, -124.718907 55.277108, -124.721789 55.276744, -124.723951 55.276714, -124.724679 55.276659, -124.725182 55.27655, -124.725552 55.276383, -124.725781 55.276179, -124.72624 55.275617, -124.726551 55.2754, -124.726817 55.275308, -124.727142 55.275239, -124.728002 55.275169, -124.730034 55.275152, -124.730745 55.275177, -124.731587 55.275302, -124.732343 55.275511, -124.732693 55.275669, -124.732964 55.275882, -124.733653 55.276866, -124.734224 55.277402, -124.734645 55.277633, -124.735453 55.27789, -124.735921 55.277984, -124.736465 55.27805, -124.738621 55.278156, -124.739501 55.278253, -124.740585 55.278472, -124.743175 55.279124, -124.744704 55.279373, -124.745524 55.279465, -124.74618 55.279491, -124.746991 55.27946, -124.747784 55.279371, -124.748841 55.27913, -124.750338 55.278708, -124.751519 55.278334, -124.753058 55.27777, -124.754472 55.277157, -124.756214 55.276257, -124.757229 55.275655, -124.757849 55.275159, -124.758324 55.274577, -124.758592 55.274038, -124.758657 55.2735, -124.758593 55.273022, -124.758467 55.272621, -124.757625 55.271103, -124.756752 55.269959, -124.754591 55.267563, -124.753732 55.2665, -124.75324 55.265751, -124.752676 55.26468, -124.752655 55.2645, -124.752826 55.264232, -124.752805 55.264091, -124.752671 55.263952, -124.752229 55.263631, -124.751937 55.26331, -124.751409 55.262645, -124.751006 55.262014, -124.750685 55.261289, -124.750555 55.260619, -124.750611 55.260024, -124.750864 55.259414, -124.751143 55.258973, -124.751456 55.258639, -124.751768 55.258437, -124.752185 55.258295, -124.752626 55.258217, -124.753168 55.258174, -124.755796 55.258175, -124.756396 55.258145, -124.756897 55.258083, -124.757364 55.257977, -124.757861 55.257801, -124.759648 55.256913, -124.760455 55.256619, -124.760976 55.256517, -124.76159 55.256456, -124.762273 55.25644, -124.763065 55.256466, -124.766513 55.256736, -124.768371 55.256944, -124.769735 55.256596, -124.772502 55.256012, -124.775494 55.255838, -124.778358 55.256002, -124.780599 55.256974, -124.782366 55.257806, -124.784974 55.258511, -124.785763 55.26008, -124.785135 55.261092, -124.783683 55.261689, -124.781888 55.261739, -124.780918 55.262205, -124.781244 55.263295, -124.782055 55.264117, -124.783578 55.265151, -124.785704 55.265986, -124.786755 55.266811, -124.786957 55.267201, -124.787174 55.267338, -124.788143 55.267858, -124.789301 55.26834, -124.791976 55.269304, -124.792996 55.269739, -124.793938 55.270264, -124.795092 55.271111, -124.795563 55.271603, -124.796487 55.272795, -124.797027 55.273304, -124.797372 55.273534, -124.797853 55.273783, -124.798803 55.274167, -124.799698 55.274372, -124.800794 55.274504, -124.801568 55.274536, -124.802148 55.274462, -124.802952 55.274197, -124.80332 55.273995, -124.803611 55.273687, -124.804138 55.272896, -124.804463 55.272621, -124.804676 55.27254, -124.804919 55.27251, -124.805365 55.272538, -124.80564 55.2726, -124.805842 55.27276, -124.805895 55.27302, -124.805549 55.274145, -124.80552 55.27454, -124.805798 55.275283, -124.805962 55.275519, -124.806184 55.275731, -124.806591 55.276016, -124.807316 55.276441, -124.807873 55.27671, -124.808508 55.276968, -124.81014 55.277484, -124.812281 55.278001, -124.813877 55.278278, -124.816479 55.278635, -124.817445 55.278691, -124.818492 55.278666, -124.819123 55.27827, -124.821545 55.277207, -124.824318 55.276418, -124.827215 55.275495, -124.829506 55.274837, -124.831926 55.273842, -124.833519 55.272499, -124.834745 55.271424, -124.836446 55.270489, -124.838866 55.269494, -124.841031 55.269038, -124.844387 55.26873, -124.848091 55.268764, -124.851908 55.269071, -124.855127 55.269372, -124.857629 55.269667, -124.859281 55.270429, -124.861164 55.271465, -124.862575 55.272292, -124.863371 55.273725, -124.864162 55.275362, -124.864366 55.276586, -124.864808 55.27788, -124.865003 55.27815, -124.865449 55.278072, -124.868027 55.277701, -124.868617 55.277665, -124.869098 55.277691, -124.869469 55.277774, -124.869715 55.277901, -124.869943 55.278103, -124.870503 55.278741, -124.870711 55.278889, -124.870933 55.278975, -124.871154 55.279006, -124.871423 55.279002, -124.872882 55.278774, -124.87322 55.278757, -124.873503 55.278786, -124.873983 55.27894, -124.875002 55.279485, -124.875501 55.279669, -124.876072 55.279747, -124.877373 55.279774, -124.878099 55.279835, -124.879247 55.279979, -124.880309 55.280165, -124.88135 55.280451, -124.883685 55.281314, -124.884298 55.281475, -124.885038 55.281609, -124.88643 55.281771, -124.888972 55.28196, -124.89012 55.281986, -124.893164 55.281971, -124.894047 55.282007, -124.894821 55.282079, -124.895509 55.282187, -124.896142 55.282335, -124.898136 55.282972, -124.898831 55.283166, -124.900183 55.283469, -124.900972 55.283581, -124.901405 55.283588, -124.901886 55.283542, -124.903591 55.2832, -124.904273 55.283113, -124.905259 55.28313, -124.906326 55.283242, -124.906962 55.283364, -124.907514 55.283551, -124.908019 55.283791, -124.909202 55.284438, -124.909867 55.284713, -124.910502 55.284868, -124.911846 55.285045, -124.912384 55.285148, -124.912826 55.285295, -124.91377 55.285695, -124.914194 55.285821, -124.914528 55.285864, -124.91487 55.28585, -124.916452 55.285497, -124.916851 55.285459, -124.917355 55.285455, -124.918209 55.285518, -124.920116 55.285758, -124.922499 55.28596, -124.923489 55.286088, -124.92478 55.286347, -124.926186 55.286726, -124.927672 55.287209, -124.929256 55.287873, -124.929876 55.288102, -124.931394 55.288548, -124.932364 55.288738, -124.932833 55.288776, -124.933218 55.288765, -124.934492 55.28855, -124.934944 55.288505, -124.936111 55.288571, -124.937175 55.28856, -124.937649 55.288507, -124.938484 55.288307, -124.938914 55.288316, -124.939197 55.288397, -124.939492 55.288543, -124.940451 55.289221, -124.940851 55.289447, -124.941672 55.289802, -124.943732 55.290601, -124.944704 55.291059, -124.945346 55.29145, -124.946895 55.292518, -124.949274 55.293965, -124.950223 55.294659, -124.951503 55.295841, -124.952214 55.296683, -124.952647 55.297458, -124.952907 55.298301, -124.952922 55.298567, -124.952871 55.298797, -124.952716 55.299084, -124.95246 55.299387, -124.952106 55.299703, -124.951695 55.299992, -124.951105 55.300278, -124.950328 55.300534, -124.949361 55.300766, -124.947857 55.301058, -124.946634 55.301182, -124.943722 55.301295, -124.943029 55.301367, -124.942397 55.301474, -124.941564 55.301669, -124.939021 55.302357, -124.938362 55.302484, -124.936834 55.302712, -124.93614 55.302863, -124.935533 55.303076, -124.934267 55.303654, -124.933667 55.303845, -124.932991 55.30395, -124.931263 55.304079, -124.930841 55.304153, -124.930451 55.304265, -124.929816 55.304526, -124.929094 55.304913, -124.927789 55.305695, -124.926768 55.306408, -124.923991 55.308596, -124.923528 55.309119, -124.923323 55.309602, -124.923315 55.310057, -124.923459 55.310579, -124.924593 55.312714, -124.925031 55.313849, -124.926218 55.316627, -124.926516 55.317489, -124.926714 55.318265, -124.926848 55.31937, -124.92682 55.320689, -124.926602 55.323053, -124.926325 55.324134, -124.92627 55.324525, -124.926322 55.324907, -124.926507 55.325229, -124.926834 55.325542, -124.927329 55.325882, -124.928574 55.326584, -124.92929 55.32694, -124.931564 55.327946, -124.935816 55.329642, -124.938584 55.330839, -124.939895 55.331476, -124.941829 55.332645, -124.942813 55.333321, -124.943501 55.333955, -124.943721 55.334254, -124.943861 55.334546, -124.943939 55.335173, -124.943825 55.335814, -124.943555 55.336306, -124.943105 55.336703, -124.942644 55.336975, -124.94206 55.337242, -124.941347 55.337509, -124.940516 55.337771, -124.939804 55.337899, -124.937971 55.338072, -124.937542 55.338159, -124.937209 55.338276, -124.936774 55.338551, -124.936391 55.338941, -124.936055 55.339453, -124.93577 55.340077, -124.93567 55.340588, -124.935687 55.341169, -124.935824 55.341866, -124.936076 55.342665, -124.936454 55.343347, -124.937695 55.345016, -124.938324 55.346064, -124.939109 55.347674, -124.939437 55.348678, -124.939491 55.349099, -124.939479 55.34949, -124.939362 55.350192, -124.939189 55.350764, -124.938997 55.351165, -124.938758 55.351502, -124.938468 55.351779, -124.938141 55.351985, -124.937677 55.352161, -124.937069 55.3523, -124.936341 55.352405, -124.934045 55.352658, -124.933423 55.352774, -124.932745 55.352954, -124.931972 55.353207, -124.931141 55.353527, -124.927688 55.355026, -124.926831 55.355334, -124.92602 55.355572, -124.924888 55.355802, -124.922399 55.356096, -124.921471 55.356303, -124.921047 55.356467, -124.920613 55.356702, -124.919335 55.35762, -124.918878 55.357903, -124.918395 55.358111, -124.91791 55.35821, -124.917231 55.358208, -124.916438 55.358067, -124.915642 55.357836, -124.913491 55.357109, -124.91286 55.356941, -124.912295 55.356834, -124.911223 55.356728, -124.910031 55.356668, -124.908761 55.356657, -124.907392 55.356692, -124.905893 55.356777, -124.904402 55.3569, -124.903014 55.357063, -124.901393 55.357297, -124.900554 55.357445, -124.899647 55.357647, -124.896024 55.358625, -124.894414 55.358983, -124.89345 55.359131, -124.891806 55.359301, -124.890821 55.359368, -124.889994 55.359378, -124.889234 55.359324, -124.888459 55.359183, -124.887665 55.358966, -124.88528 55.358204, -124.882837 55.357709, -124.88157 55.357495, -124.880476 55.357356, -124.87948 55.357282, -124.878561 55.357272, -124.877884 55.357309, -124.877165 55.357389, -124.875481 55.357695, -124.87319 55.358217, -124.870757 55.358931, -124.86967 55.359183, -124.867849 55.359414, -124.866975 55.359475, -124.866154 55.359497, -124.865153 55.359466, -124.864333 55.35937, -124.863494 55.359181, -124.862607 55.358891, -124.861638 55.35849, -124.858939 55.357253, -124.853806 55.355301, -124.851062 55.354173, -124.849573 55.353488, -124.84828 55.352673, -124.847796 55.352421, -124.847345 55.352295, -124.847146 55.352289, -124.846951 55.352323, -124.846673 55.352435, -124.846376 55.352628, -124.845405 55.353495, -124.845017 55.353784, -124.844137 55.354293, -124.84217 55.355289, -124.841363 55.355733, -124.840632 55.356215, -124.839888 55.356826, -124.839135 55.357584, -124.838399 55.358479, -124.836545 55.361172, -124.835497 55.362381, -124.83533 55.362672, -124.835266 55.362927, -124.83532 55.36319, -124.835535 55.363438, -124.835865 55.363669, -124.836866 55.364257, -124.83726 55.364607, -124.837436 55.365049, -124.837456 55.366029, -124.837555 55.366436, -124.837826 55.367005, -124.837985 55.367225, -124.838209 55.36736, -124.838519 55.367385, -124.839424 55.367235, -124.839779 55.367122, -124.840219 55.366888, -124.841185 55.366239, -124.841442 55.366115, -124.841675 55.36605, -124.84191 55.366042, -124.84213 55.366097, -124.843004 55.366587, -124.843212 55.366615, -124.843415 55.366577, -124.843613 55.366474, -124.84382 55.366303, -124.844765 55.365272, -124.845049 55.365074, -124.845337 55.364955, -124.845961 55.36488, -124.847569 55.364898, -124.847904 55.364855, -124.848169 55.364771, -124.848469 55.364577, -124.848703 55.364285, -124.849185 55.363058, -124.849441 55.362647, -124.849788 55.362382, -124.850544 55.362087, -124.85138 55.361858, -124.852324 55.361661, -124.853275 55.361517, -124.854157 55.361439, -124.854889 55.36143, -124.855476 55.361486, -124.855901 55.361607, -124.856157 55.361791, -124.856241 55.362069, -124.856154 55.362491, -124.855935 55.362804, -124.855231 55.363568, -124.855101 55.363785, -124.85505 55.363983, -124.855075 55.36416, -124.855182 55.364361, -124.8559 55.365217, -124.855959 55.365401, -124.855912 55.365551, -124.855704 55.365709, -124.855318 55.365847, -124.853245 55.366244, -124.852826 55.366354, -124.852518 55.366474, -124.852295 55.36662, -124.852171 55.366796, -124.852053 55.367131, -124.852032 55.367449, -124.85215 55.367751, -124.852473 55.367944, -124.852921 55.368066, -124.854498 55.368369, -124.856426 55.369078, -124.856745 55.36925, -124.856937 55.369411, -124.857007 55.369567, -124.856956 55.369719, -124.856591 55.370037, -124.856109 55.370225, -124.855535 55.370328, -124.854223 55.37045, -124.853686 55.370527, -124.851551 55.371099, -124.849983 55.371639, -124.849334 55.371918, -124.84877 55.372204, -124.848067 55.37266, -124.847661 55.373098, -124.84738 55.373612, -124.846895 55.374842, -124.846578 55.375352, -124.846192 55.375711, -124.845661 55.375998, -124.845036 55.376225, -124.844248 55.376431, -124.841482 55.376945, -124.840586 55.377143, -124.839628 55.377425, -124.836689 55.378405, -124.835785 55.378626, -124.835008 55.378734, -124.834235 55.378726, -124.833881 55.378668, -124.833574 55.37858, -124.833114 55.378346, -124.832031 55.377618, -124.8317 55.377462, -124.83137 55.377365, -124.830709 55.377255, -124.829954 55.377201, -124.829179 55.377206, -124.8285 55.377271, -124.827983 55.377431, -124.827487 55.377733, -124.827062 55.378107, -124.826122 55.379078, -124.825599 55.379475, -124.825314 55.379612, -124.825021 55.379695, -124.824663 55.379735, -124.824253 55.379734, -124.823373 55.379625, -124.822315 55.379374, -124.819902 55.37859, -124.819389 55.378371, -124.818748 55.377991, -124.818055 55.377468, -124.815868 55.375454, -124.815141 55.374866, -124.814754 55.374627, -124.814405 55.374481, -124.814086 55.374425, -124.813793 55.374458, -124.813584 55.374544, -124.813387 55.374682, -124.812803 55.375307, -124.812371 55.375889, -124.811266 55.377626, -124.810846 55.378114, -124.81026 55.378649, -124.807818 55.380506, -124.805683 55.382044, -124.803853 55.38326, -124.802113 55.384302, -124.800625 55.385096, -124.799142 55.385795, -124.797678 55.386396, -124.796078 55.38696, -124.795157 55.387247, -124.794426 55.387424, -124.791762 55.387874, -124.790887 55.388052, -124.790218 55.388234, -124.789218 55.388574, -124.788219 55.388972, -124.787308 55.389393, -124.786326 55.389918, -124.785447 55.390452, -124.78435 55.391245, -124.782233 55.39294, -124.78119 55.393887, -124.778706 55.396277, -124.777272 55.397503, -124.775543 55.398786, -124.774878 55.399239, -124.77423 55.399607, -124.773325 55.399987, -124.773032 55.400168, -124.772785 55.400483, -124.772517 55.401171, -124.772362 55.40144, -124.771676 55.40224, -124.771111 55.402675, -124.770831 55.40281, -124.770532 55.402908, -124.76895 55.403242, -124.76623 55.404024, -124.765042 55.404305, -124.764245 55.404416, -124.762219 55.404461, -124.761378 55.404567, -124.760975 55.404695, -124.760478 55.404963, -124.760094 55.405116, -124.75818 55.405646, -124.757498 55.405973, -124.756223 55.406741, -124.755492 55.407268, -124.753828 55.408566, -124.752924 55.409178, -124.752002 55.409669, -124.750692 55.410199, -124.749408 55.41063, -124.747981 55.411038, -124.74622 55.41148, -124.745025 55.411695, -124.743876 55.411795, -124.742954 55.411798, -124.742203 55.411695, -124.740722 55.411364, -124.740092 55.411255, -124.739508 55.41121, -124.738569 55.411229, -124.738177 55.411275, -124.737772 55.411364, -124.736392 55.411826, -124.735794 55.411978, -124.734958 55.412122, -124.732931 55.4124, -124.731712 55.412634, -124.729931 55.41308, -124.728022 55.413673, -124.726225 55.414313, -124.721811 55.415982, -124.719391 55.41679, -124.714974 55.417987, -124.712769 55.418471, -124.711882 55.418618, -124.711088 55.418672, -124.70966 55.418697, -124.707002 55.418682, -124.705327 55.418558, -124.704612 55.418453, -124.703971 55.41832, -124.703376 55.418148, -124.702855 55.417943, -124.702071 55.417536, -124.7018 55.417329, -124.70172 55.417137, -124.701752 55.416883, -124.701869 55.416624, -124.7022 55.416282, -124.702214 55.416209, -124.702165 55.416146, -124.701826 55.416034, -124.700607 55.415852, -124.700136 55.415705, -124.698636 55.415137), (-124.727155 55.347442, -124.72721 55.347641, -124.727354 55.347759, -124.727663 55.347868, -124.727978 55.347891, -124.728501 55.347671, -124.728981 55.347606, -124.729186 55.347523, -124.729616 55.347483, -124.730441 55.347241, -124.730792 55.347195, -124.731092 55.347218, -124.731298 55.347051, -124.731327 55.346835, -124.731139 55.34662, -124.730798 55.346362, -124.730432 55.346173, -124.729989 55.34601, -124.72949 55.345881, -124.728979 55.345799, -124.728446 55.345761, -124.72789 55.345768, -124.727586 55.345876, -124.727425 55.346038, -124.727376 55.346211, -124.727393 55.346537, -124.727227 55.346804, -124.727148 55.34704, -124.727155 55.347442))"
54,2023-07-29 10:30:57,2023072101,2023,816.9,Processed IR image,1689922800000,1689961607000,Being Held,JA70003000,8168548.6547,13610.1675,105,94b78a7e-7743-4602-bdfe-26d696d18fe4,25749833.90625,24174.5316308166,https://wildfiresituation.nrs.gov.bc.ca/incidents?fireYear=2023&incidentNumber=G50912,"POLYGON ((-126.357619 55.772045, -126.356326 55.772035, -126.355029 55.772072, -126.353732 55.772126, -126.352452 55.772197, -126.351182 55.772268, -126.349927 55.772333, -126.348691 55.772399, -126.347476 55.772466, -126.346282 55.772538, -126.345103 55.772618, -126.343959 55.77269, -126.342819 55.772723, -126.341696 55.772656, -126.340635 55.772452, -126.339722 55.772116, -126.339003 55.771669, -126.338554 55.771126, -126.338439 55.770513, -126.338657 55.769885, -126.339155 55.769291, -126.339814 55.768732, -126.340509 55.768188, -126.341223 55.767649, -126.341928 55.767113, -126.342586 55.766564, -126.343125 55.765978, -126.343463 55.765337, -126.343583 55.76466, -126.34345 55.763962, -126.343065 55.763276, -126.342503 55.762614, -126.342532 55.761699, -126.342778 55.760845, -126.343446 55.759895, -126.344369 55.759134, -126.346475 55.758417, -126.347989 55.757606, -126.349247 55.756607, -126.35148 55.755193, -126.352425 55.75505, -126.353364 55.754966, -126.354304 55.754972, -126.355234 55.755104, -126.356122 55.755364, -126.356958 55.755692, -126.357761 55.756041, -126.35853 55.756407, -126.359297 55.756771, -126.360085 55.757131, -126.360914 55.757471, -126.361786 55.757782, -126.362697 55.758064, -126.363647 55.758312, -126.364628 55.758526, -126.365636 55.758698, -126.366672 55.758811, -126.367725 55.758857, -126.368774 55.758847, -126.369821 55.758791, -126.370846 55.758689, -126.371844 55.758541, -126.37284 55.758372, -126.37384 55.75819, -126.374846 55.757989, -126.376313 55.757674, -126.377264 55.757487, -126.37871 55.757306, -126.38016 55.757321, -126.381104 55.757468, -126.382448 55.757887, -126.383244 55.758267, -126.383973 55.75869, -126.384656 55.75915, -126.385297 55.759647, -126.385861 55.760165, -126.386429 55.760689, -126.38701 55.761196, -126.387641 55.761681, -126.388345 55.762131, -126.38915 55.762523, -126.390049 55.762845, -126.391016 55.763067, -126.392023 55.763183, -126.393042 55.763186, -126.394036 55.763095, -126.394982 55.762938, -126.395883 55.762751, -126.396782 55.762605, -126.397684 55.762538, -126.398592 55.762584, -126.39948 55.762735, -126.400318 55.762975, -126.401115 55.763254, -126.401886 55.763552, -126.402648 55.763852, -126.403384 55.764176, -126.404102 55.764506, -126.404811 55.764834, -126.405541 55.765143, -126.406297 55.765427, -126.407103 55.76568, -126.40795 55.765921, -126.408786 55.766143, -126.409634 55.766373, -126.410451 55.766613, -126.411234 55.766843, -126.411987 55.767104, -126.41264 55.767393, -126.413124 55.767748, -126.413404 55.768145, -126.413436 55.768561, -126.41322 55.768959, -126.412782 55.769343, -126.41225 55.769702, -126.411699 55.770062, -126.411159 55.770424, -126.410643 55.770798, -126.410173 55.771191, -126.409747 55.771609, -126.409335 55.772023, -126.408927 55.77242, -126.408501 55.772788, -126.407975 55.773101, -126.40733 55.773361, -126.406579 55.773559, -126.405333 55.773759, -126.404077 55.773978, -126.402957 55.774359, -126.402015 55.774879, -126.401162 55.775467, -126.400599 55.775851, -126.400095 55.776251, -126.399771 55.776709, -126.399726 55.77722, -126.399952 55.777739, -126.40043 55.778227, -126.401105 55.778654, -126.4019 55.779012, -126.40271 55.779338, -126.403494 55.77967, -126.404214 55.780032, -126.404854 55.780431, -126.405391 55.780868, -126.405831 55.781322, -126.406172 55.78178, -126.406402 55.782232, -126.406477 55.782672, -126.40635 55.783082, -126.406006 55.783447, -126.405445 55.783741, -126.404728 55.783939, -126.403922 55.784039, -126.403072 55.784037, -126.402203 55.783915, -126.401347 55.783681, -126.400497 55.783373, -126.399629 55.783036, -126.398732 55.782705, -126.397797 55.782394, -126.396834 55.782116, -126.395857 55.781863, -126.394876 55.781628, -126.393883 55.781409, -126.392861 55.781214, -126.391819 55.781054, -126.390756 55.780926, -126.389673 55.78081, -126.388581 55.780701, -126.387481 55.780591, -126.386385 55.780482, -126.385291 55.780362, -126.3842 55.780234, -126.38311 55.780104, -126.382033 55.779985, -126.380961 55.779875, -126.379901 55.779768, -126.378858 55.779665, -126.377821 55.779571, -126.376803 55.779477, -126.375812 55.779321, -126.374864 55.77907, -126.373956 55.77876, -126.373065 55.778431, -126.372238 55.778037, -126.371099 55.777332, -126.370086 55.776512, -126.369078 55.775635, -126.367865 55.774818, -126.366436 55.774106, -126.364827 55.773517, -126.363693 55.773182, -126.362536 55.772867, -126.361353 55.772578, -126.360149 55.772329, -126.3589 55.772144, -126.357619 55.772045))"
55,2023-07-29 10:30:57,2023072201,2023,3317.8,Non-corrected airborne GPS,1690009200000,1690084553000,Fire of Note,JA70003000,33178076.3119,49682.0515,106,9c832582-cd3f-41bf-a059-7f0414739689,97811368.0625,85345.4921994632,https://wildfiresituation.nrs.gov.bc.ca/incidents?fireYear=2023&incidentNumber=G51279,"POLYGON ((-123.63041 54.44679, -123.62931 54.44634, -123.62809 54.44604, -123.6269 54.44589, -123.62586 54.44579, -123.62504 54.44556, -123.62456 54.4451, -123.62452 54.44451, -123.62477 54.44389, -123.62511 54.44326, -123.62543 54.44266, -123.62566 54.44206, -123.62578 54.44147, -123.62569 54.44098, -123.62518 54.44061, -123.624461 54.440475, -123.62422 54.44043, -123.62297 54.44039, -123.62147 54.44041, -123.61986 54.44052, -123.61823 54.44079, -123.61672 54.44133, -123.61536 54.44204, -123.61406 54.44282, -123.61271 54.44357, -123.61124 54.44423, -123.6097 54.44475, -123.6082 54.44519, -123.60782 54.445317, -123.60682 54.44565, -123.60547 54.44606, -123.60417 54.44637, -123.60295 54.44646, -123.60178 54.44631, -123.60101 54.44599, -123.60046 54.44544, -123.60015 54.44488, -123.60011 54.44432, -123.60016 54.44378, -123.59996 54.44328, -123.599 54.44246, -123.59874 54.44204, -123.59879 54.44152, -123.59908 54.44095, -123.599369 54.439947, -123.59927 54.43916, -123.59921 54.4386, -123.59957 54.438, -123.60031 54.43739, -123.60113 54.43679, -123.60197 54.43619, -123.60274 54.43559, -123.60332 54.43494, -123.60363 54.43424, -123.60369 54.43358, -123.60342 54.43297, -123.60269 54.43245, -123.60156 54.43211, -123.60017 54.43192, -123.59866 54.43168, -123.59707 54.43136, -123.59538 54.43112, -123.5936 54.43108, -123.59181 54.43123, -123.59006 54.43144, -123.58839 54.4316, -123.58683 54.43163, -123.5856 54.43143, -123.58437 54.43108, -123.58315 54.43081, -123.58231 54.43082, -123.58105 54.43102, -123.58029 54.43128, -123.57921 54.43173, -123.5781 54.43213, -123.5773 54.43234, -123.57602 54.43242, -123.57474 54.43222, -123.57337 54.43194, -123.57197 54.43172, -123.57057 54.43158, -123.56922 54.43147, -123.56791 54.43136, -123.5667 54.43101, -123.56567 54.43043, -123.56468 54.42984, -123.56363 54.42939, -123.56242 54.42915, -123.56117 54.42904, -123.55991 54.42906, -123.5587 54.42926, -123.55755 54.42955, -123.55652 54.42987, -123.55553 54.4302, -123.55449 54.43028, -123.5535 54.43012, -123.55241 54.42971, -123.55134 54.42917, -123.55016 54.42865, -123.54882 54.42819, -123.54738 54.42786, -123.54586 54.42768, -123.54424 54.42756, -123.54265 54.42743, -123.5411 54.42728, -123.53961 54.42715, -123.539185 54.427116, -123.53822 54.42704, -123.53695 54.427, -123.53576 54.42721, -123.53476 54.42763, -123.53409 54.42825, -123.53365 54.42894, -123.53332 54.42963, -123.53299 54.43026, -123.53267 54.43085, -123.53228 54.43142, -123.5318 54.43194, -123.53129 54.4324, -123.53094 54.43281, -123.53115 54.43327, -123.53187 54.43367, -123.53297 54.43395, -123.53408 54.43423, -123.53508 54.43464, -123.53581 54.43519, -123.53606 54.43574, -123.53594 54.43641, -123.53535 54.43701, -123.53438 54.43746, -123.53315 54.43774, -123.53164 54.43782, -123.52997 54.43783, -123.52833 54.4378, -123.527686 54.437755, -123.52662 54.43768, -123.52493 54.43737, -123.52327 54.43691, -123.52168 54.43643, -123.52007 54.43595, -123.51849 54.43549, -123.5169 54.4351, -123.51527 54.43489, -123.51363 54.43483, -123.51203 54.43488, -123.51045 54.43499, -123.50894 54.43504, -123.50746 54.43503, -123.50602 54.43498, -123.5046 54.4348, -123.50325 54.43457, -123.50191 54.43429, -123.50049 54.43401, -123.49902 54.43376, -123.498626 54.433696, -123.49742 54.4335, -123.49585 54.43324, -123.4943 54.433, -123.4928 54.43277, -123.49137 54.43252, -123.49004 54.43222, -123.48892 54.43187, -123.48798 54.43149, -123.48711 54.4312, -123.48609 54.43109, -123.48487 54.43121, -123.4835 54.43136, -123.48202 54.43141, -123.48047 54.43135, -123.47888 54.43124, -123.47733 54.43116, -123.47579 54.43112, -123.47423 54.4311, -123.47268 54.43101, -123.47114 54.43078, -123.46975 54.43042, -123.4685 54.42999, -123.4674 54.42959, -123.46652 54.4293, -123.46588 54.42901, -123.4657 54.42864, -123.46602 54.42827, -123.46671 54.42806, -123.46761 54.42806, -123.46859 54.42828, -123.46953 54.42858, -123.47055 54.42877, -123.47161 54.42869, -123.47255 54.42836, -123.4732 54.42778, -123.47347 54.42706, -123.47342 54.42637, -123.47307 54.42577, -123.47264 54.42527, -123.4724 54.42481, -123.47262 54.42436, -123.47338 54.424, -123.47469 54.42386, -123.47619 54.4239, -123.47772 54.42391, -123.47924 54.42391, -123.48077 54.42397, -123.48232 54.42408, -123.48392 54.4243, -123.48547 54.42463, -123.4869 54.42511, -123.48813 54.4257, -123.48922 54.42632, -123.49014 54.42696, -123.49108 54.42754, -123.49212 54.42794, -123.49329 54.42805, -123.49445 54.42783, -123.49548 54.42738, -123.49646 54.42682, -123.49758 54.42626, -123.49848 54.42593, -123.50009 54.42555, -123.50131 54.42536, -123.50328 54.42506, -123.50458 54.42485, -123.50585 54.4246, -123.5077 54.42415, -123.50946 54.42364, -123.51114 54.42311, -123.51279 54.42266, -123.51444 54.42226, -123.51602 54.42187, -123.51751 54.42145, -123.51882 54.4209, -123.51978 54.42016, -123.52027 54.41923, -123.52041 54.41828, -123.52039 54.41733, -123.52023 54.41645, -123.51988 54.4156, -123.51932 54.4148, -123.51853 54.41407, -123.51766 54.41344, -123.51682 54.41268, -123.51658 54.41193, -123.5167 54.41124, -123.51726 54.41057, -123.51828 54.41007, -123.5196 54.40967, -123.52104 54.40941, -123.52255 54.40925, -123.5241 54.40917, -123.5256 54.40912, -123.52705 54.40908, -123.52843 54.409, -123.52975 54.40893, -123.53102 54.40892, -123.53223 54.40895, -123.53334 54.40908, -123.53431 54.4094, -123.53512 54.40983, -123.53583 54.41028, -123.53658 54.41069, -123.53751 54.41099, -123.53859 54.41106, -123.53973 54.41089, -123.54088 54.41061, -123.54202 54.41033, -123.54317 54.41003, -123.54431 54.4097, -123.54536 54.40933, -123.54632 54.40901, -123.54722 54.40881, -123.54809 54.40878, -123.54891 54.40897, -123.54962 54.40941, -123.55027 54.41002, -123.55074 54.41071, -123.55128 54.41138, -123.55209 54.41194, -123.55326 54.41222, -123.55453 54.4121, -123.55571 54.41174, -123.55665 54.41123, -123.55736 54.41066, -123.55766 54.41, -123.55746 54.40933, -123.55682 54.40871, -123.55599 54.40812, -123.55513 54.40755, -123.55427 54.40704, -123.55343 54.40658, -123.55279 54.40612, -123.55235 54.40566, -123.55223 54.4052, -123.55245 54.40476, -123.5531 54.40461, -123.55401 54.4045, -123.55525 54.40449, -123.55662 54.40438, -123.55802 54.40404, -123.55932 54.40344, -123.56041 54.40264, -123.56121 54.40177, -123.56186 54.40085, -123.56227 54.39984, -123.56262 54.39901, -123.56299 54.39827, -123.56364 54.39768, -123.56462 54.39726, -123.56583 54.39703, -123.56706 54.39695, -123.56825 54.39693, -123.56935 54.39705, -123.57031 54.39736, -123.57107 54.39779, -123.57166 54.39825, -123.57207 54.39869, -123.57227 54.39909, -123.57217 54.39946, -123.57178 54.39978, -123.57116 54.39999, -123.57046 54.40013, -123.56982 54.40029, -123.56938 54.40055, -123.56937 54.40085, -123.56984 54.40105, -123.57054 54.4011, -123.5714 54.40101, -123.57235 54.4008, -123.5734 54.4006, -123.57445 54.40048, -123.5754 54.40039, -123.57631 54.40032, -123.57711 54.40034, -123.57767 54.40053, -123.57784 54.40086, -123.57759 54.40127, -123.57705 54.40169, -123.57633 54.40205, -123.57559 54.40239, -123.57496 54.40275, -123.57447 54.40318, -123.57424 54.40368, -123.57407 54.40418, -123.57373 54.40463, -123.57312 54.40503, -123.57248 54.40541, -123.57215 54.40581, -123.57227 54.40623, -123.5729 54.40659, -123.57396 54.40676, -123.5752 54.40694, -123.57639 54.40724, -123.57754 54.40753, -123.57862 54.40779, -123.57961 54.40804, -123.58045 54.40834, -123.58117 54.40869, -123.58187 54.40904, -123.58261 54.40933, -123.58345 54.40945, -123.58435 54.40943, -123.58493 54.40933, -123.58548 54.40916, -123.58618 54.40877, -123.58678 54.40832, -123.58715 54.40802, -123.58749 54.4077, -123.58794 54.40748, -123.58828 54.40707, -123.58866 54.40642, -123.58907 54.40602, -123.58942 54.40557, -123.58994 54.40512, -123.5907 54.40469, -123.59168 54.40437, -123.59285 54.40413, -123.59404 54.40392, -123.5952 54.40369, -123.59633 54.40344, -123.59752 54.40314, -123.59868 54.40278, -123.59978 54.4023, -123.60087 54.40179, -123.60206 54.40136, -123.60343 54.40108, -123.60479 54.40088, -123.60603 54.40066, -123.60714 54.40042, -123.60807 54.40008, -123.60873 54.39998, -123.60925 54.39963, -123.60967 54.39931, -123.61012 54.39905, -123.61066 54.39896, -123.61132 54.39906, -123.612 54.39927, -123.61265 54.39948, -123.6133 54.39975, -123.61383 54.40009, -123.61442 54.40041, -123.61497 54.40063, -123.61512 54.40111, -123.61543 54.40185, -123.61574 54.4026, -123.61625 54.40337, -123.61692 54.4041, -123.61767 54.40477, -123.61857 54.40541, -123.61952 54.40601, -123.62052 54.40657, -123.62158 54.40713, -123.62263 54.40765, -123.62369 54.40815, -123.62477 54.40861, -123.62589 54.40905, -123.62706 54.40945, -123.62831 54.40981, -123.62957 54.41018, -123.63091 54.4106, -123.63238 54.41105, -123.63389 54.41153, -123.63536 54.41207, -123.63674 54.41267, -123.63803 54.41332, -123.63922 54.41393, -123.64044 54.41454, -123.64179 54.41501, -123.64321 54.41539, -123.64461 54.41574, -123.64595 54.41609, -123.64718 54.41654, -123.64832 54.41712, -123.64936 54.4178, -123.65031 54.4185, -123.65124 54.41921, -123.65223 54.41985, -123.65335 54.42035, -123.65416 54.42056, -123.65542 54.42075, -123.65673 54.42082, -123.6576 54.42089, -123.65839 54.42106, -123.65944 54.42153, -123.66036 54.42213, -123.66114 54.42286, -123.66177 54.42365, -123.66228 54.42447, -123.66271 54.42528, -123.66307 54.42607, -123.66338 54.42683, -123.66373 54.42753, -123.66418 54.4282, -123.66487 54.42888, -123.66594 54.42955, -123.66739 54.43001, -123.66902 54.43025, -123.67064 54.43044, -123.67223 54.43076, -123.6737 54.43123, -123.67499 54.43177, -123.67617 54.43235, -123.67726 54.4329, -123.67815 54.43335, -123.67875 54.43379, -123.678913 54.434163, -123.67899 54.43434, -123.67887 54.43497, -123.67862 54.43559, -123.67828 54.43616, -123.67769 54.43667, -123.6767 54.43703, -123.67534 54.43718, -123.67386 54.43722, -123.67242 54.43732, -123.67096 54.43756, -123.66958 54.43801, -123.66834 54.43859, -123.66718 54.43919, -123.66597 54.43973, -123.66463 54.44009, -123.66323 54.44025, -123.66188 54.44027, -123.66058 54.44033, -123.65938 54.44067, -123.65844 54.44124, -123.65783 54.44199, -123.65729 54.44279, -123.65664 54.44354, -123.65582 54.44424, -123.6548 54.44481, -123.65374 54.44532, -123.6528 54.44584, -123.65197 54.44633, -123.6511 54.44671, -123.65011 54.44697, -123.649 54.44711, -123.64785 54.44707, -123.64663 54.447, -123.64538 54.44704, -123.64414 54.44729, -123.64297 54.44768, -123.64171 54.44809, -123.6403 54.4484, -123.63883 54.44858, -123.63738 54.44871, -123.63594 54.44871, -123.63454 54.44856, -123.63331 54.44829, -123.63226 54.4479, -123.63133 54.44737, -123.63041 54.44679), (-123.623901 54.415697, -123.623624 54.415688, -123.623354 54.415716, -123.622814 54.415816, -123.622341 54.415956, -123.622046 54.416088, -123.621849 54.416262, -123.621777 54.416483, -123.621831 54.416712, -123.622008 54.416932, -123.622273 54.417102, -123.622687 54.417293, -123.623138 54.417446, -123.624277 54.417668, -123.624673 54.417776, -123.625002 54.417996, -123.625343 54.41836, -123.625764 54.418567, -123.626117 54.418648, -123.626623 54.41866, -123.626942 54.418698, -123.627456 54.418855, -123.6279 54.419102, -123.628423 54.419615, -123.628883 54.419881, -123.630197 54.420151, -123.631245 54.420214, -123.631698 54.420275, -123.631951 54.420357, -123.632426 54.420625, -123.632759 54.420731, -123.633244 54.420827, -123.633888 54.420862, -123.634165 54.420919, -123.635071 54.421316, -123.635902 54.421463, -123.636455 54.421762, -123.637293 54.422014, -123.637755 54.422269, -123.638068 54.422598, -123.638241 54.422704, -123.638646 54.422802, -123.639269 54.422874, -123.639838 54.423081, -123.640142 54.423245, -123.640445 54.423467, -123.640758 54.423745, -123.64107 54.424095, -123.641401 54.424266, -123.641833 54.424378, -123.64232 54.424456, -123.64323 54.424438, -123.64355 54.424476, -123.643903 54.42462, -123.644143 54.424876, -123.644389 54.424996, -123.644741 54.425047, -123.645404 54.425069, -123.64588 54.425134, -123.646527 54.425276, -123.647176 54.425477, -123.648205 54.425953, -123.649137 54.426273, -123.649564 54.426459, -123.649714 54.426552, -123.649907 54.426787, -123.650027 54.426851, -123.650707 54.42694, -123.650936 54.427012, -123.651226 54.426986, -123.651843 54.427164, -123.652798 54.427173, -123.6531 54.427202, -123.653682 54.427395, -123.653798 54.427488, -123.653852 54.427618, -123.653956 54.427675, -123.654128 54.427704, -123.654299 54.427636, -123.654364 54.42756, -123.654294 54.427458, -123.654021 54.427274, -123.653716 54.427146, -123.653589 54.427012, -123.6536 54.426731, -123.653516 54.426272, -123.653373 54.425947, -123.653115 54.425742, -123.65227 54.425254, -123.651381 54.424825, -123.650495 54.424469, -123.649944 54.424289, -123.64882 54.424006, -123.64826 54.423808, -123.647762 54.423716, -123.647002 54.423684, -123.646418 54.42354, -123.645918 54.423485, -123.645537 54.423348, -123.644737 54.422949, -123.64308 54.421815, -123.642258 54.421388, -123.641723 54.421053, -123.641359 54.420882, -123.64047 54.420421, -123.639744 54.420166, -123.639179 54.419902, -123.638653 54.41972, -123.63821 54.419486, -123.637887 54.419372, -123.637208 54.419215, -123.636483 54.418985, -123.635896 54.4189, -123.634894 54.418676, -123.634107 54.41855, -123.63373 54.418432, -123.633169 54.418173, -123.632894 54.418087, -123.63245 54.418036, -123.63168 54.418021, -123.631276 54.417978, -123.63008 54.41779, -123.629043 54.417556, -123.627801 54.417153, -123.625901 54.416226, -123.625184 54.415954, -123.624758 54.415829, -123.623901 54.415697), (-123.565406 54.416886, -123.564941 54.416858, -123.564555 54.416979, -123.564107 54.417341, -123.563639 54.417459, -123.563612 54.417605, -123.563754 54.417889, -123.563914 54.418027, -123.564186 54.418145, -123.565327 54.41842, -123.56569 54.418535, -123.566466 54.418976, -123.56672 54.419025, -123.567343 54.41902, -123.567811 54.419065, -123.569685 54.4194, -123.569981 54.419521, -123.570441 54.419873, -123.571173 54.420282, -123.571766 54.420521, -123.572334 54.42066, -123.573135 54.42073, -123.573909 54.420695, -123.574624 54.42054, -123.574954 54.420341, -123.575084 54.420163, -123.575105 54.419995, -123.575017 54.419783, -123.574844 54.419609, -123.574697 54.419546, -123.574143 54.419436, -123.57394 54.419199, -123.573712 54.41905, -123.572759 54.418632, -123.571966 54.418201, -123.571496 54.418009, -123.570947 54.417866, -123.570508 54.417675, -123.56954 54.417477, -123.568633 54.417345, -123.567458 54.417224, -123.566613 54.417083, -123.566062 54.417045, -123.565406 54.416886), (-123.612146 54.415495, -123.612221 54.415345, -123.612585 54.415451, -123.613234 54.415434, -123.614028 54.415325, -123.614148 54.41527, -123.614212 54.415193, -123.614102 54.414957, -123.613855 54.414735, -123.612894 54.414081, -123.612006 54.413604, -123.611527 54.413416, -123.611082 54.413287, -123.61072 54.413228, -123.610278 54.41321, -123.608609 54.413241, -123.607831 54.413292, -123.60708 54.413411, -123.606654 54.4136, -123.60647 54.413862, -123.606454 54.414163, -123.60657 54.414661, -123.606681 54.414791, -123.606853 54.414896, -123.607038 54.414947, -123.607313 54.414956, -123.608015 54.414868, -123.608525 54.414854, -123.608989 54.414884, -123.609479 54.414957, -123.609971 54.415072, -123.61037 54.415217, -123.610655 54.415363, -123.611059 54.415656, -123.611272 54.415757, -123.611413 54.415787, -123.611605 54.415783, -123.611811 54.415731, -123.612005 54.415632, -123.612146 54.415495))"
56,2023-07-29 10:30:57,2023072601,2023,239.7,Non-corrected ground GPS,1690354800000,1690474426000,Out of Control,JA70003000,2397219.5058,12084.7477,107,c1261ee6-eaaf-4002-9001-c38bf917499f,7180237.703125,20916.656844629,https://wildfiresituation.nrs.gov.bc.ca/incidents?fireYear=2023&incidentNumber=G51344,"MULTIPOLYGON (((-123.87188 54.755296, -123.871512 54.75513, -123.87025 54.755258, -123.869661 54.755246, -123.869378 54.754963, -123.869427 54.754688, -123.869678 54.754119, -123.869723 54.753848, -123.869272 54.753465, -123.868351 54.753393, -123.86734 54.753498, -123.866188 54.754072, -123.865569 54.754568, -123.864933 54.755584, -123.864391 54.756584, -123.863623 54.757411, -123.862479 54.758088, -123.861151 54.758552, -123.860283 54.758616, -123.85985 54.75826, -123.860271 54.757704, -123.86068 54.757416, -123.861788 54.75648, -123.863076 54.754517, -123.863189 54.754077, -123.862969 54.753662, -123.86194 54.753083, -123.860758 54.752607, -123.86015 54.752351, -123.859597 54.752053, -123.858418 54.751446, -123.857628 54.751316, -123.856593 54.751453, -123.855685 54.751575, -123.855155 54.751215, -123.855243 54.750521, -123.855358 54.749339, -123.855876 54.748526, -123.856936 54.747927, -123.858272 54.747721, -123.858943 54.747809, -123.860836 54.748417, -123.862303 54.74868, -123.864689 54.749018, -123.866193 54.749196, -123.866914 54.749211, -123.867608 54.749176, -123.86826 54.749186, -123.868812 54.749285, -123.869234 54.749446, -123.869559 54.749609, -123.870311 54.749577, -123.870642 54.749315, -123.871089 54.748585, -123.871482 54.747838, -123.871821 54.747147, -123.872546 54.746683, -123.873146 54.746628, -123.87427 54.746693, -123.874767 54.746732, -123.875661 54.746649, -123.876476 54.746268, -123.877351 54.7458, -123.878752 54.744814, -123.878969 54.744297, -123.878921 54.743232, -123.879586 54.742775, -123.880216 54.742566, -123.882006 54.742353, -123.883275 54.742555, -123.884131 54.743189, -123.884523 54.743536, -123.885668 54.744018, -123.886931 54.744426, -123.887386 54.744777, -123.887795 54.745677, -123.887875 54.747086, -123.88784 54.747947, -123.886794 54.748463, -123.884624 54.748907, -123.883217 54.749234, -123.881793 54.749729, -123.880431 54.752197, -123.879656 54.753598, -123.878799 54.75537, -123.877838 54.756231, -123.876431 54.757004, -123.874717 54.757566, -123.873084 54.758139, -123.870958 54.758874, -123.869129 54.759314, -123.868525 54.759113, -123.868445 54.758627, -123.868818 54.758068, -123.869849 54.757307, -123.87087 54.756488, -123.871772 54.755604, -123.87188 54.755296)), ((-123.835007 54.742121, -123.835912 54.741708, -123.837535 54.741384, -123.838215 54.741269, -123.838846 54.74112, -123.839975 54.740762, -123.840575 54.740654, -123.841887 54.740831, -123.84398 54.741417, -123.84538 54.741815, -123.846702 54.742207, -123.847371 54.742329, -123.848042 54.742339, -123.848709 54.742181, -123.849335 54.741922, -123.849954 54.741642, -123.850587 54.741351, -123.851829 54.740821, -123.853191 54.740656, -123.85391 54.740775, -123.854474 54.74106, -123.854886 54.74146, -123.855162 54.741902, -123.855452 54.742346, -123.8558 54.742771, -123.856166 54.743184, -123.856509 54.743585, -123.85707 54.744358, -123.857311 54.744711, -123.856923 54.745247, -123.856658 54.745435, -123.855945 54.745808, -123.854719 54.746427, -123.853745 54.746755, -123.852084 54.747052, -123.851103 54.747268, -123.850434 54.747684, -123.850119 54.748238, -123.849478 54.748595, -123.849 54.748593, -123.848059 54.748294, -123.846758 54.747693, -123.845876 54.747357, -123.844411 54.746769, -123.842826 54.746193, -123.84138 54.745466, -123.83907 54.744857, -123.83713 54.744273, -123.836433 54.743707, -123.836653 54.743269, -123.836129 54.743022, -123.835704 54.742942, -123.835314 54.742847, -123.834794 54.742561, -123.835007 54.742121)))"
57,2023-07-29 10:30:57,2023071601,2023,446.9,Non-corrected airborne GPS,1689490800000,1689639191000,Being Held,JA70003000,4469165.3894,18541.2038,108,065fb2d0-77aa-47c6-afc4-2612f12713f2,13775811.1640625,32551.0115405066,https://wildfiresituation.nrs.gov.bc.ca/incidents?fireYear=2023&incidentNumber=G51411,"POLYGON ((-125.374453 55.340717, -125.373593 55.340539, -125.372684 55.340548, -125.371806 55.340747, -125.371044 55.341099, -125.370421 55.34153, -125.369821 55.341969, -125.36909 55.342316, -125.368174 55.342426, -125.367208 55.34226, -125.366535 55.341964, -125.366472 55.341689, -125.366729 55.34134, -125.367183 55.34119, -125.367584 55.341183, -125.367985 55.341223, -125.36832 55.341206, -125.368523 55.341007, -125.36841 55.340779, -125.368176 55.340769, -125.367538 55.340936, -125.367154 55.340877, -125.366957 55.340639, -125.366491 55.340485, -125.36604 55.340445, -125.366094 55.340218, -125.366029 55.340085, -125.365563 55.339968, -125.364008 55.339942, -125.362974 55.339737, -125.36201 55.33941, -125.361345 55.339113, -125.361046 55.338997, -125.360321 55.338358, -125.359924 55.338053, -125.359862 55.337777, -125.359951 55.337408, -125.359905 55.33718, -125.359574 55.336932, -125.359243 55.336703, -125.359215 55.336361, -125.359136 55.336086, -125.358841 55.335686, -125.358545 55.3354, -125.35808 55.335218, -125.356813 55.334974, -125.356199 55.334696, -125.356018 55.334458, -125.356041 55.334069, -125.355845 55.333784, -125.355444 55.333763, -125.355194 55.333743, -125.354914 55.333485, -125.354584 55.333171, -125.354672 55.332925, -125.354808 55.332755, -125.355379 55.332615, -125.355569 55.332275, -125.355307 55.331923, -125.354841 55.331778, -125.354488 55.331852, -125.354118 55.33203, -125.353818 55.331944, -125.353905 55.331716, -125.353993 55.33147, -125.353929 55.331261, -125.353531 55.331089, -125.352863 55.331038, -125.351977 55.331052, -125.35144 55.331154, -125.350654 55.331188, -125.349631 55.331372, -125.34822 55.331734, -125.346644 55.332001, -125.346109 55.332027, -125.346039 55.332225, -125.346001 55.3325, -125.345891 55.332688, -125.345188 55.332904, -125.344213 55.333192, -125.34322 55.333374, -125.342186 55.333355, -125.341224 55.333086, -125.340425 55.332608, -125.339772 55.331999, -125.339201 55.331338, -125.338659 55.330706, -125.338097 55.330078, -125.337525 55.329463, -125.33694 55.328866, -125.336362 55.328289, -125.335802 55.327724, -125.335272 55.327169, -125.334764 55.326599, -125.334329 55.326011, -125.334009 55.325416, -125.333756 55.324835, -125.333446 55.324292, -125.332888 55.323814, -125.33207 55.323444, -125.331158 55.323142, -125.33028 55.322834, -125.32946 55.322466, -125.328707 55.322029, -125.327967 55.321529, -125.327203 55.321016, -125.326384 55.320522, -125.325484 55.320065, -125.324529 55.319692, -125.323523 55.319417, -125.322498 55.3193, -125.32151 55.319368, -125.32067 55.319651, -125.320133 55.320132, -125.319948 55.320711, -125.319976 55.32133, -125.320112 55.321951, -125.320348 55.322562, -125.320622 55.323168, -125.320895 55.323767, -125.321148 55.324352, -125.321383 55.324936, -125.321599 55.32551, -125.321724 55.326066, -125.321749 55.326607, -125.32171 55.32714, -125.321548 55.327673, -125.321137 55.328153, -125.320528 55.328582, -125.319718 55.328843, -125.318765 55.32894, -125.317789 55.328838, -125.316865 55.328585, -125.315978 55.328275, -125.31507 55.327962, -125.314124 55.327644, -125.313214 55.327291, -125.312448 55.326845, -125.311845 55.326318, -125.311443 55.325725, -125.31112 55.325109, -125.31079 55.324492, -125.310443 55.323873, -125.310124 55.323253, -125.309856 55.322629, -125.309646 55.322002, -125.309462 55.321379, -125.309288 55.320765, -125.309097 55.320169, -125.30889 55.319601, -125.308678 55.31906, -125.308452 55.318545, -125.308238 55.318047, -125.308061 55.317565, -125.307896 55.31709, -125.307686 55.316645, -125.307413 55.316207, -125.307184 55.315758, -125.306929 55.315289, -125.306557 55.314829, -125.306045 55.314398, -125.305469 55.314018, -125.30486 55.313679, -125.304226 55.313371, -125.3036 55.313095, -125.303059 55.31281, -125.302798 55.312487, -125.303034 55.312186, -125.303563 55.312038, -125.304185 55.31199, -125.304817 55.311952, -125.305382 55.31176, -125.305932 55.311256, -125.305873 55.310637, -125.306249 55.310053, -125.307205 55.309774, -125.308565 55.310061, -125.309986 55.310523, -125.311498 55.311017, -125.31303 55.311576, -125.314453 55.312228, -125.315687 55.313005, -125.316725 55.31381, -125.317883 55.314551, -125.319466 55.315051, -125.321271 55.315144, -125.323041 55.315036, -125.324824 55.314972, -125.326617 55.315098, -125.328366 55.315297, -125.329979 55.315709, -125.331365 55.316423, -125.332714 55.317195, -125.334222 55.317918, -125.33433 55.317967, -125.334617 55.318259, -125.335395 55.318642, -125.336258 55.319027, -125.337045 55.319465, -125.337715 55.319933, -125.337805 55.320015, -125.338126 55.320049, -125.338573 55.320272, -125.338881 55.320601, -125.339138 55.320965, -125.33922 55.321342, -125.339491 55.321607, -125.339914 55.321822, -125.340413 55.321996, -125.340947 55.322269, -125.341371 55.322463, -125.342472 55.32364, -125.342881 55.324037, -125.34327 55.324386, -125.343748 55.32462, -125.344306 55.324679, -125.344808 55.324507, -125.345129 55.324144, -125.345362 55.323717, -125.345609 55.323288, -125.345924 55.322885, -125.346415 55.322571, -125.347073 55.322405, -125.347801 55.322361, -125.34845 55.322232, -125.348908 55.321905, -125.34913 55.32145, -125.349268 55.320975, -125.349577 55.320574, -125.350155 55.320334, -125.35087 55.320316, -125.351576 55.320539, -125.35216 55.320927, -125.352758 55.321349, -125.35348 55.321728, -125.354274 55.322049, -125.355033 55.322339, -125.355692 55.322642, -125.356171 55.323007, -125.356359 55.323452, -125.356324 55.32393, -125.356253 55.324421, -125.356309 55.324924, -125.356487 55.325428, -125.356729 55.32593, -125.356991 55.326433, -125.357261 55.326939, -125.357515 55.327451, -125.357781 55.327956, -125.358164 55.328431, -125.35866 55.328864, -125.359221 55.329268, -125.359791 55.329682, -125.360267 55.33016, -125.360578 55.330709, -125.3608 55.331288, -125.361146 55.33186, -125.361728 55.332389, -125.36245 55.332882, -125.363246 55.333349, -125.364091 55.333799, -125.364947 55.334216, -125.365848 55.334596, -125.366797 55.334947, -125.367785 55.335286, -125.368756 55.335629, -125.369685 55.335982, -125.370595 55.336325, -125.371434 55.336714, -125.372225 55.337153, -125.373 55.337607, -125.373783 55.338034, -125.37464 55.338388, -125.375589 55.338651, -125.376568 55.33884, -125.37753 55.338982, -125.378462 55.339136, -125.379286 55.3394, -125.379995 55.339725, -125.38064 55.340073, -125.381251 55.340421, -125.381933 55.340698, -125.382708 55.340853, -125.383511 55.340929, -125.38423 55.341036, -125.384786 55.341266, -125.385104 55.341612, -125.385224 55.342025, -125.385232 55.342451, -125.385046 55.342873, -125.384587 55.343262, -125.38389 55.343567, -125.38303 55.343769, -125.382076 55.34387, -125.381077 55.343928, -125.380058 55.344001, -125.379059 55.344048, -125.378119 55.343938, -125.377351 55.343599, -125.3768 55.343118, -125.376448 55.342584, -125.376126 55.342036, -125.375721 55.341514, -125.375173 55.341057, -125.374453 55.340717), (-125.349959 55.328223, -125.349649 55.328094, -125.349292 55.328109, -125.34914 55.328237, -125.348996 55.328533, -125.348951 55.328759, -125.348976 55.328976, -125.349082 55.329141, -125.349375 55.329322, -125.349901 55.329367, -125.350214 55.32931, -125.350415 55.329139, -125.350431 55.328952, -125.350217 55.328478, -125.349959 55.328223), (-125.347733 55.328137, -125.347689 55.327912, -125.347574 55.32786, -125.347377 55.327834, -125.346709 55.327829, -125.345939 55.327763, -125.345656 55.327793, -125.345549 55.32791, -125.345579 55.328052, -125.346249 55.328298, -125.346599 55.328597, -125.347033 55.328763, -125.347198 55.328793, -125.347292 55.32878, -125.347326 55.328495, -125.347733 55.328137))"
58,2023-07-29 10:30:57,2023072201,2023,778.3,Digitized from aerial photo,1690009200000,1690158508000,Out of Control,JA70003000,7783112.1727,18751.7249,109,e5badd46-4024-483a-9d6c-7c7657268752,24501372.0546875,33286.5347362696,https://wildfiresituation.nrs.gov.bc.ca/incidents?fireYear=2023&incidentNumber=G51416,"POLYGON ((-125.69843 55.75567, -125.6988 55.75528, -125.69884 55.75523, -125.69942 55.75449, -125.69976 55.75412, -125.70003 55.75375, -125.70003 55.75338, -125.69978 55.75305, -125.69943 55.75276, -125.69899 55.75255, -125.69841 55.75246, -125.69779 55.75248, -125.69738 55.75253, -125.69678 55.75264, -125.69621 55.75279, -125.69583 55.75287, -125.69534 55.75281, -125.69503 55.7526, -125.69463 55.75233, -125.69413 55.75219, -125.69359 55.75213, -125.69306 55.75216, -125.69257 55.75222, -125.69215 55.75212, -125.69192 55.75188, -125.69186 55.75158, -125.69195 55.75124, -125.69208 55.75088, -125.69195 55.75054, -125.69155 55.75025, -125.69121 55.74989, -125.69103 55.74954, -125.69079 55.74909, -125.69031 55.74875, -125.68963 55.74855, -125.68884 55.74853, -125.6881 55.74867, -125.68739 55.74889, -125.68664 55.74902, -125.68594 55.74891, -125.68548 55.74857, -125.68537 55.74813, -125.68551 55.7477, -125.68597 55.74735, -125.68672 55.74712, -125.6884 55.7468, -125.68914 55.74658, -125.68963 55.74626, -125.68978 55.7459, -125.6897 55.74555, -125.68944 55.74525, -125.68904 55.74507, -125.68855 55.745, -125.68808 55.74492, -125.68773 55.74471, -125.68735 55.74448, -125.68694 55.74441, -125.68622 55.74442, -125.68553 55.74442, -125.68486 55.74439, -125.68418 55.74433, -125.68351 55.74424, -125.68288 55.74414, -125.68231 55.74403, -125.68197 55.74379, -125.68206 55.74348, -125.6826 55.74324, -125.68332 55.7431, -125.68411 55.74297, -125.6849 55.74283, -125.68566 55.74263, -125.68713 55.74205, -125.68725 55.74202, -125.68799 55.74183, -125.68889 55.74162, -125.68975 55.74137, -125.69052 55.74107, -125.69113 55.7407, -125.69161 55.74031, -125.69206 55.73989, -125.69255 55.73947, -125.69321 55.73909, -125.6941 55.73877, -125.69505 55.73847, -125.69597 55.73818, -125.69686 55.73795, -125.69769 55.73774, -125.69846 55.7375, -125.69915 55.73722, -125.69926 55.73718, -125.70051 55.73673, -125.70107 55.73645, -125.70129 55.73607, -125.7012 55.7357, -125.701 55.73534, -125.70071 55.73501, -125.70032 55.73476, -125.69999 55.73464, -125.69945 55.73453, -125.69901 55.73437, -125.69865 55.73418, -125.69835 55.73397, -125.69821 55.73367, -125.69825 55.73332, -125.69851 55.73298, -125.69893 55.7327, -125.69952 55.73257, -125.70019 55.73261, -125.70082 55.73276, -125.70145 55.73298, -125.70181 55.73311, -125.70212 55.73322, -125.70291 55.73342, -125.70376 55.73357, -125.70465 55.73368, -125.70556 55.7337, -125.70647 55.73364, -125.70739 55.7335, -125.7102 55.73291, -125.71114 55.73278, -125.71215 55.73273, -125.71318 55.73272, -125.71417 55.73273, -125.71512 55.73277, -125.71604 55.73284, -125.71798 55.73282, -125.7189 55.73284, -125.71977 55.73294, -125.72133 55.73319, -125.72212 55.73328, -125.72291 55.73338, -125.72373 55.73347, -125.72455 55.73357, -125.72532 55.73367, -125.7254 55.73368, -125.72719 55.73383, -125.7281 55.73386, -125.72872 55.73384, -125.73032 55.73373, -125.73129 55.73357, -125.73297 55.73301, -125.7353 55.73235, -125.73604 55.73218, -125.73678 55.73208, -125.73756 55.73202, -125.73843 55.732, -125.73935 55.73193, -125.7402 55.73175, -125.74069 55.73136, -125.74081 55.73119, -125.74099 55.73094, -125.7413 55.73053, -125.74179 55.73018, -125.74259 55.73, -125.74356 55.72995, -125.74458 55.72992, -125.74559 55.72983, -125.74661 55.72971, -125.74761 55.72961, -125.74858 55.72952, -125.74952 55.72949, -125.75042 55.72952, -125.75121 55.72944, -125.7518 55.72916, -125.75223 55.72895, -125.75236 55.72889, -125.75308 55.72881, -125.75388 55.7289, -125.75472 55.72895, -125.75556 55.72884, -125.75637 55.72874, -125.75714 55.72859, -125.75786 55.72845, -125.75863 55.72837, -125.75931 55.72823, -125.7598 55.72796, -125.76008 55.72777, -125.76029 55.72757, -125.76059 55.72728, -125.76111 55.72713, -125.76181 55.72722, -125.76252 55.72743, -125.76331 55.72755, -125.76409 55.72746, -125.76468 55.7272, -125.76513 55.72693, -125.7656 55.72676, -125.76616 55.72679, -125.7667 55.72697, -125.76722 55.72721, -125.76767 55.72749, -125.76815 55.72773, -125.7688 55.72788, -125.76949 55.72798, -125.77012 55.72811, -125.77063 55.72831, -125.77098 55.72864, -125.77133 55.72899, -125.77179 55.72932, -125.77229 55.72959, -125.77275 55.72976, -125.77318 55.72984, -125.77334 55.73002, -125.77279 55.73052, -125.77258 55.73085, -125.77246 55.73119, -125.77242 55.73154, -125.77238 55.73175, -125.77236 55.73188, -125.77209 55.73217, -125.771874 55.732255, -125.77163 55.73235, -125.77046 55.73257, -125.76994 55.73282, -125.769536 55.733211, -125.76942 55.73345, -125.76931 55.73376, -125.76901 55.73401, -125.76791 55.73429, -125.7674 55.73446, -125.76687 55.73452, -125.76649 55.73448, -125.76593 55.73441, -125.76543 55.73454, -125.76517 55.7348, -125.76499 55.73509, -125.76462 55.73531, -125.76404 55.7353, -125.76353 55.73506, -125.76318 55.73473, -125.76288 55.73435, -125.76265 55.73395, -125.762554 55.733835, -125.76234 55.73358, -125.76178 55.73332, -125.76106 55.73324, -125.760091 55.7335, -125.75974 55.73369, -125.75934 55.73412, -125.75905 55.73455, -125.75877 55.73494, -125.75836 55.73529, -125.75777 55.73559, -125.75705 55.73583, -125.75619 55.73603, -125.75517 55.73619, -125.75405 55.73631, -125.75279 55.73634, -125.7519 55.73627, -125.75139 55.73645, -125.75125 55.7365, -125.75058 55.73684, -125.74954 55.73764, -125.74891 55.73798, -125.74808 55.73817, -125.74713 55.73817, -125.74619 55.73799, -125.74532 55.73765, -125.74458 55.73718, -125.74432 55.73697, -125.74393 55.73666, -125.74329 55.73614, -125.7428 55.73582, -125.74192 55.73541, -125.74095 55.73508, -125.73998 55.7348, -125.73896 55.73461, -125.73789 55.73457, -125.73681 55.73465, -125.73575 55.73476, -125.7347 55.73486, -125.73364 55.73493, -125.7333 55.73495, -125.73163 55.73505, -125.72975 55.73527, -125.72889 55.73543, -125.72808 55.73565, -125.72736 55.73593, -125.72685 55.73634, -125.7268 55.73687, -125.72715 55.7374, -125.72762 55.73789, -125.72803 55.73835, -125.731181 55.739819, -125.731324 55.739914, -125.739401 55.743156, -125.742187 55.744469, -125.743084 55.74487, -125.743879 55.745463, -125.74397 55.74586, -125.744017 55.746068, -125.743739 55.746188, -125.742871 55.746561, -125.736423 55.748637, -125.734263 55.749486, -125.730455 55.750402, -125.727979 55.751179, -125.724296 55.752309, -125.720362 55.753118, -125.716427 55.753998, -125.713887 55.754633, -125.711731 55.754841, -125.709891 55.755192, -125.70822 55.75544, -125.70763 55.75549, -125.70706 55.75546, -125.70652 55.75556, -125.70615 55.75582, -125.70597 55.75611, -125.70583 55.75639, -125.70554 55.75663, -125.70501 55.75675, -125.70438 55.75677, -125.70373 55.75684, -125.70311 55.75702, -125.70257 55.75727, -125.70161 55.75782, -125.70112 55.75805, -125.70052 55.75816, -125.69985 55.75809, -125.69922 55.75796, -125.69864 55.75777, -125.69818 55.7575, -125.69788 55.75716, -125.69774 55.75678, -125.69779 55.75642, -125.69808 55.75604, -125.69843 55.75567))"
59,2023-07-29 10:30:57,2023071701,2023,1512.7,Processed IR image,1689577200000,1689642154000,Being Held,JA70003000,15126867.4672,20752.3247,110,9de94885-abc6-4deb-b6da-385e47d21503,45291111.6953125,35913.4906694563,https://wildfiresituation.nrs.gov.bc.ca/incidents?fireYear=2023&incidentNumber=G51474,"POLYGON ((-125.185913 54.765707, -125.185395 54.765702, -125.184896 54.765706, -125.184434 54.765725, -125.184 54.765707, -125.183616 54.765638, -125.183304 54.765531, -125.183072 54.765371, -125.182959 54.765142, -125.183006 54.764833, -125.183152 54.76447, -125.183277 54.764065, -125.18337 54.763639, -125.183429 54.763219, -125.183462 54.762818, -125.183443 54.762426, -125.183307 54.762064, -125.183023 54.761751, -125.182611 54.761511, -125.182112 54.761352, -125.181603 54.761215, -125.181124 54.761069, -125.180714 54.760889, -125.180425 54.76067, -125.180284 54.760412, -125.180298 54.760136, -125.180492 54.759845, -125.180809 54.759546, -125.181136 54.759231, -125.181421 54.758884, -125.181596 54.758507, -125.181634 54.758117, -125.181643 54.75773, -125.181668 54.757346, -125.181655 54.756786, -125.181528 54.756262, -125.18114 54.755817, -125.180476 54.755541, -125.179952 54.755466, -125.179436 54.75541, -125.178723 54.75537, -125.178307 54.755389, -125.177923 54.755406, -125.177372 54.755318, -125.177017 54.755173, -125.176487 54.754843, -125.176096 54.754573, -125.17561 54.754319, -125.175004 54.754126, -125.174329 54.754002, -125.173611 54.753946, -125.172882 54.753905, -125.172174 54.753861, -125.171174 54.753772, -125.17057 54.753652, -125.170049 54.75345, -125.169666 54.753166, -125.169437 54.75285, -125.169378 54.752514, -125.169554 54.752154, -125.169998 54.751781, -125.170638 54.751412, -125.171333 54.75103, -125.17199 54.750633, -125.172593 54.750209, -125.173136 54.749779, -125.173602 54.749364, -125.173952 54.748946, -125.174167 54.748543, -125.174244 54.748148, -125.174184 54.747771, -125.174001 54.747417, -125.173679 54.7471, -125.173305 54.746807, -125.172924 54.746515, -125.172565 54.746213, -125.172198 54.745914, -125.171813 54.745634, -125.171332 54.745405, -125.170707 54.745268, -125.170014 54.745175, -125.169302 54.74508, -125.168587 54.744996, -125.167888 54.744924, -125.167199 54.744866, -125.166523 54.744856, -125.165872 54.744875, -125.165244 54.744888, -125.164641 54.744864, -125.164057 54.744777, -125.163508 54.744614, -125.163015 54.744368, -125.16258 54.744047, -125.161942 54.743511, -125.161364 54.742922, -125.16084 54.7423, -125.160231 54.741715, -125.159395 54.741252, -125.15832 54.74099, -125.157119 54.74097, -125.155936 54.741101, -125.154827 54.741293, -125.15384 54.741573, -125.152929 54.741917, -125.152001 54.742207, -125.150978 54.742308, -125.149879 54.742258, -125.148794 54.742088, -125.147836 54.741693, -125.147125 54.741048, -125.146534 54.740362, -125.145827 54.739757, -125.144875 54.739342, -125.143825 54.739119, -125.142857 54.738946, -125.142143 54.738565, -125.14193 54.73793, -125.142306 54.737171, -125.142787 54.736674, -125.14339 54.736204, -125.144093 54.735771, -125.144864 54.735367, -125.145673 54.734992, -125.14657 54.734676, -125.147557 54.734442, -125.148621 54.734299, -125.149721 54.734241, -125.150831 54.734255, -125.151942 54.734341, -125.153056 54.734515, -125.154157 54.734749, -125.155253 54.734998, -125.156357 54.73522, -125.157456 54.7354, -125.158533 54.735546, -125.159571 54.735674, -125.160578 54.735783, -125.161571 54.735885, -125.16255 54.735967, -125.163522 54.736043, -125.164471 54.73612, -125.165362 54.736176, -125.166183 54.736178, -125.166888 54.736097, -125.167591 54.735811, -125.167709 54.735374, -125.167201 54.734955, -125.16649 54.734569, -125.165721 54.734235, -125.164812 54.734055, -125.16387 54.733922, -125.162944 54.733775, -125.162043 54.733625, -125.161177 54.733394, -125.160418 54.733076, -125.159773 54.732743, -125.159338 54.732354, -125.159299 54.731883, -125.159645 54.731394, -125.160212 54.730929, -125.160775 54.730451, -125.161107 54.729933, -125.161068 54.729407, -125.160678 54.728932, -125.160207 54.728515, -125.159638 54.728194, -125.158934 54.727999, -125.158126 54.727993, -125.157286 54.728127, -125.156428 54.72825, -125.15557 54.728305, -125.154745 54.728217, -125.154245 54.728055, -125.153816 54.727812, -125.153465 54.727515, -125.153185 54.72718, -125.152936 54.726831, -125.152692 54.726485, -125.15242 54.726152, -125.152113 54.725834, -125.15177 54.725549, -125.151378 54.725307, -125.150954 54.725106, -125.150538 54.724923, -125.150154 54.724719, -125.14986 54.724455, -125.149723 54.724115, -125.149732 54.723737, -125.14985 54.72334, -125.150021 54.722952, -125.150204 54.722566, -125.150376 54.722187, -125.150541 54.721815, -125.150714 54.721446, -125.151052 54.720898, -125.151541 54.720357, -125.152187 54.719826, -125.153082 54.719334, -125.154154 54.718907, -125.155239 54.718467, -125.156169 54.717947, -125.156972 54.717382, -125.157709 54.716798, -125.158469 54.716224, -125.159243 54.715695, -125.160013 54.715231, -125.160833 54.714876, -125.161769 54.714706, -125.162799 54.714795, -125.16383 54.715187, -125.16474 54.715719, -125.165553 54.71629, -125.166317 54.71689, -125.167113 54.717484, -125.168106 54.718014, -125.169343 54.718445, -125.170673 54.718833, -125.172032 54.719214, -125.173423 54.719568, -125.174861 54.719886, -125.176326 54.720212, -125.177826 54.720517, -125.179335 54.7208, -125.180339 54.720992, -125.181334 54.721216, -125.182308 54.721469, -125.183253 54.721744, -125.184158 54.722024, -125.185033 54.72229, -125.185882 54.722523, -125.186719 54.722709, -125.187545 54.722833, -125.188367 54.722903, -125.189162 54.72294, -125.189922 54.72297, -125.190647 54.723023, -125.191337 54.723108, -125.191991 54.723259, -125.192595 54.723493, -125.193142 54.723792, -125.193635 54.724122, -125.194079 54.724469, -125.194644 54.725033, -125.195101 54.725633, -125.195536 54.726202, -125.196151 54.726664, -125.196991 54.726991, -125.197954 54.72719, -125.198945 54.727337, -125.199954 54.727533, -125.200995 54.727794, -125.202036 54.728072, -125.203043 54.728347, -125.203993 54.728628, -125.20485 54.728874, -125.20565 54.729069, -125.206373 54.729365, -125.206971 54.72978, -125.207503 54.73022, -125.208017 54.730644, -125.208453 54.731076, -125.208746 54.731526, -125.208858 54.73199, -125.208958 54.732426, -125.209159 54.732807, -125.20948 54.733122, -125.209774 54.733422, -125.209954 54.733757, -125.209985 54.734117, -125.209867 54.734463, -125.209903 54.734789, -125.210252 54.735081, -125.210678 54.73538, -125.21112 54.735693, -125.211547 54.736019, -125.211842 54.736219, -125.212125 54.736408, -125.21231 54.736604, -125.21241 54.7368, -125.21237 54.737004, -125.212202 54.73719, -125.211912 54.737342, -125.211564 54.73744, -125.211244 54.737534, -125.21106 54.737675, -125.211035 54.737861, -125.211251 54.738072, -125.211699 54.738265, -125.212549 54.738561, -125.213441 54.73889, -125.21429 54.739276, -125.215049 54.739668, -125.215736 54.740044, -125.216321 54.740444, -125.216802 54.740875, -125.217173 54.74133, -125.217487 54.741809, -125.217758 54.742322, -125.217905 54.742875, -125.217937 54.743443, -125.217902 54.74399, -125.217598 54.7445, -125.217042 54.744948, -125.216433 54.745348, -125.215951 54.745759, -125.215798 54.746226, -125.216159 54.746697, -125.216867 54.747114, -125.2176 54.747523, -125.21837 54.747845, -125.219114 54.748126, -125.219722 54.748514, -125.22008 54.749027, -125.220191 54.749591, -125.220046 54.750179, -125.21981 54.750732, -125.21972 54.751262, -125.219913 54.751791, -125.220215 54.752327, -125.220562 54.752859, -125.220613 54.75345, -125.220165 54.754042, -125.21933 54.75453, -125.218169 54.754815, -125.216886 54.754934, -125.216053 54.754998, -125.215253 54.755097, -125.214493 54.755285, -125.213828 54.755603, -125.213315 54.756061, -125.212984 54.756635, -125.212801 54.757631, -125.212802 54.758689, -125.212718 54.759807, -125.212608 54.760534, -125.212555 54.760581, -125.212201 54.760837, -125.211834 54.761105, -125.211431 54.761372, -125.211003 54.761635, -125.21061 54.761915, -125.210216 54.762199, -125.209803 54.76248, -125.209348 54.762745, -125.208882 54.763011, -125.208411 54.763288, -125.20798 54.763587, -125.207587 54.763897, -125.20723 54.764202, -125.206883 54.764496, -125.206474 54.764763, -125.205974 54.764982, -125.205381 54.765143, -125.204742 54.765257, -125.204116 54.765356, -125.203519 54.765452, -125.202972 54.765572, -125.202449 54.7657, -125.201906 54.765791, -125.201316 54.765795, -125.200711 54.76569, -125.200091 54.765548, -125.199131 54.765413, -125.198485 54.765357, -125.197834 54.765289, -125.19717 54.765214, -125.196506 54.765141, -125.195868 54.765092, -125.195252 54.765082, -125.194671 54.765113, -125.194154 54.765172, -125.19371 54.765254, -125.193336 54.765353, -125.192987 54.765439, -125.19262 54.765469, -125.192225 54.765397, -125.191838 54.765246, -125.191453 54.765072, -125.191055 54.764921, -125.190621 54.764817, -125.190179 54.764772, -125.189752 54.764803, -125.189363 54.764904, -125.189041 54.76506, -125.188791 54.765258, -125.188554 54.765465, -125.188267 54.765643, -125.187903 54.765761, -125.187461 54.765798, -125.186969 54.765764, -125.186446 54.765724, -125.185913 54.765707))"
60,2023-07-29 10:30:57,2023072401,2023,32.4,Non-corrected ground GPS,1690182000000,1690258424000,Under Control,JA70003000,324383.7402,3229.5878,112,45567abc-43c5-4a1f-b8ed-21b33aadb61c,965778.1484375,5570.57475204618,https://wildfiresituation.nrs.gov.bc.ca/incidents?fireYear=2023&incidentNumber=G51542,"POLYGON ((-123.997578 54.624968, -123.997615 54.624796, -123.997654 54.62458, -123.997611 54.624438, -123.997462 54.62432, -123.997489 54.62424, -123.997462 54.624079, -123.99756 54.623967, -123.997565 54.623851, -123.997566 54.623789, -123.997595 54.62368, -123.997547 54.623564, -123.997442 54.623452, -123.997558 54.623345, -123.997637 54.623283, -123.997677 54.623139, -123.997768 54.623041, -123.998016 54.622983, -123.998192 54.622952, -123.998353 54.622857, -123.998441 54.622756, -123.998513 54.622624, -123.998523 54.622498, -123.998516 54.622365, -123.998512 54.622256, -123.998511 54.622153, -123.998573 54.622035, -123.998565 54.621925, -123.998599 54.621768, -123.998566 54.621669, -123.998596 54.621555, -123.998633 54.621363, -123.998635 54.621216, -123.998687 54.621036, -123.998798 54.620938, -123.99893 54.620856, -123.999129 54.620815, -123.999391 54.620766, -123.999744 54.620727, -123.999902 54.620679, -124.000073 54.620755, -124.00019 54.620814, -124.000296 54.620894, -124.000406 54.621021, -124.000573 54.621118, -124.000749 54.621269, -124.000841 54.621378, -124.001085 54.621531, -124.000887 54.621674, -124.000824 54.621736, -124.000651 54.621688, -124.0006 54.62174, -124.000659 54.621792, -124.000679 54.621842, -124.000633 54.621904, -124.000616 54.621985, -124.00054 54.622078, -124.000527 54.622162, -124.000383 54.622243, -124.000326 54.622313, -124.000326 54.622313, -124.000436 54.622555, -124.000423 54.622637, -124.000499 54.622706, -124.000454 54.622829, -124.000508 54.622958, -124.000498 54.623004, -124.000499 54.623071, -124.000551 54.623134, -124.000503 54.623187, -124.000418 54.623332, -124.0005 54.623418, -124.000664 54.623495, -124.000815 54.623476, -124.000837 54.623567, -124.000969 54.62364, -124.001043 54.623617, -124.001221 54.623645, -124.001347 54.623692, -124.001435 54.62363, -124.001624 54.623589, -124.001823 54.623579, -124.002009 54.623593, -124.00195 54.623691, -124.002021 54.623734, -124.002116 54.623754, -124.002195 54.623759, -124.002279 54.623892, -124.002241 54.623926, -124.002188 54.623969, -124.002229 54.624076, -124.002088 54.624092, -124.002042 54.624199, -124.002006 54.624278, -124.001912 54.624304, -124.001787 54.624276, -124.001619 54.624307, -124.001559 54.624395, -124.001501 54.624437, -124.001489 54.624504, -124.001377 54.624508, -124.001256 54.624427, -124.00119 54.624334, -124.001031 54.624367, -124.000966 54.624351, -124.000827 54.624361, -124.000744 54.624309, -124.000803 54.624232, -124.000675 54.62417, -124.000614 54.624267, -124.000601 54.624345, -124.000641 54.624404, -124.000627 54.624473, -124.000663 54.624563, -124.00064 54.624674, -124.000673 54.624727, -124.000896 54.624764, -124.001147 54.624832, -124.001424 54.624875, -124.001522 54.624899, -124.001686 54.624902, -124.00192 54.624917, -124.002079 54.624948, -124.002237 54.624978, -124.002517 54.625039, -124.002805 54.624976, -124.00291 54.624978, -124.003074 54.624935, -124.00327 54.624922, -124.003492 54.624916, -124.003524 54.624846, -124.00362 54.624764, -124.003676 54.624713, -124.00368 54.624601, -124.003734 54.624564, -124.003813 54.62459, -124.004012 54.62457, -124.004116 54.624562, -124.004192 54.62452, -124.004191 54.62447, -124.004353 54.624474, -124.004446 54.62453, -124.004515 54.624574, -124.004527 54.624614, -124.004607 54.624683, -124.004678 54.624636, -124.004748 54.624634, -124.004825 54.624561, -124.005083 54.624787, -124.005071 54.624801, -124.00511 54.624889, -124.005145 54.624957, -124.005168 54.625057, -124.005167 54.625226, -124.005114 54.625362, -124.005191 54.625537, -124.005285 54.625634, -124.005517 54.625705, -124.005893 54.625757, -124.006115 54.625824, -124.006467 54.625987, -124.006675 54.626141, -124.006874 54.626362, -124.007029 54.626507, -124.0071 54.626629, -124.007145 54.626764, -124.007207 54.627074, -124.007247 54.627218, -124.007123 54.627344, -124.006926 54.627401, -124.006615 54.62744, -124.006223 54.627582, -124.0057 54.62793, -124.0051 54.628309, -124.004505 54.628721, -124.003994 54.629037, -124.003425 54.629383, -124.00289 54.629679, -124.00238 54.629909, -124.002213 54.629896, -124.001905 54.629834, -124.001617 54.629749, -124.001383 54.629581, -124.001217 54.629521, -124.001042 54.629382, -124.000938 54.629332, -124.000678 54.629267, -124.000358 54.629103, -124.000055 54.628969, -123.999805 54.628899, -123.999551 54.628736, -123.999454 54.62863, -123.999064 54.628475, -123.998812 54.628437, -123.998655 54.628404, -123.998569 54.62831, -123.998539 54.628155, -123.998563 54.628063, -123.998652 54.62787, -123.998666 54.62773, -123.998539 54.627649, -123.998581 54.627583, -123.998525 54.62745, -123.998451 54.627385, -123.998402 54.62721, -123.998265 54.626919, -123.998158 54.626692, -123.998086 54.626496, -123.99804 54.626408, -123.997923 54.626286, -123.997903 54.626168, -123.997884 54.626064, -123.99784 54.626014, -123.997561 54.625929, -123.997307 54.625896, -123.997164 54.62585, -123.99724 54.62567, -123.997348 54.625534, -123.997452 54.625409, -123.99753 54.625203, -123.997578 54.624968))"
61,2023-07-29 10:30:57,2023072401,2023,1390.0,Non-corrected airborne GPS,1690182000000,1690257794000,Fire of Note,JA70003000,13899939.889,23258.2272,113,b0551275-2131-48b2-bd9e-c3ad048a13f1,41226363.84375,40079.3696281325,https://wildfiresituation.nrs.gov.bc.ca/incidents?fireYear=2023&incidentNumber=G51564,"POLYGON ((-124.912273 54.571964, -124.912815 54.571552, -124.913572 54.571053, -124.914351 54.57057, -124.915155 54.570092, -124.915954 54.569645, -124.916644 54.569237, -124.91665 54.569232, -124.91712 54.568824, -124.917148 54.56878, -124.917393 54.568392, -124.917655 54.567977, -124.918128 54.567601, -124.918801 54.567305, -124.919576 54.567109, -124.920378 54.566976, -124.921173 54.566845, -124.921915 54.566673, -124.92196 54.566653, -124.922489 54.566414, -124.922806 54.566055, -124.922834 54.565947, -124.922914 54.565639, -124.922904 54.565231, -124.922849 54.564821, -124.922805 54.564397, -124.922808 54.563953, -124.922831 54.563466, -124.922821 54.562956, -124.922788 54.562455, -124.922714 54.561967, -124.922786 54.561486, -124.923189 54.561047, -124.923797 54.560737, -124.923874 54.560698, -124.924712 54.560429, -124.925549 54.560149, -124.926321 54.559828, -124.926902 54.559443, -124.927155 54.559008, -124.927064 54.558771, -124.927182 54.558816, -124.927187 54.558819, -124.927174 54.55874, -124.927037 54.5587, -124.926986 54.558566, -124.926587 54.558205, -124.926189 54.557933, -124.925978 54.557681, -124.926026 54.557453, -124.926339 54.557276, -124.9268 54.557163, -124.927298 54.557073, -124.927801 54.556891, -124.928342 54.55658, -124.929074 54.556234, -124.929539 54.555987, -124.929598 54.55589, -124.929631 54.555837, -124.930236 54.555317, -124.930307 54.555225, -124.930342 54.554529, -124.930065 54.553814, -124.929957 54.553113, -124.930273 54.552457, -124.931116 54.551922, -124.932238 54.551513, -124.933344 54.551107, -124.934367 54.550679, -124.935305 54.550255, -124.936263 54.549921, -124.937327 54.549793, -124.938414 54.549878, -124.939406 54.550132, -124.940218 54.550504, -124.940719 54.550835, -124.940849 54.550921, -124.941262 54.551357, -124.94148 54.551781, -124.941577 54.552182, -124.942116 54.552742, -124.942285 54.552769, -124.94403 54.553062, -124.945716 54.553483, -124.946707 54.553556, -124.947883 54.553543, -124.949459 54.553223, -124.951276 54.552598, -124.952419 54.552356, -124.952419 54.552358, -124.95327 54.552179, -124.955434 54.552012, -124.957589 54.551842, -124.959651 54.551531, -124.961464 54.55097, -124.962904 54.550174, -124.963786 54.549206, -124.964278 54.548177, -124.964784 54.547163, -124.965391 54.54615, -124.966172 54.545151, -124.967164 54.544211, -124.968347 54.543354, -124.96966 54.542547, -124.97111 54.541769, -124.972731 54.541097, -124.974643 54.540643, -124.976754 54.540433, -124.978894 54.540314, -124.981039 54.540225, -124.983189 54.540062, -124.985023 54.53945, -124.98624 54.538513, -124.987026 54.53744, -124.988069 54.536471, -124.989393 54.535744, -124.990935 54.535305, -124.992694 54.535263, -124.994469 54.535283, -124.996253 54.53527, -124.99805 54.535181, -124.999868 54.534992, -125.001695 54.534684, -125.003538 54.534315, -125.005387 54.533905, -125.007242 54.533486, -125.009082 54.533122, -125.010897 54.532819, -125.012698 54.532599, -125.014502 54.532488, -125.016327 54.532569, -125.018184 54.532714, -125.020108 54.532817, -125.022096 54.532713, -125.024076 54.532428, -125.026043 54.531996, -125.02799 54.531486, -125.029936 54.53097, -125.031796 54.530363, -125.033459 54.529694, -125.035102 54.529064, -125.036926 54.528869, -125.038517 54.529348, -125.039759 54.530169, -125.041268 54.530874, -125.043117 54.53118, -125.044934 54.531453, -125.046476 54.532003, -125.047483 54.532924, -125.048049 54.533972, -125.048358 54.535055, -125.048582 54.536152, -125.048729 54.53724, -125.048718 54.538276, -125.04831 54.539233, -125.047132 54.540061, -125.045647 54.540793, -125.044359 54.541582, -125.043662 54.54258, -125.043207 54.54365, -125.042216 54.544683, -125.040594 54.545552, -125.038646 54.546306, -125.036536 54.547024, -125.034359 54.547725, -125.032121 54.548398, -125.02985 54.549037, -125.027553 54.549662, -125.025281 54.550291, -125.023039 54.550957, -125.020819 54.551606, -125.018581 54.552173, -125.016296 54.552636, -125.013911 54.552868, -125.013682 54.552863, -125.012871 54.553188, -125.011868 54.55362, -125.011009 54.554016, -125.010224 54.55424, -125.009536 54.554214, -125.009104 54.553933, -125.009097 54.553475, -125.009579 54.552951, -125.010058 54.552647, -125.008993 54.552519, -125.00657 54.552138, -125.004122 54.551809, -125.001585 54.551676, -124.99901 54.551715, -124.996458 54.551923, -124.99395 54.552252, -124.991472 54.552657, -124.989029 54.553095, -124.986635 54.553593, -124.98425 54.554132, -124.98192 54.554701, -124.979626 54.555293, -124.977385 54.555898, -124.975213 54.556487, -124.973052 54.557061, -124.97092 54.557645, -124.968865 54.558209, -124.966871 54.5587, -124.964929 54.559157, -124.963066 54.559594, -124.961337 54.560056, -124.959818 54.560532, -124.958444 54.561025, -124.956948 54.561379, -124.955161 54.561242, -124.953494 54.560644, -124.952692 54.560324, -124.952682 54.560358, -124.95204 54.560439, -124.951401 54.56059, -124.950776 54.560832, -124.950194 54.561156, -124.949708 54.561542, -124.948964 54.562298, -124.948453 54.562519, -124.947828 54.562572, -124.947127 54.562485, -124.945353 54.562034, -124.94467 54.56196, -124.944001 54.56215, -124.943562 54.56262, -124.943252 54.563183, -124.942839 54.563713, -124.941918 54.564672, -124.941629 54.565171, -124.940967 54.566163, -124.939217 54.568088, -124.93833 54.56899, -124.937722 54.569394, -124.936901 54.569722, -124.935873 54.569948, -124.934613 54.570016, -124.930296 54.569746, -124.928736 54.569759, -124.927133 54.569909, -124.925532 54.570171, -124.922412 54.570847, -124.920124 54.571403, -124.918393 54.571862, -124.916726 54.57176, -124.915685 54.571834, -124.914842 54.571826, -124.913199 54.571883, -124.913047 54.571894, -124.91263 54.571905, -124.912273 54.571964))"
62,2023-07-29 10:30:57,2023072301,2023,404.5,Unknown,1690095600000,1690167624000,Out of Control,JA70003000,4045127.35,10483.0712,114,3f08f494-00d1-45c0-8b2e-f6ae55a890fe,12758320.8203125,18630.6041642103,https://wildfiresituation.nrs.gov.bc.ca/incidents?fireYear=2023&incidentNumber=G51578,"POLYGON ((-125.65307 55.78636, -125.65139 55.78571, -125.6508 55.78558, -125.65021 55.78554, -125.64962 55.78553, -125.6476 55.78561, -125.6469 55.7856, -125.64629 55.78547, -125.64591 55.78522, -125.64588 55.78493, -125.64617 55.78471, -125.64665 55.78462, -125.64772 55.78459, -125.64823 55.78451, -125.64868 55.78434, -125.64901 55.78408, -125.64927 55.78379, -125.64942 55.78358, -125.6495 55.78346, -125.64967 55.78324, -125.65002 55.78277, -125.65015 55.7824, -125.65005 55.78207, -125.64948 55.78172, -125.64863 55.78162, -125.64775 55.78167, -125.64732 55.78171, -125.64627 55.78176, -125.64552 55.78177, -125.64476 55.78176, -125.64398 55.7817, -125.64319 55.78161, -125.6424 55.78149, -125.64191 55.7814, -125.64005 55.7811, -125.63925 55.78101, -125.63844 55.78096, -125.63608 55.7809, -125.63533 55.78086, -125.63465 55.78077, -125.63412 55.78057, -125.63383 55.78031, -125.63382 55.78002, -125.63405 55.77977, -125.63447 55.77958, -125.63497 55.77943, -125.63555 55.77931, -125.63614 55.77915, -125.6367 55.77894, -125.63726 55.77874, -125.63785 55.77856, -125.63846 55.77841, -125.63911 55.77828, -125.63978 55.77816, -125.64049 55.77804, -125.6412 55.77793, -125.64193 55.77782, -125.64268 55.77775, -125.64343 55.77769, -125.64419 55.77765, -125.64496 55.77762, -125.64727 55.77756, -125.64874 55.77746, -125.64942 55.77732, -125.64995 55.7771, -125.6504 55.77684, -125.65088 55.77658, -125.65143 55.77638, -125.65204 55.77624, -125.65268 55.77613, -125.65335 55.77604, -125.65401 55.77597, -125.65414 55.77596, -125.65491 55.77588, -125.65522 55.77584, -125.65578 55.77578, -125.65635 55.77572, -125.65694 55.77565, -125.65751 55.77559, -125.65832 55.77552, -125.65847 55.77551, -125.65968 55.77538, -125.66049 55.77523, -125.66129 55.77516, -125.662225 55.77506, -125.662626 55.774983, -125.663274 55.774866, -125.66416 55.77472, -125.66452 55.77464, -125.6653 55.77455, -125.665928 55.77437, -125.667008 55.774153, -125.668362 55.773929, -125.669559 55.773688, -125.670342 55.773413, -125.670863 55.773179, -125.671353 55.772998, -125.671853 55.772819, -125.672446 55.772557, -125.673175 55.772273, -125.673841 55.771924, -125.674131 55.771773, -125.67448 55.7713, -125.67468 55.77111, -125.67503 55.771, -125.675178 55.770982, -125.675663 55.770925, -125.676096 55.770837, -125.676472 55.770813, -125.67704 55.77082, -125.67827 55.77076, -125.67885 55.77075, -125.67944 55.77075, -125.68004 55.77076, -125.68063 55.77082, -125.6812 55.77091, -125.6817 55.77102, -125.68308 55.77138, -125.68406 55.77152, -125.68457 55.77153, -125.68557 55.7715, -125.68607 55.77151, -125.68655 55.77154, -125.687371 55.771565, -125.6884 55.771711, -125.689446 55.771657, -125.690538 55.771513, -125.691648 55.771402, -125.692026 55.771376, -125.692728 55.771328, -125.6935 55.771339, -125.693824 55.771362, -125.69409 55.771419, -125.694238 55.771465, -125.694346 55.771509, -125.694683 55.77188, -125.69496 55.772333, -125.695213 55.772782, -125.695557 55.773176, -125.695945 55.773537, -125.696405 55.773914, -125.696907 55.774251, -125.697373 55.774592, -125.697704 55.774993, -125.697944 55.775408, -125.698168 55.7758, -125.698383 55.776104, -125.698581 55.77639, -125.698771 55.776683, -125.698878 55.777046, -125.699026 55.777459, -125.699318 55.77782, -125.699335 55.778181, -125.69882 55.778375, -125.698122 55.778398, -125.697439 55.778402, -125.696837 55.778581, -125.696585 55.778769, -125.69658 55.77896, -125.69655 55.77932, -125.69649 55.77967, -125.69634 55.77998, -125.69603 55.78022, -125.69558 55.78037, -125.69505 55.78039, -125.69452 55.78031, -125.69401 55.78015, -125.69354 55.77996, -125.693213 55.779805, -125.69263 55.77953, -125.69212 55.77938, -125.6916 55.77935, -125.69111 55.77942, -125.6905 55.77967, -125.69026 55.77978, -125.6898 55.77996, -125.68928 55.78008, -125.68749 55.7804, -125.68692 55.78058, -125.68638 55.78079, -125.68585 55.78104, -125.68528 55.78128, -125.685269 55.781285, -125.68468 55.78152, -125.68411 55.7818, -125.68364 55.78212, -125.68329 55.78249, -125.68304 55.78288, -125.68277 55.78326, -125.68235 55.78358, -125.68175 55.78382, -125.68103 55.78395, -125.68026 55.78402, -125.67948 55.78405, -125.67868 55.78404, -125.67788 55.784, -125.67707 55.78395, -125.67588 55.78402, -125.67521 55.78421, -125.67465 55.78446, -125.67383 55.78488, -125.67324 55.78515, -125.67261 55.78542, -125.67161 55.78579, -125.67091 55.78601, -125.67017 55.78617, -125.66939 55.78619, -125.66863 55.78609, -125.66722 55.78585, -125.66659 55.78586, -125.66605 55.78599, -125.66555 55.78614, -125.66501 55.78627, -125.66443 55.78639, -125.66382 55.78651, -125.66318 55.78663, -125.66251 55.78669, -125.66182 55.78671, -125.66113 55.78677, -125.6605 55.78691, -125.65959 55.78733, -125.65957 55.78734, -125.65901 55.78752, -125.65835 55.78764, -125.65761 55.78768, -125.65684 55.78765, -125.6561 55.78753, -125.65541 55.78733, -125.65478 55.7871, -125.6542 55.78685, -125.65363 55.78661, -125.65307 55.78636))"
63,2023-07-29 10:30:57,2023072301,2023,2305.7,Non-corrected airborne GPS,1690095600000,1690163585000,Out of Control,JA70003000,23056777.2128,37665.2285,115,31bd21b8-df92-40c4-ba26-e00d51789e05,72689316.609375,66899.1432894071,https://wildfiresituation.nrs.gov.bc.ca/incidents?fireYear=2023&incidentNumber=G51586,"POLYGON ((-125.56386 55.79827, -125.5631 55.79823, -125.56235 55.79825, -125.56161 55.79828, -125.56086 55.79829, -125.56011 55.79827, -125.55934 55.79821, -125.55859 55.79811, -125.557939 55.79799, -125.55783 55.79797, -125.55707 55.7978, -125.55631 55.79761, -125.55554 55.79741, -125.55477 55.79718, -125.554 55.79692, -125.55327 55.79662, -125.55268 55.79624, -125.55223 55.79581, -125.55187 55.79536, -125.55155 55.79492, -125.55122 55.79447, -125.55091 55.79402, -125.55064 55.79356, -125.5504 55.79309, -125.55008 55.79264, -125.54962 55.79228, -125.54906 55.79202, -125.54846 55.79188, -125.54785 55.79184, -125.54672 55.7919, -125.54637 55.79192, -125.54543 55.79197, -125.54446 55.79201, -125.54344 55.79199, -125.5424 55.79187, -125.54174 55.79169, -125.54124 55.79139, -125.54095 55.79103, -125.54057 55.79022, -125.54029 55.78979, -125.53997 55.78938, -125.5396 55.78898, -125.53796 55.7874, -125.53752 55.78702, -125.53703 55.78667, -125.53641 55.78644, -125.53575 55.78636, -125.53512 55.78642, -125.53449 55.78654, -125.53387 55.78663, -125.5332 55.78667, -125.53253 55.78663, -125.53193 55.78646, -125.53148 55.78617, -125.53118 55.78581, -125.53072 55.78504, -125.5304 55.78468, -125.52996 55.78438, -125.52945 55.78417, -125.52891 55.78407, -125.52835 55.78406, -125.52774 55.78409, -125.52709 55.78412, -125.52641 55.7841, -125.52572 55.78401, -125.52436 55.78377, -125.52365 55.78368, -125.523107 55.783655, -125.52233 55.78362, -125.52224 55.78362, -125.52158 55.78359, -125.52094 55.78351, -125.52033 55.78337, -125.51975 55.78318, -125.51923 55.78295, -125.51883 55.78267, -125.5186 55.78235, -125.51863 55.78204, -125.51886 55.78179, -125.51923 55.7816, -125.51967 55.78144, -125.52013 55.78127, -125.52054 55.78106, -125.52089 55.78082, -125.52124 55.78059, -125.52183 55.78028, -125.52229 55.77991, -125.52239 55.77963, -125.52234 55.77919, -125.52235 55.77888, -125.5225 55.7784, -125.5226 55.77807, -125.52285 55.777, -125.52289 55.77663, -125.52288 55.7759, -125.5228 55.77524, -125.5228 55.77522, -125.52284 55.77492, -125.5229 55.77462, -125.52292 55.77433, -125.52274 55.7741, -125.52239 55.77395, -125.52195 55.77385, -125.52143 55.77379, -125.52058 55.77378, -125.52022 55.77378, -125.51955 55.77377, -125.51887 55.77376, -125.51749 55.77366, -125.51314 55.77343, -125.51251 55.7735, -125.51199 55.77366, -125.51153 55.77387, -125.51106 55.77409, -125.51057 55.7743, -125.51004 55.7745, -125.50951 55.77468, -125.50948 55.77469, -125.50885 55.77483, -125.50815 55.77488, -125.50741 55.77486, -125.50666 55.77475, -125.50599 55.77453, -125.50544 55.77421, -125.50493 55.77386, -125.50436 55.77355, -125.5037 55.77331, -125.50302 55.77311, -125.50231 55.77296, -125.50161 55.77291, -125.50093 55.77291, -125.49961 55.77297, -125.49889 55.77304, -125.49831 55.77311, -125.49765 55.77316, -125.49698 55.77316, -125.49631 55.77311, -125.49532 55.77296, -125.49436 55.77275, -125.49351 55.77241, -125.49294 55.77221, -125.49203 55.77211, -125.49145 55.77216, -125.49092 55.77225, -125.4899 55.7725, -125.48986 55.77251, -125.48933 55.77264, -125.48878 55.77278, -125.48823 55.77291, -125.48766 55.77301, -125.4871 55.77297, -125.48664 55.77279, -125.48634 55.7725, -125.48625 55.77218, -125.4864 55.7719, -125.4867 55.77169, -125.4874 55.77131, -125.48827 55.77062, -125.48842 55.77051, -125.48859 55.77038, -125.48875 55.77027, -125.48932 55.76985, -125.48963 55.76953, -125.48977 55.7692, -125.48977 55.76886, -125.48965 55.76856, -125.48934 55.7682, -125.48919 55.76803, -125.489 55.76779, -125.48885 55.76755, -125.48871 55.76732, -125.48814 55.76664, -125.48787 55.76641, -125.48755 55.7662, -125.48733 55.76597, -125.48708 55.76553, -125.48683 55.7654, -125.48649 55.76534, -125.48613 55.76537, -125.48577 55.76546, -125.48545 55.76559, -125.48516 55.76575, -125.48487 55.7659, -125.48456 55.76605, -125.48386 55.76629, -125.48347 55.7664, -125.48301 55.76642, -125.48253 55.76634, -125.48209 55.76619, -125.48172 55.76598, -125.48146 55.76572, -125.48132 55.76546, -125.4812 55.76462, -125.48086 55.7642, -125.48058 55.76394, -125.48037 55.76365, -125.48011 55.7632, -125.47984 55.76292, -125.47949 55.76268, -125.4791 55.76247, -125.47866 55.76231, -125.47818 55.76222, -125.47768 55.76219, -125.4772 55.76216, -125.47669 55.7621, -125.47619 55.76198, -125.47569 55.76182, -125.47522 55.76162, -125.47482 55.76137, -125.47457 55.76109, -125.47458 55.7608, -125.47482 55.76055, -125.47522 55.76036, -125.47537 55.76031, -125.47591 55.76012, -125.47664 55.75986, -125.47712 55.75971, -125.47763 55.75959, -125.47817 55.75951, -125.47871 55.75948, -125.47924 55.75947, -125.47971 55.75942, -125.48015 55.75931, -125.48018 55.7593, -125.48084 55.75906, -125.48102 55.7589, -125.48108 55.75873, -125.48105 55.75854, -125.48093 55.75834, -125.48043 55.7578, -125.4802 55.75766, -125.47988 55.75756, -125.47786 55.75744, -125.47743 55.75748, -125.47703 55.75759, -125.47655 55.75776, -125.4763 55.75787, -125.47591 55.758, -125.47548 55.75808, -125.47502 55.75812, -125.47453 55.75812, -125.47289 55.75803, -125.47191 55.75807, -125.47178 55.75808, -125.47096 55.75811, -125.47041 55.7581, -125.46958 55.75806, -125.46872 55.75802, -125.46782 55.75802, -125.46723 55.75805, -125.46601 55.75811, -125.46538 55.75811, -125.46474 55.75808, -125.46412 55.75803, -125.46373 55.758, -125.46284 55.75794, -125.46218 55.75793, -125.46149 55.75791, -125.46079 55.75787, -125.45937 55.75777, -125.45871 55.75773, -125.45807 55.75768, -125.45745 55.7576, -125.45688 55.75747, -125.4565 55.75723, -125.45644 55.75695, -125.45664 55.75669, -125.45699 55.7565, -125.45744 55.75642, -125.45846 55.75638, -125.45949 55.7563, -125.45997 55.75621, -125.46081 55.75598, -125.46109 55.75581, -125.46119 55.75561, -125.46118 55.75541, -125.4611 55.7552, -125.46094 55.75499, -125.46052 55.75453, -125.46037 55.75428, -125.46033 55.75401, -125.46049 55.75378, -125.46083 55.75364, -125.46227 55.75348, -125.46276 55.75341, -125.46327 55.75335, -125.46378 55.7533, -125.46428 55.75325, -125.46478 55.75324, -125.46527 55.75328, -125.46655 55.75346, -125.46672 55.75348, -125.46766 55.75362, -125.46813 55.75371, -125.46829 55.75374, -125.46973 55.75403, -125.47152 55.7545, -125.47245 55.75471, -125.4727 55.75476, -125.47311 55.75486, -125.47315 55.75487, -125.47355 55.75504, -125.47389 55.75523, -125.47426 55.75539, -125.47466 55.75546, -125.47506 55.75547, -125.47548 55.75544, -125.47638 55.75533, -125.47684 55.75522, -125.4769 55.7552, -125.47728 55.75507, -125.47774 55.75493, -125.47821 55.75483, -125.47869 55.75473, -125.47919 55.75463, -125.47967 55.75448, -125.48057 55.7541, -125.48103 55.75393, -125.48153 55.75379, -125.48203 55.75367, -125.48252 55.75352, -125.48295 55.75334, -125.48333 55.75313, -125.48364 55.75291, -125.48393 55.75266, -125.48421 55.75239, -125.4845 55.75211, -125.48466 55.75178, -125.48467 55.75143, -125.48456 55.75107, -125.48441 55.75071, -125.48429 55.75034, -125.48421 55.74998, -125.48419 55.74961, -125.48434 55.74929, -125.48468 55.74906, -125.48513 55.74895, -125.4856 55.74887, -125.48603 55.74876, -125.4864 55.7486, -125.48671 55.7484, -125.48728 55.74797, -125.48775 55.74747, -125.4879 55.74719, -125.48794 55.74709, -125.488 55.74691, -125.48811 55.74663, -125.4883 55.74638, -125.48858 55.74617, -125.48891 55.74603, -125.48927 55.74606, -125.48956 55.74619, -125.49014 55.74635, -125.49092 55.74645, -125.4915 55.74653, -125.49211 55.74663, -125.49307 55.74679, -125.49405 55.74698, -125.49542 55.74718, -125.4968 55.7473, -125.49823 55.74736, -125.49975 55.74734, -125.50052 55.74734, -125.50129 55.74733, -125.50207 55.74733, -125.50282 55.74734, -125.50356 55.74735, -125.50427 55.74736, -125.50496 55.74734, -125.50835 55.74714, -125.50971 55.747, -125.51039 55.74696, -125.51106 55.74697, -125.51169 55.74704, -125.51224 55.74719, -125.51272 55.7474, -125.51311 55.74763, -125.51337 55.74789, -125.51379 55.7484, -125.51399 55.7486, -125.51463 55.74922, -125.51501 55.74946, -125.51547 55.74964, -125.51595 55.74976, -125.51646 55.74981, -125.51734 55.74973, -125.51746 55.74972, -125.51797 55.74968, -125.5185 55.74967, -125.51904 55.7497, -125.51954 55.7498, -125.51995 55.74997, -125.52017 55.75008, -125.5207 55.75031, -125.521 55.75048, -125.52118 55.7507, -125.52119 55.75093, -125.52104 55.75115, -125.52078 55.75134, -125.5205 55.75152, -125.52032 55.75173, -125.52024 55.75196, -125.52023 55.75235, -125.52027 55.75263, -125.52042 55.75304, -125.52062 55.7533, -125.52096 55.75367, -125.52118 55.75393, -125.52127 55.75403, -125.52172 55.75448, -125.52203 55.75467, -125.5224 55.75483, -125.52316 55.7551, -125.52345 55.7553, -125.52347 55.75555, -125.52317 55.75579, -125.52271 55.75593, -125.52222 55.75601, -125.5206 55.75614, -125.52009 55.75624, -125.51959 55.75637, -125.51913 55.75653, -125.51871 55.75673, -125.51837 55.75696, -125.51808 55.75722, -125.51784 55.75751, -125.51769 55.75783, -125.51761 55.75817, -125.51761 55.75851, -125.51775 55.7588, -125.51803 55.75904, -125.51842 55.75923, -125.51886 55.7594, -125.51935 55.75953, -125.51987 55.75961, -125.52039 55.75965, -125.52061 55.75967, -125.52142 55.75974, -125.52196 55.75975, -125.52251 55.75973, -125.52308 55.75976, -125.52363 55.75987, -125.52475 55.76015, -125.52535 55.76023, -125.52653 55.76028, -125.52664 55.76028, -125.5273 55.76031, -125.52794 55.7604, -125.52855 55.76055, -125.52886 55.76064, -125.52942 55.76079, -125.52973 55.76086, -125.53032 55.76102, -125.53069 55.76112, -125.53088 55.76117, -125.53145 55.76127, -125.532 55.76126, -125.53243 55.76112, -125.53266 55.76089, -125.5327 55.7608, -125.53288 55.76033, -125.53315 55.75992, -125.53359 55.75955, -125.53419 55.75924, -125.53464 55.75908, -125.53536 55.75892, -125.53585 55.75885, -125.53632 55.75885, -125.53674 55.75893, -125.53736 55.75924, -125.53767 55.75931, -125.53797 55.75932, -125.53829 55.75928, -125.53881 55.75916, -125.53892 55.75913, -125.53925 55.75906, -125.53959 55.75908, -125.53987 55.75919, -125.54011 55.75931, -125.5404 55.7594, -125.542 55.75956, -125.54241 55.7596, -125.54279 55.75965, -125.54297 55.75968, -125.54341 55.75974, -125.54369 55.75973, -125.54397 55.75968, -125.54742 55.75891, -125.54801 55.75881, -125.54865 55.75873, -125.54934 55.75869, -125.55005 55.75865, -125.55078 55.75863, -125.55151 55.7586, -125.55225 55.75857, -125.55243 55.75857, -125.55369 55.75851, -125.5544 55.75844, -125.55574 55.75825, -125.55641 55.75818, -125.55709 55.75812, -125.55776 55.7581, -125.55843 55.75811, -125.55973 55.75818, -125.56038 55.75813, -125.56097 55.75798, -125.56154 55.75779, -125.56213 55.75765, -125.56276 55.75756, -125.56343 55.75749, -125.56445 55.75737, -125.56688 55.75694, -125.56783 55.75664, -125.56837 55.75637, -125.56883 55.75607, -125.56963 55.75543, -125.57008 55.75513, -125.570292 55.755018, -125.57027 55.754965, -125.570633 55.754634, -125.570974 55.754292, -125.57157 55.753926, -125.572143 55.753632, -125.57242 55.753455, -125.572675 55.75329, -125.572909 55.753125, -125.573017 55.752936, -125.573019 55.752699, -125.573 55.752497, -125.572919 55.752239, -125.572797 55.752198, -125.57213 55.752001, -125.571426 55.751843, -125.570477 55.751825, -125.569512 55.751832, -125.568495 55.751756, -125.567412 55.751515, -125.566327 55.751127, -125.565355 55.750708, -125.564399 55.750311, -125.563419 55.750003, -125.562478 55.749751, -125.561647 55.749475, -125.561098 55.749099, -125.560887 55.748678, -125.560928 55.748248, -125.561306 55.747875, -125.562107 55.747659, -125.563146 55.747731, -125.564206 55.74802, -125.565198 55.748345, -125.566093 55.748709, -125.56697 55.749041, -125.56797 55.749205, -125.569112 55.749192, -125.570337 55.74914, -125.571732 55.749186, -125.573406 55.749382, -125.575454 55.749658, -125.576672 55.74997, -125.577227 55.750237, -125.577803 55.750515, -125.577946 55.750986, -125.577872 55.751112, -125.577757 55.751311, -125.577636 55.751538, -125.577415 55.751661, -125.577109 55.751821, -125.576537 55.751963, -125.576475 55.752025, -125.57565 55.752357, -125.575328 55.752441, -125.575034 55.752467, -125.575116 55.752686, -125.575248 55.753011, -125.575415 55.753182, -125.575413 55.753353, -125.575239 55.753883, -125.575133 55.754281, -125.575333 55.754566, -125.575374 55.754636, -125.5767 55.75492, -125.57673 55.75493, -125.57744 55.75507, -125.577479 55.755078, -125.577652 55.755018, -125.578286 55.75502, -125.579309 55.754963, -125.579954 55.755013, -125.580347 55.7553, -125.580462 55.755691, -125.580426 55.756098, -125.580377 55.756483, -125.580677 55.756756, -125.581358 55.75685, -125.582193 55.756864, -125.583131 55.756588, -125.583754 55.756142, -125.584406 55.755644, -125.585276 55.755265, -125.586459 55.755071, -125.587756 55.754892, -125.589174 55.754713, -125.590675 55.754549, -125.59213 55.754517, -125.593548 55.75462, -125.594853 55.75478, -125.596063 55.75482, -125.597012 55.754924, -125.597367 55.755137, -125.597504 55.755344, -125.597334 55.755509, -125.596995 55.755555, -125.596403 55.755648, -125.595851 55.755884, -125.595215 55.756055, -125.594699 55.756225, -125.594493 55.756281, -125.594086 55.75639, -125.593433 55.756566, -125.592201 55.757026, -125.591271 55.75762, -125.590332 55.758145, -125.589174 55.758494, -125.587992 55.758689, -125.586896 55.758853, -125.586295 55.759095, -125.586267 55.759408, -125.586201 55.759639, -125.58641 55.7597, -125.58701 55.75991, -125.58759 55.76015, -125.58812 55.76042, -125.58859 55.76073, -125.58896 55.76108, -125.58924 55.76144, -125.58946 55.76179, -125.5896 55.76214, -125.589598 55.762199, -125.589886 55.762582, -125.590109 55.762911, -125.59021 55.763433, -125.589634 55.763593, -125.588755 55.763532, -125.587888 55.763597, -125.587642 55.763744, -125.587445 55.763987, -125.587267 55.763986, -125.58726 55.76412, -125.58747 55.76434, -125.58787 55.7647, -125.587995 55.76486, -125.588432 55.764948, -125.589051 55.765181, -125.589269 55.765248, -125.59023 55.765477, -125.591132 55.765605, -125.591933 55.765727, -125.592651 55.765834, -125.593395 55.765839, -125.594103 55.765919, -125.594539 55.766135, -125.594895 55.766463, -125.594978 55.766833, -125.594721 55.767184, -125.594278 55.767464, -125.593742 55.767758, -125.593357 55.768093, -125.592955 55.768335, -125.592374 55.768376, -125.591648 55.768432, -125.590903 55.768586, -125.590227 55.768807, -125.58948 55.768968, -125.588656 55.76897, -125.587925 55.768831, -125.58747 55.768575, -125.587241 55.768258, -125.586939 55.76799, -125.586482 55.767851, -125.585894 55.76778, -125.585232 55.767753, -125.584406 55.767801, -125.583443 55.767845, -125.582498 55.767968, -125.581594 55.76821, -125.580764 55.768494, -125.579965 55.768746, -125.579209 55.768973, -125.578479 55.769152, -125.578003 55.76929, -125.577803 55.769484, -125.577582 55.769468, -125.57758 55.76952, -125.57755 55.76974, -125.57753 55.77001, -125.5776 55.77027, -125.57776 55.77051, -125.57829 55.77108, -125.5784 55.7712, -125.5786 55.77143, -125.57878 55.77166, -125.57897 55.77189, -125.57918 55.77211, -125.57941 55.77234, -125.57963 55.77257, -125.57977 55.77284, -125.57977 55.77312, -125.57958 55.77339, -125.57922 55.77362, -125.57877 55.77381, -125.57862 55.77386, -125.57842 55.77393, -125.577313 55.774301, -125.576013 55.774608, -125.57476 55.77485, -125.57418 55.77495, -125.5736 55.77506, -125.57303 55.77522, -125.5726 55.77545, -125.57237 55.77573, -125.57235 55.77603, -125.57256 55.77632, -125.57289 55.77658, -125.57415 55.77729, -125.57512 55.77775, -125.578 55.77887, -125.57852 55.77911, -125.57889 55.77941, -125.57911 55.77974, -125.57916 55.78008, -125.57908 55.78042, -125.5788 55.78114, -125.57859 55.78252, -125.57844 55.78292, -125.57819 55.78331, -125.57789 55.78367, -125.57738 55.7842, -125.577 55.78454, -125.5765 55.78506, -125.576 55.78577, -125.57581 55.78613, -125.57567 55.78649, -125.57549 55.78685, -125.57525 55.78719, -125.5749 55.78749, -125.57448 55.78774, -125.57405 55.78798, -125.57379 55.78825, -125.57378 55.78854, -125.574 55.7888, -125.57439 55.78901, -125.57486 55.78915, -125.57562 55.78928, -125.57594 55.78933, -125.57651 55.78944, -125.57703 55.7896, -125.57752 55.78981, -125.57797 55.79002, -125.57844 55.79024, -125.57893 55.79049, -125.57916 55.79061, -125.57993 55.79101, -125.58044 55.79129, -125.58094 55.79157, -125.58145 55.79185, -125.58193 55.79213, -125.58239 55.79242, -125.58281 55.79271, -125.5832 55.79301, -125.5833 55.79309, -125.58358 55.79331, -125.58398 55.79358, -125.58447 55.79376, -125.58501 55.79385, -125.58558 55.79385, -125.58617 55.79379, -125.58674 55.79365, -125.58727 55.79345, -125.58773 55.79319, -125.58811 55.79289, -125.5884 55.79256, -125.58862 55.79222, -125.58878 55.79191, -125.58898 55.79164, -125.58928 55.79142, -125.58969 55.79128, -125.59017 55.79118, -125.59069 55.79113, -125.59124 55.79116, -125.59175 55.79127, -125.59226 55.79141, -125.59389 55.79177, -125.59469 55.79197, -125.59538 55.79222, -125.59601 55.79251, -125.59637 55.79274, -125.5967 55.79312, -125.59668 55.79338, -125.59651 55.7936, -125.59634 55.79379, -125.59632 55.79381, -125.59621 55.79403, -125.5962 55.79426, -125.59639 55.7946, -125.59647 55.79472, -125.5966 55.79497, -125.59671 55.79522, -125.59676 55.79536, -125.59691 55.79575, -125.59706 55.796, -125.5972 55.79627, -125.5973 55.79654, -125.59727 55.79681, -125.59702 55.79702, -125.59662 55.7971, -125.59618 55.79703, -125.59577 55.79687, -125.59536 55.79669, -125.59492 55.79655, -125.59444 55.79648, -125.59397 55.79651, -125.59353 55.7966, -125.59311 55.79675, -125.59233 55.79713, -125.59187 55.79728, -125.59135 55.79734, -125.5908 55.79736, -125.59026 55.79741, -125.58927 55.79757, -125.58834 55.79784, -125.58804 55.79794, -125.58765 55.79804, -125.58721 55.79812, -125.58673 55.7981, -125.58625 55.79797, -125.58584 55.79775, -125.5851 55.79726, -125.58472 55.79705, -125.58431 55.79689, -125.58388 55.79678, -125.58343 55.79674, -125.58297 55.79678, -125.58161 55.79701, -125.58128 55.79713, -125.58106 55.79731, -125.58087 55.79752, -125.58062 55.79771, -125.58032 55.7979, -125.57979 55.79806, -125.57923 55.79807, -125.57886 55.79806, -125.57848 55.79808, -125.57811 55.79815, -125.5777 55.79839, -125.57749 55.79859, -125.57725 55.79881, -125.57698 55.79903, -125.57669 55.79925, -125.57635 55.79945, -125.57597 55.79964, -125.57555 55.79982, -125.5751 55.79999, -125.57425 55.80026, -125.57408 55.80032, -125.57352 55.8005, -125.57295 55.80068, -125.57238 55.80087, -125.57179 55.80105, -125.57115 55.80116, -125.5705 55.80116, -125.56994 55.80099, -125.56954 55.8007, -125.56924 55.80036, -125.56888 55.80003, -125.56845 55.7997, -125.56797 55.79937, -125.56741 55.79908, -125.56676 55.79884, -125.56606 55.79865, -125.56575 55.79859, -125.5646 55.79837, -125.56386 55.79827))"
64,2023-07-29 10:30:57,2023072201,2023,5.7,Non-corrected airborne GPS,1690009200000,1690060040000,Being Held,JA70003000,57411.8362,980.5203,116,3d23dce7-1003-4259-8481-12bd3142a49f,179020.1171875,1731.78578860941,https://wildfiresituation.nrs.gov.bc.ca/incidents?fireYear=2023&incidentNumber=G51614,"POLYGON ((-125.127369 55.555018, -125.12693 55.554804, -125.126622 55.554572, -125.126375 55.554277, -125.12623 55.553944, -125.126184 55.553569, -125.126272 55.553254, -125.12644 55.553163, -125.126841 55.553091, -125.127272 55.553088, -125.127757 55.553155, -125.128134 55.553259, -125.128671 55.553476, -125.129052 55.55368, -125.130134 55.554378, -125.131308 55.554806, -125.131567 55.555014, -125.131638 55.555257, -125.131518 55.555467, -125.131278 55.555609, -125.130914 55.555698, -125.130433 55.555716, -125.129753 55.555639, -125.128826 55.555444, -125.128055 55.555247, -125.127369 55.555018))"
65,2023-07-29 10:30:57,2023072101,2023,35.4,Non-corrected airborne GPS,1689922800000,1689987928000,Out of Control,JA70003000,353960.2267,2395.5246,117,03a9b2ba-c881-414f-9dda-8db006de8383,1053944.25,4135.18710267324,https://wildfiresituation.nrs.gov.bc.ca/incidents?fireYear=2023&incidentNumber=G51755,"POLYGON ((-125.130262 54.630545, -125.129575 54.630504, -125.128907 54.630416, -125.12613 54.629862, -125.125543 54.629658, -125.125165 54.629424, -125.125094 54.629203, -125.125198 54.628946, -125.125343 54.62885, -125.125873 54.628635, -125.126118 54.628363, -125.126232 54.628068, -125.126185 54.62761, -125.126268 54.627232, -125.126435 54.626965, -125.126757 54.626705, -125.12711 54.626515, -125.127471 54.626387, -125.128119 54.626238, -125.128642 54.62616, -125.12987 54.626067, -125.131935 54.626047, -125.13352 54.625968, -125.134937 54.625752, -125.136498 54.625377, -125.137339 54.625278, -125.137773 54.625293, -125.138239 54.625444, -125.138394 54.625559, -125.138465 54.62572, -125.138455 54.625991, -125.138376 54.626202, -125.137954 54.626735, -125.137089 54.627696, -125.136722 54.628292, -125.136347 54.629106, -125.136087 54.629486, -125.135766 54.629835, -125.135333 54.630166, -125.134888 54.630414, -125.134487 54.630574, -125.134041 54.630677, -125.133485 54.630741, -125.133023 54.630752, -125.13216 54.630712, -125.130262 54.630545))"
66,2023-07-29 10:30:57,2023072701,2023,0.7,Non-corrected ground GPS,1690441200000,1690503642000,Under Control,JA70003000,6909.1913,595.676,118,49ef7b37-44c7-4f76-93f8-a9bb05ddd7d4,20307.375,1021.43997720586,https://wildfiresituation.nrs.gov.bc.ca/incidents?fireYear=2023&incidentNumber=G51823,"POLYGON ((-124.71079 54.36174, -124.710758 54.361748, -124.71071 54.36176, -124.7106 54.3617, -124.71034 54.36163, -124.71027 54.36169, -124.71007 54.36171, -124.71004 54.36175, -124.70991 54.36176, -124.70973 54.36178, -124.70966 54.36181, -124.70949 54.36182, -124.709392 54.361813, -124.70933 54.3619, -124.70932 54.36199, -124.70915 54.36211, -124.70905 54.36209, -124.709 54.36203, -124.708829 54.362044, -124.70905 54.36142, -124.71014 54.3616, -124.71021 54.36162, -124.71029 54.36155, -124.71044 54.36149, -124.71053 54.36145, -124.71053 54.36139, -124.71049 54.36139, -124.7104 54.36134, -124.71028 54.36119, -124.71027 54.36114, -124.71054 54.36115, -124.71063 54.36126, -124.71077 54.3613, -124.71083 54.36126, -124.71091 54.36124, -124.71119 54.3612, -124.71128 54.36123, -124.71135 54.36127, -124.71131 54.36134, -124.71136 54.36138, -124.71142 54.36138, -124.71143 54.36134, -124.71147 54.3613, -124.71155 54.36129, -124.7116 54.36132, -124.7116 54.36143, -124.71155 54.36143, -124.71144 54.36146, -124.71143 54.36149, -124.71147 54.36153, -124.71147 54.36156, -124.71144 54.36157, -124.71141 54.36156, -124.71127 54.36166, -124.711104 54.36166, -124.71089 54.36171, -124.71079 54.36174))"
67,2023-07-29 10:30:57,2023072301,2023,7.4,Non-corrected ground GPS,1690095600000,1690172252000,Under Control,JA70003000,74411.9578,1365.449,119,42ed0bb8-82e0-480f-a65e-c2f50c87a9b4,234655.015625,2424.90528427163,https://wildfiresituation.nrs.gov.bc.ca/incidents?fireYear=2023&incidentNumber=G51902,"POLYGON ((-126.115877 55.776683, -126.116057 55.77659, -126.116165 55.776531, -126.116234 55.776488, -126.116299 55.776439, -126.116362 55.776386, -126.116423 55.776325, -126.116472 55.776271, -126.116524 55.77621, -126.116682 55.776005, -126.116739 55.775933, -126.116798 55.775866, -126.116856 55.775808, -126.116916 55.775754, -126.116978 55.775705, -126.117044 55.775661, -126.117113 55.775622, -126.117176 55.775591, -126.11738 55.775496, -126.117468 55.775448, -126.117559 55.775392, -126.117661 55.775323, -126.117871 55.77517, -126.117965 55.775104, -126.118069 55.775038, -126.11817 55.774983, -126.11828 55.774928, -126.118398 55.774874, -126.118522 55.774819, -126.118655 55.774764, -126.118789 55.774714, -126.118942 55.774663, -126.119106 55.774614, -126.119565 55.774484, -126.119703 55.774441, -126.119823 55.7744, -126.119967 55.774345, -126.120304 55.774206, -126.120397 55.77417, -126.120483 55.774141, -126.12074 55.774053, -126.120869 55.774014, -126.120935 55.773997, -126.120997 55.773983, -126.121058 55.773973, -126.121116 55.773967, -126.121204 55.77396, -126.121291 55.773956, -126.121374 55.773955, -126.121451 55.773956, -126.121521 55.773961, -126.121584 55.773968, -126.12164 55.773979, -126.121689 55.773992, -126.121737 55.77401, -126.121782 55.774034, -126.121825 55.774064, -126.121867 55.774101, -126.121905 55.774142, -126.121943 55.774189, -126.12198 55.774243, -126.122037 55.774331, -126.12206 55.774372, -126.122075 55.774415, -126.122083 55.774462, -126.122085 55.774512, -126.12208 55.774565, -126.12207 55.774624, -126.122004 55.774861, -126.121992 55.774914, -126.121984 55.774962, -126.121981 55.775016, -126.121985 55.775065, -126.121996 55.775111, -126.122013 55.775154, -126.12203 55.775183, -126.122052 55.775213, -126.12208 55.775244, -126.122114 55.775277, -126.122185 55.775336, -126.122371 55.775479, -126.122416 55.775518, -126.122453 55.775553, -126.122486 55.775592, -126.12251 55.775629, -126.122526 55.775665, -126.122534 55.7757, -126.122535 55.77573, -126.122533 55.775763, -126.122519 55.775832, -126.122493 55.775909, -126.122452 55.775997, -126.122398 55.776112, -126.122363 55.77617, -126.122342 55.776195, -126.122319 55.776217, -126.122294 55.776234, -126.122267 55.776248, -126.122233 55.77626, -126.122192 55.77627, -126.122145 55.776277, -126.122091 55.776282, -126.122032 55.776285, -126.121964 55.776286, -126.121786 55.776281, -126.121708 55.776275, -126.12163 55.776263, -126.12155 55.776244, -126.121468 55.776218, -126.121396 55.77619, -126.121318 55.776157, -126.121048 55.776029, -126.12094 55.775981, -126.120881 55.775958, -126.120826 55.775938, -126.120772 55.775921, -126.120719 55.775907, -126.120543 55.775859, -126.120476 55.775842, -126.120405 55.77583, -126.120373 55.775827, -126.120344 55.775826, -126.120294 55.775829, -126.120242 55.775838, -126.120189 55.775853, -126.120133 55.775874, -126.12008 55.775897, -126.120021 55.775927, -126.119823 55.776041, -126.11974 55.776088, -126.119668 55.776133, -126.119606 55.776175, -126.119553 55.776217, -126.119527 55.776242, -126.119501 55.776269, -126.119406 55.776393, -126.119357 55.776446, -126.119275 55.776519, -126.119211 55.776571, -126.119147 55.776614, -126.119082 55.77665, -126.118977 55.776698, -126.118889 55.776732, -126.118848 55.776744, -126.118808 55.776754, -126.11877 55.77676, -126.118733 55.776764, -126.118695 55.776766, -126.118656 55.776766, -126.11857 55.77676, -126.118482 55.776746, -126.118399 55.776726, -126.118372 55.776716, -126.118344 55.776703, -126.11826 55.776649, -126.118229 55.776632, -126.118197 55.776619, -126.118165 55.776612, -126.11813 55.776609, -126.118088 55.77661, -126.117942 55.776624, -126.117888 55.776629, -126.117835 55.776637, -126.117727 55.776657, -126.117619 55.776684, -126.117508 55.77672, -126.117402 55.776761, -126.117288 55.77681, -126.117172 55.776865, -126.116858 55.777021, -126.11676 55.777065, -126.11667 55.777103, -126.116565 55.777143, -126.116463 55.777175, -126.116363 55.777201, -126.116264 55.77722, -126.116027 55.777264, -126.11592 55.77728, -126.115865 55.777285, -126.115814 55.777288, -126.115767 55.777288, -126.115722 55.777284, -126.115666 55.777277, -126.115612 55.777269, -126.115562 55.777259, -126.115516 55.777248, -126.115476 55.777236, -126.115442 55.777223, -126.115413 55.777209, -126.115389 55.777195, -126.115368 55.777177, -126.11535 55.777156, -126.115333 55.777132, -126.115321 55.777107, -126.115312 55.777081, -126.115308 55.777056, -126.115308 55.777032, -126.115312 55.777011, -126.11532 55.776995, -126.115333 55.776978, -126.115351 55.776961, -126.115375 55.776944, -126.115427 55.776912, -126.115562 55.776839, -126.115655 55.776789, -126.115877 55.776683))"
68,2023-07-29 10:30:57,2023061201,2023,21385.1,Non-corrected airborne GPS,1686553200000,1686701276000,Under Control,JA70003000,213851019.7579,138629.6316,121,ad7914f1-c4e8-41a0-a508-786233c7c065,731151997.382813,256328.011368599,https://wildfiresituation.nrs.gov.bc.ca/incidents?fireYear=2023&incidentNumber=G60325,"POLYGON ((-124.921339 57.362953, -124.919924 57.363885, -124.918915 57.36447, -124.917838 57.364991, -124.917276 57.365224, -124.916117 57.365634, -124.914923 57.365962, -124.913706 57.366214, -124.911863 57.36648, -124.909331 57.366784, -124.908058 57.366995, -124.905048 57.367895, -124.904478 57.368112, -124.902762 57.368767, -124.901598 57.36921, -124.900423 57.369666, -124.898653 57.370367, -124.896897 57.37108, -124.895157 57.371792, -124.894578 57.372032, -124.891694 57.373189, -124.886536 57.375121, -124.886425 57.375164, -124.885453 57.37554, -124.884349 57.375852, -124.88154 57.376302, -124.880956 57.376317, -124.879791 57.37631, -124.878623 57.376265, -124.876915 57.376148, -124.876359 57.376103, -124.875804 57.376058, -124.874739 57.375972, -124.874223 57.375921, -124.873205 57.375802, -124.872191 57.375667, -124.871684 57.375593, -124.871183 57.375514, -124.870685 57.375433, -124.870541 57.37541, -124.869696 57.375275, -124.868719 57.375108, -124.867728 57.37493, -124.866766 57.374733, -124.864189 57.373866, -124.863192 57.373254, -124.862392 57.372555, -124.861753 57.371405, -124.861679 57.371091, -124.86162 57.370092, -124.861464 57.36804, -124.861378 57.367722, -124.861262 57.367408, -124.861114 57.367098, -124.860931 57.366791, -124.860138 57.365886, -124.859796 57.365584, -124.859417 57.365295, -124.858544 57.364764, -124.857528 57.364312, -124.856367 57.363964, -124.853769 57.363653, -124.849664 57.364032, -124.848322 57.364272, -124.847012 57.36455, -124.843788 57.365272, -124.842482 57.36557, -124.84057 57.366058, -124.839297 57.366431, -124.836125 57.367405, -124.834857 57.367864, -124.832371 57.368896, -124.830626 57.369784, -124.828709 57.370489, -124.825791 57.370644, -124.825055 57.370562, -124.822807 57.370252, -124.822042 57.370152, -124.82127 57.370056, -124.820485 57.369947, -124.818877 57.369634, -124.816559 57.369177, -124.814244 57.368692, -124.811951 57.368214, -124.809657 57.367791, -124.807325 57.367399, -124.805756 57.367164, -124.80497 57.367054, -124.799242 57.366587, -124.797561 57.366515, -124.793442 57.366436, -124.792644 57.366425, -124.791851 57.366414, -124.791064 57.366407, -124.789511 57.366399, -124.78799 57.366405, -124.786497 57.366422, -124.785024 57.366435, -124.783553 57.366437, -124.782817 57.366439, -124.780631 57.366438, -124.777755 57.366383, -124.776305 57.366342, -124.774094 57.366245, -124.773364 57.366199, -124.771884 57.366099, -124.770374 57.365972, -124.768891 57.365806, -124.767416 57.365619, -124.765918 57.365397, -124.763644 57.364998, -124.762146 57.36469, -124.759175 57.363974, -124.758456 57.363773, -124.757763 57.363562, -124.756398 57.363115, -124.755726 57.362876, -124.754376 57.362394, -124.753 57.361914, -124.752317 57.361676, -124.748798 57.36056, -124.748063 57.360351, -124.746604 57.359949, -124.744427 57.359391, -124.742215 57.358895, -124.739956 57.358452, -124.73766 57.358026, -124.73615 57.357749, -124.735374 57.35761, -124.733819 57.357327, -124.732281 57.357042, -124.729259 57.356474, -124.728525 57.356335, -124.727049 57.356075, -124.724015 57.355629, -124.723248 57.355524, -124.71955 57.355026, -124.71806 57.354867, -124.715744 57.354715, -124.714132 57.354663, -124.712555 57.354638, -124.710274 57.354675, -124.705217 57.355336, -124.702364 57.355838, -124.696358 57.356227, -124.694029 57.356245, -124.690161 57.356084, -124.687871 57.355823, -124.684199 57.35513, -124.682851 57.354712, -124.679805 57.353411, -124.679259 57.353105, -124.677246 57.351788, -124.672883 57.348073, -124.670814 57.346133, -124.670026 57.345365, -124.668756 57.344243, -124.668299 57.34388, -124.667341 57.343173, -124.666844 57.342827, -124.665836 57.342153, -124.663798 57.340842, -124.662233 57.339917, -124.660559 57.339061, -124.659963 57.338796, -124.659361 57.338545, -124.658093 57.338086, -124.656087 57.337508, -124.655383 57.337351, -124.654669 57.337207, -124.653233 57.336952, -124.649769 57.336139, -124.648367 57.335861, -124.646247 57.335643, -124.644614 57.335861, -124.643149 57.336104, -124.641716 57.336431, -124.639662 57.337038, -124.638567 57.337628, -124.638041 57.337928, -124.637016 57.338549, -124.636508 57.338878, -124.635518 57.339526, -124.63461 57.340149, -124.634106 57.340451, -124.633061 57.341023, -124.631307 57.341846, -124.630122 57.342371, -124.628966 57.342868, -124.626572 57.343702, -124.620559 57.344823, -124.619863 57.344939, -124.619152 57.34505, -124.615644 57.345582, -124.614959 57.345692, -124.614334 57.345786, -124.613592 57.345898, -124.61221 57.346093, -124.611525 57.3462, -124.610847 57.346315, -124.609469 57.346535, -124.608758 57.346638, -124.60658 57.34693, -124.60658 57.34693, -124.605109 57.347093, -124.604367 57.347172, -124.602122 57.347431, -124.600627 57.347611, -124.599877 57.347707, -124.597656 57.348009, -124.595484 57.348326, -124.593339 57.348672, -124.591933 57.348894, -124.591219 57.349004, -124.590492 57.349118, -124.589757 57.349233, -124.589019 57.349346, -124.588284 57.349457, -124.587556 57.349567, -124.586838 57.349677, -124.585405 57.349895, -124.584001 57.350112, -124.579846 57.350794, -124.577082 57.351055, -124.573765 57.350998, -124.571932 57.350738, -124.571353 57.350614, -124.570245 57.350312, -124.568697 57.349767, -124.567755 57.349356, -124.565211 57.348066, -124.564414 57.347632, -124.563628 57.347183, -124.563232 57.346948, -124.562458 57.346454, -124.561765 57.345921, -124.561465 57.345638, -124.561191 57.345344, -124.560698 57.344733, -124.560458 57.344422, -124.559951 57.343798, -124.559683 57.343488, -124.559399 57.343181, -124.559105 57.342878, -124.558458 57.342288, -124.557328 57.34147, -124.556907 57.341216, -124.554844 57.340428, -124.55217 57.340335, -124.551467 57.340426, -124.550042 57.340624, -124.549309 57.340708, -124.547086 57.340874, -124.546337 57.340901, -124.544139 57.340831, -124.543302 57.340715, -124.542736 57.340636, -124.542043 57.340507, -124.540687 57.3402, -124.539363 57.339841, -124.538058 57.339451, -124.536088 57.338864, -124.535421 57.338676, -124.534075 57.338309, -124.533397 57.338131, -124.531368 57.337623, -124.529987 57.337311, -124.529287 57.337163, -124.528594 57.337016, -124.527906 57.33687, -124.525829 57.336469, -124.524448 57.336225, -124.523756 57.336112, -124.523062 57.336006, -124.521645 57.335831, -124.517988 57.335596, -124.515734 57.335689, -124.514242 57.3359, -124.512816 57.33627, -124.511552 57.336817, -124.510481 57.337534, -124.509996 57.337923, -124.509088 57.338732, -124.508229 57.339552, -124.507816 57.339968, -124.506059 57.34213, -124.504957 57.34385, -124.504708 57.344272, -124.504208 57.34512, -124.503716 57.345984, -124.503199 57.346843, -124.502929 57.347266, -124.502655 57.347682, -124.502381 57.348095, -124.502111 57.348505, -124.501849 57.348914, -124.501345 57.349738, -124.501098 57.350153, -124.500846 57.350568, -124.50058 57.350983, -124.500051 57.351825, -124.499787 57.352247, -124.499512 57.352672, -124.499233 57.353096, -124.498953 57.35352, -124.498391 57.354367, -124.498101 57.35478, -124.497814 57.35519, -124.497504 57.355587, -124.497173 57.355962, -124.496828 57.356319, -124.496473 57.356664, -124.496114 57.35701, -124.495746 57.357352, -124.495368 57.357691, -124.494979 57.35803, -124.494561 57.358352, -124.493656 57.358933, -124.493194 57.359199, -124.491344 57.360197, -124.49037 57.36066, -124.488886 57.3613, -124.487881 57.361716, -124.486307 57.362348, -124.485248 57.362781, -124.484729 57.363001, -124.484204 57.363228, -124.482651 57.363919, -124.482135 57.364151, -124.479396 57.365254, -124.478804 57.365437, -124.476995 57.365808, -124.476403 57.365859, -124.475234 57.365835, -124.474664 57.365762, -124.473557 57.365528, -124.473031 57.365372, -124.472522 57.365189, -124.470441 57.36395, -124.470138 57.363651, -124.46955 57.362682, -124.469468 57.362333, -124.469446 57.361608, -124.469475 57.36124, -124.469575 57.360499, -124.469693 57.359744, -124.469802 57.358977, -124.469901 57.358205, -124.470001 57.357424, -124.470097 57.35663, -124.470142 57.35623, -124.470233 57.35542, -124.47028 57.355013, -124.470367 57.354204, -124.470406 57.353806, -124.470488 57.353016, -124.470689 57.351439, -124.470791 57.350653, -124.470847 57.349875, -124.470865 57.349486, -124.470899 57.348704, -124.470953 57.347916, -124.470988 57.347119, -124.470962 57.346725, -124.470883 57.346336, -124.470746 57.345947, -124.470545 57.345566, -124.469915 57.344836, -124.469486 57.344504, -124.468771 57.344139, -124.467764 57.343625, -124.463977 57.342587, -124.463139 57.342485, -124.459703 57.342331, -124.452354 57.342109, -124.450819 57.342073, -124.449312 57.342048, -124.447813 57.342021, -124.443318 57.341924, -124.441022 57.341925, -124.44025 57.341934, -124.439476 57.341945, -124.438701 57.34196, -124.436392 57.342015, -124.435633 57.34204, -124.434887 57.342068, -124.433404 57.342144, -124.43267 57.342192, -124.427505 57.34267, -124.422299 57.343323, -124.420048 57.343556, -124.417081 57.343778, -124.416359 57.34382, -124.415644 57.343856, -124.414228 57.343922, -124.412803 57.343986, -124.410615 57.344109, -124.410072 57.344138, -124.409132 57.344189, -124.406136 57.34427, -124.397921 57.344286, -124.396464 57.344326, -124.395733 57.344355, -124.391419 57.34445, -124.390021 57.344425, -124.388655 57.344378, -124.387986 57.344353, -124.387313 57.344325, -124.386636 57.344291, -124.38529 57.344196, -124.379701 57.34363, -124.378999 57.343528, -124.377607 57.3433, -124.374882 57.342796, -124.373517 57.34252, -124.372833 57.342377, -124.370808 57.341927, -124.368742 57.341472, -124.367326 57.34116, -124.366603 57.341001, -124.365141 57.340663, -124.363661 57.340309, -124.362916 57.340131, -124.361421 57.339779, -124.360666 57.339604, -124.359908 57.339432, -124.359147 57.339259, -124.358381 57.339089, -124.357615 57.338921, -124.356083 57.338587, -124.355317 57.338417, -124.35377 57.338068, -124.352996 57.337891, -124.352218 57.337719, -124.350652 57.337374, -124.349867 57.3372, -124.349076 57.337023, -124.34828 57.336846, -124.347473 57.336667, -124.346655 57.336486, -124.345831 57.336305, -124.345003 57.33613, -124.344174 57.335953, -124.343346 57.335779, -124.342525 57.335604, -124.341711 57.335426, -124.33529 57.334017, -124.334565 57.333783, -124.333797 57.333563, -124.332902 57.333306, -124.332251 57.333147, -124.331329 57.332956, -124.330076 57.332474, -124.32946 57.332174, -124.32891 57.331844, -124.328427 57.331491, -124.328037 57.331105, -124.32771 57.330706, -124.327028 57.32901, -124.326997 57.328588, -124.32701 57.32817, -124.327101 57.326954, -124.327125 57.326553, -124.327157 57.325362, -124.327135 57.324591, -124.327023 57.323838, -124.326925 57.323093, -124.326868 57.322727, -124.326838 57.322372, -124.32685 57.322022, -124.326884 57.321672, -124.326976 57.321322, -124.327123 57.320964, -124.327307 57.320604, -124.327525 57.320242, -124.327779 57.319878, -124.32808 57.319518, -124.328439 57.319168, -124.329213 57.318487, -124.329675 57.318173, -124.330167 57.317871, -124.330675 57.317578, -124.331215 57.317296, -124.331779 57.317024, -124.332824 57.316551, -124.33358 57.316234, -124.33481 57.315722, -124.336017 57.3152, -124.336901 57.314781, -124.337724 57.314367, -124.338819 57.313769, -124.340358 57.312792, -124.341695 57.311745, -124.342428 57.311026, -124.34301 57.310302, -124.343243 57.309935, -124.343545 57.309183, -124.34361 57.308803, -124.343625 57.308421, -124.343028 57.30686, -124.342343 57.306102, -124.3395 57.303442, -124.33908 57.303046, -124.337829 57.301865, -124.337412 57.301482, -124.335373 57.299619, -124.334582 57.29891, -124.333826 57.298216, -124.331721 57.296148, -124.329725 57.294608, -124.329224 57.294355, -124.328688 57.294128, -124.328118 57.293914, -124.327552 57.293666, -124.327011 57.293404, -124.326502 57.293129, -124.326027 57.292844, -124.324892 57.292033, -124.324539 57.291514, -124.324211 57.290708, -124.32446 57.289988, -124.325066 57.289382, -124.326105 57.288954, -124.327393 57.288698, -124.328076 57.288622, -124.328775 57.288565, -124.33316 57.288265, -124.336894 57.287917, -124.337647 57.287835, -124.339164 57.28764, -124.340664 57.287405, -124.347828 57.28585, -124.348602 57.285779, -124.350161 57.285714, -124.352348 57.285798, -124.353048 57.28589, -124.354995 57.28627, -124.355591 57.28644, -124.356707 57.28683, -124.357245 57.287034, -124.358293 57.287463, -124.359251 57.287892, -124.360749 57.288649, -124.361291 57.288925, -124.362408 57.289495, -124.362977 57.289772, -124.363979 57.290245, -124.366489 57.291412, -124.367417 57.292002, -124.36811 57.292465, -124.368377 57.292625, -124.368894 57.29293, -124.36938 57.293224, -124.369878 57.293516, -124.370378 57.293821, -124.370891 57.29412, -124.375378 57.296305, -124.376486 57.296846, -124.377545 57.297402, -124.378043 57.297693, -124.37895 57.298308, -124.379355 57.298621, -124.379715 57.298946, -124.380047 57.299259, -124.380338 57.299577, -124.380589 57.299897, -124.380816 57.300203, -124.381043 57.300527, -124.3813 57.300853, -124.381557 57.301184, -124.381809 57.301505, -124.382055 57.301834, -124.38229 57.302171, -124.382512 57.302515, -124.38272 57.302863, -124.382906 57.303217, -124.383232 57.303953, -124.383586 57.305057, -124.384504 57.307391, -124.385099 57.308015, -124.385961 57.308606, -124.387744 57.309185, -124.389134 57.309345, -124.391221 57.309228, -124.393207 57.30869, -124.393832 57.308447, -124.394433 57.308184, -124.395605 57.307642, -124.396778 57.307092, -124.397977 57.306538, -124.398824 57.306172, -124.399466 57.305906, -124.399896 57.305743, -124.401271 57.305266, -124.402006 57.30507, -124.402749 57.304889, -124.404272 57.304547, -124.405053 57.304382, -124.405832 57.304218, -124.406614 57.304055, -124.407407 57.303898, -124.40821 57.303745, -124.409015 57.303594, -124.409814 57.303445, -124.410611 57.303298, -124.412166 57.303011, -124.413696 57.302718, -124.414451 57.302566, -124.415212 57.302378, -124.415948 57.302174, -124.416673 57.301948, -124.417376 57.301702, -124.418024 57.301432, -124.418639 57.301165, -124.419206 57.300871, -124.419781 57.300577, -124.420345 57.300278, -124.420903 57.299981, -124.42323 57.29852, -124.425376 57.297521, -124.426936 57.296817, -124.427424 57.296746, -124.428023 57.296676, -124.429263 57.296703, -124.429886 57.296763, -124.430529 57.296832, -124.431226 57.296913, -124.431938 57.296999, -124.43266 57.297089, -124.433393 57.297182, -124.434139 57.297273, -124.434899 57.297364, -124.43567 57.297452, -124.436434 57.29753, -124.437181 57.297595, -124.437915 57.29765, -124.439369 57.297712, -124.440106 57.297709, -124.44241 57.297596, -124.444686 57.297428, -124.446266 57.297296, -124.448688 57.297042, -124.451848 57.29674, -124.453453 57.296611, -124.45507 57.296495, -124.457489 57.296323, -124.461668 57.296036, -124.462145 57.296003, -124.463619 57.295879, -124.465071 57.295732, -124.466993 57.295523, -124.469307 57.295192, -124.47012 57.295067, -124.471382 57.294865, -124.473857 57.294448, -124.475526 57.294156, -124.477239 57.29385, -124.479759 57.293342, -124.480567 57.293154, -124.48371 57.292274, -124.485926 57.291433, -124.487382 57.290852, -124.48955 57.290019, -124.490984 57.289486, -124.491707 57.289229, -124.495311 57.288108, -124.496042 57.287923, -124.499043 57.287281, -124.499772 57.28711, -124.502318 57.286137, -124.503665 57.285128, -124.503955 57.284753, -124.504218 57.28435, -124.504227 57.284337, -124.504244 57.283972, -124.504237 57.283569, -124.503482 57.282441, -124.503003 57.282107, -124.502418 57.281798, -124.501008 57.281254, -124.500201 57.281055, -124.497737 57.280581, -124.49691 57.280453, -124.496082 57.280342, -124.495258 57.280244, -124.494437 57.280158, -124.49362 57.280079, -124.492812 57.280009, -124.492012 57.279947, -124.491218 57.279889, -124.490436 57.279833, -124.489664 57.279778, -124.488901 57.279726, -124.488144 57.279673, -124.487393 57.279618, -124.486653 57.279561, -124.485918 57.279506, -124.485194 57.27945, -124.484474 57.279394, -124.483772 57.279337, -124.483076 57.279279, -124.482382 57.279226, -124.481679 57.279182, -124.480973 57.279149, -124.480291 57.279131, -124.479018 57.27913, -124.478407 57.279147, -124.477798 57.279187, -124.476603 57.279371, -124.476022 57.279505, -124.474866 57.279785, -124.474303 57.27994, -124.473767 57.280118, -124.472399 57.280787, -124.471695 57.281322, -124.470794 57.282172, -124.47047 57.282437, -124.469721 57.282907, -124.468791 57.283272, -124.4677 57.2835, -124.465383 57.283511, -124.463148 57.283078, -124.461135 57.282475, -124.460158 57.282099, -124.458654 57.281473, -124.45767 57.281014, -124.455423 57.279725, -124.454984 57.279453, -124.454067 57.278922, -124.453588 57.278662, -124.452134 57.277916, -124.44997 57.277221, -124.449358 57.27712, -124.448728 57.277038, -124.448072 57.276963, -124.446725 57.276789, -124.446044 57.276682, -124.44536 57.276564, -124.444679 57.276437, -124.443998 57.276304, -124.443319 57.27617, -124.442647 57.276039, -124.441976 57.275915, -124.441297 57.275798, -124.439923 57.275599, -124.438526 57.27546, -124.437821 57.275409, -124.436438 57.2753, -124.435089 57.275163, -124.434412 57.27509, -124.430234 57.274494, -124.42954 57.274342, -124.428207 57.273992, -124.424571 57.272566, -124.424013 57.272293, -124.423456 57.272016, -124.422904 57.271735, -124.422363 57.271456, -124.421828 57.271181, -124.421303 57.270911, -124.420291 57.270379, -124.419347 57.269857, -124.417986 57.269068, -124.417193 57.268499, -124.416622 57.267865, -124.416431 57.267522, -124.415412 57.265693, -124.416578 57.264836, -124.416981 57.264568, -124.417886 57.264123, -124.418387 57.263953, -124.418926 57.263821, -124.419495 57.263722, -124.420086 57.263666, -124.421287 57.26366, -124.421891 57.263697, -124.423759 57.26391, -124.425058 57.26408, -124.42571 57.264173, -124.427 57.264393, -124.427639 57.264512, -124.428273 57.264636, -124.428904 57.264768, -124.429532 57.264908, -124.430164 57.265052, -124.430798 57.265193, -124.431434 57.265333, -124.432073 57.265478, -124.433364 57.265767, -124.434015 57.265906, -124.435326 57.266182, -124.437966 57.26664, -124.439304 57.266839, -124.440663 57.267018, -124.442054 57.267148, -124.44276 57.267188, -124.443471 57.267207, -124.444186 57.267216, -124.444896 57.26721, -124.4463 57.267161, -124.446993 57.26712, -124.447674 57.267056, -124.448346 57.26698, -124.450292 57.266675, -124.451504 57.266406, -124.452081 57.266257, -124.453149 57.265924, -124.45364 57.265744, -124.454097 57.265535, -124.454511 57.265286, -124.455148 57.264685, -124.45557 57.263274, -124.455352 57.262562, -124.455132 57.262209, -124.454871 57.261866, -124.454298 57.261206, -124.454013 57.260877, -124.45373 57.260569, -124.453243 57.259959, -124.453054 57.259654, -124.452843 57.259054, -124.452925 57.258457, -124.45313 57.258156, -124.453854 57.257664, -124.454342 57.257455, -124.456064 57.257232, -124.45843 57.257748, -124.458977 57.257952, -124.460936 57.258829, -124.462365 57.259456, -124.462846 57.259634, -124.463868 57.259899, -124.464951 57.260031, -124.466038 57.260008, -124.46748 57.259638, -124.468167 57.259236, -124.468417 57.258998, -124.468588 57.258737, -124.468592 57.257839, -124.468066 57.256874, -124.46764 57.256255, -124.467391 57.25596, -124.466821 57.255402, -124.465322 57.254491, -124.46331 57.254084, -124.461729 57.254039, -124.461217 57.254007, -124.459299 57.253637, -124.458876 57.25347, -124.458166 57.253058, -124.457673 57.252549, -124.45735 57.251639, -124.457369 57.250981, -124.457528 57.250294, -124.457644 57.249952, -124.457788 57.249612, -124.457964 57.249259, -124.458393 57.248556, -124.458649 57.24821, -124.459228 57.247533, -124.45981 57.246829, -124.460083 57.246461, -124.46054 57.245684, -124.460736 57.245286, -124.461091 57.244484, -124.461534 57.243247, -124.461621 57.242828, -124.461666 57.242408, -124.46167 57.241992, -124.46147 57.241184, -124.461236 57.240809, -124.460914 57.240454, -124.459586 57.239551, -124.457224 57.238702, -124.455979 57.238322, -124.45478 57.237923, -124.45421 57.237707, -124.453665 57.237474, -124.452647 57.236951, -124.45218 57.23666, -124.45174 57.236356, -124.450943 57.235702, -124.450253 57.235011, -124.448664 57.231679, -124.448274 57.230918, -124.446828 57.229797, -124.445011 57.229487, -124.440053 57.229095, -124.435351 57.228192, -124.434213 57.227898, -124.433111 57.227548, -124.432095 57.227135, -124.431225 57.226666, -124.43045 57.225779, -124.430336 57.225115, -124.430567 57.224465, -124.430792 57.224146, -124.431397 57.223526, -124.432128 57.222936, -124.434536 57.221222, -124.434884 57.220898, -124.435167 57.220545, -124.435718 57.219419, -124.435814 57.218647, -124.435792 57.218259, -124.435745 57.217864, -124.43567 57.21709, -124.435671 57.216717, -124.435827 57.215989, -124.436195 57.215264, -124.437116 57.214235, -124.439494 57.212921, -124.440635 57.212575, -124.442423 57.212194, -124.443029 57.2121, -124.443625 57.212025, -124.444218 57.211974, -124.444822 57.211949, -124.446071 57.211957, -124.446697 57.211984, -124.447324 57.212022, -124.447954 57.212069, -124.448588 57.212123, -124.449224 57.212184, -124.449869 57.21225, -124.450524 57.212321, -124.45118 57.21239, -124.451836 57.212465, -124.453171 57.212631, -124.453854 57.21272, -124.455237 57.212916, -124.456615 57.213142, -124.457945 57.213429, -124.45919 57.213787, -124.460332 57.214228, -124.462226 57.215349, -124.463732 57.216186, -124.465801 57.217262, -124.466306 57.217535, -124.467907 57.21832, -124.468479 57.218565, -124.469654 57.219041, -124.47205 57.219967, -124.473274 57.220415, -124.475137 57.221077, -124.477015 57.221762, -124.47763 57.222013, -124.480377 57.223335, -124.480845 57.223627, -124.482546 57.224898, -124.483394 57.225575, -124.483824 57.225904, -124.484252 57.22622, -124.485125 57.22683, -124.486031 57.227433, -124.486495 57.227729, -124.487441 57.228316, -124.487939 57.228609, -124.488985 57.229181, -124.489518 57.229458, -124.490051 57.229732, -124.491101 57.230279, -124.491614 57.230552, -124.492598 57.23111, -124.493507 57.2317, -124.493917 57.23201, -124.494925 57.233006, -124.495419 57.233701, -124.495854 57.234399, -124.496087 57.234753, -124.496347 57.235111, -124.496645 57.235475, -124.496973 57.235839, -124.498149 57.236836, -124.500244 57.237915, -124.500797 57.23815, -124.50134 57.238371, -124.501886 57.238582, -124.502436 57.238776, -124.502993 57.238963, -124.504141 57.239384, -124.505273 57.23984, -124.506384 57.240355, -124.507396 57.24086, -124.50786 57.241121, -124.508293 57.241396, -124.5087 57.241689, -124.50909 57.242004, -124.509462 57.242334, -124.509814 57.242665, -124.510945 57.244396, -124.511127 57.245148, -124.511179 57.245524, -124.511298 57.247393, -124.511369 57.248146, -124.511591 57.24925, -124.512005 57.250314, -124.513814 57.252647, -124.514204 57.252949, -124.515778 57.25372, -124.517091 57.254114, -124.51919 57.254595, -124.522028 57.255125, -124.522723 57.255248, -124.5241 57.255481, -124.525472 57.255728, -124.526155 57.255865, -124.527535 57.256189, -124.529477 57.256778, -124.530602 57.257156, -124.531595 57.257603, -124.532409 57.258117, -124.532715 57.258392, -124.533114 57.258972, -124.533021 57.260134, -124.532671 57.260701, -124.532149 57.261593, -124.531987 57.2619, -124.531835 57.262208, -124.531563 57.262826, -124.53132 57.263448, -124.531085 57.264088, -124.530971 57.264418, -124.530751 57.265088, -124.530403 57.26612, -124.530124 57.266812, -124.529984 57.267159, -124.529848 57.267501, -124.529716 57.267836, -124.529585 57.268166, -124.529451 57.268493, -124.529322 57.268819, -124.529198 57.269145, -124.529072 57.269467, -124.528492 57.2708, -124.528341 57.271146, -124.528191 57.271495, -124.527906 57.272199, -124.527774 57.27256, -124.527561 57.2733, -124.52749 57.273681, -124.527453 57.274066, -124.527453 57.274455, -124.52749 57.274841, -124.528097 57.276756, -124.528292 57.277118, -124.528943 57.278326, -124.529493 57.279121, -124.529799 57.279516, -124.530498 57.280289, -124.531303 57.281031, -124.531747 57.281386, -124.532732 57.282091, -124.533268 57.28245, -124.533827 57.282808, -124.534414 57.283152, -124.535647 57.283798, -124.537018 57.284382, -124.538513 57.284888, -124.54011 57.285293, -124.540919 57.285491, -124.541717 57.285678, -124.54251 57.285843, -124.543314 57.285982, -124.546462 57.286498, -124.548776 57.286789, -124.552644 57.287082, -124.554987 57.287097, -124.559608 57.28672, -124.560345 57.286631, -124.561767 57.286417, -124.563149 57.286168, -124.565093 57.285709, -124.565704 57.285522, -124.566288 57.28532, -124.566838 57.285096, -124.567839 57.284589, -124.569018 57.283706, -124.569585 57.283071, -124.569791 57.282753, -124.569938 57.282432, -124.570028 57.282106, -124.570046 57.281791, -124.569992 57.281491, -124.569866 57.2812, -124.568957 57.280489, -124.56733 57.28003, -124.5667 57.27994, -124.565401 57.279802, -124.563461 57.279592, -124.562814 57.279509, -124.561495 57.279319, -124.560188 57.279052, -124.559566 57.278865, -124.558954 57.278667, -124.558372 57.278448, -124.557867 57.278177, -124.557408 57.277878, -124.557001 57.277558, -124.556644 57.277234, -124.556344 57.276895, -124.55612 57.276521, -124.555923 57.27572, -124.555938 57.275311, -124.556005 57.274906, -124.556092 57.274506, -124.556479 57.273354, -124.556864 57.272617, -124.557091 57.27225, -124.557589 57.271536, -124.558176 57.270834, -124.558539 57.270488, -124.558942 57.270157, -124.559388 57.269841, -124.559865 57.269548, -124.560382 57.269287, -124.560932 57.269061, -124.56152 57.268872, -124.562146 57.268726, -124.563417 57.268575, -124.564044 57.268553, -124.564667 57.268547, -124.565282 57.268549, -124.565904 57.268543, -124.5672 57.268462, -124.567843 57.268394, -124.568487 57.268301, -124.569123 57.268172, -124.569744 57.268005, -124.57034 57.267805, -124.570898 57.267574, -124.571411 57.267311, -124.572288 57.266705, -124.572656 57.266368, -124.572992 57.266015, -124.573302 57.26565, -124.573573 57.265275, -124.573814 57.264896, -124.574026 57.264456, -124.574189 57.264116, -124.574318 57.26331, -124.574262 57.262503, -124.573659 57.261365, -124.573295 57.261033, -124.571819 57.260264, -124.571236 57.260073, -124.570637 57.259902, -124.569437 57.259579, -124.568832 57.259426, -124.567618 57.259131, -124.566414 57.258835, -124.565236 57.258539, -124.561824 57.25761, -124.559283 57.256582, -124.558432 57.256058, -124.557358 57.255195, -124.556784 57.254544, -124.556057 57.253102, -124.555922 57.252373, -124.555932 57.251647, -124.555973 57.251286, -124.556034 57.250923, -124.556227 57.250167, -124.556509 57.24938, -124.556817 57.248576, -124.557111 57.247754, -124.55736 57.246925, -124.557585 57.245709, -124.557619 57.245317, -124.557623 57.244934, -124.557593 57.244559, -124.557532 57.244189, -124.557445 57.243825, -124.557198 57.24311, -124.55706 57.242758, -124.556719 57.241694, -124.556641 57.240974, -124.556674 57.240611, -124.556772 57.240261, -124.556935 57.239925, -124.557175 57.239608, -124.557822 57.239035, -124.558215 57.238777, -124.558636 57.238527, -124.559084 57.238283, -124.55957 57.238045, -124.560101 57.237811, -124.56068 57.237583, -124.56131 57.237363, -124.561969 57.23715, -124.562654 57.236944, -124.564081 57.236559, -124.56555 57.236223, -124.56629 57.236072, -124.567779 57.235799, -124.569286 57.235545, -124.570804 57.235316, -124.573097 57.235011, -124.574611 57.234843, -124.576119 57.23472, -124.579889 57.234668, -124.582088 57.234823, -124.582803 57.234897, -124.584223 57.235086, -124.585611 57.235327, -124.588942 57.236056, -124.589592 57.236223, -124.593967 57.237486, -124.596261 57.238317, -124.597305 57.238804, -124.597796 57.239066, -124.598264 57.239339, -124.598708 57.239624, -124.599125 57.239918, -124.599901 57.240522, -124.600962 57.241432, -124.601295 57.241739, -124.601621 57.242045, -124.601943 57.242351, -124.603813 57.244201, -124.604153 57.244516, -124.604505 57.244836, -124.605233 57.245479, -124.606406 57.246435, -124.60979 57.24853, -124.611403 57.249354, -124.612511 57.249891, -124.613594 57.250414, -124.614625 57.250943, -124.615586 57.251485, -124.616483 57.252034, -124.617284 57.252582, -124.617656 57.252857, -124.618019 57.253132, -124.619009 57.253991, -124.619289 57.254294, -124.619887 57.255218, -124.620025 57.255818, -124.619572 57.256924, -124.61932 57.257179, -124.618745 57.257666, -124.61845 57.257908, -124.61816 57.258154, -124.617867 57.258401, -124.617564 57.25865, -124.617263 57.258901, -124.616953 57.259154, -124.616635 57.259406, -124.616313 57.259658, -124.615662 57.260158, -124.615353 57.260409, -124.615054 57.26066, -124.614464 57.261167, -124.614211 57.261394, -124.613888 57.261685, -124.612627 57.263067, -124.612431 57.263363, -124.612137 57.263967, -124.61203 57.265532, -124.612244 57.266137, -124.612409 57.266427, -124.612619 57.266709, -124.612871 57.266985, -124.613152 57.267259, -124.614473 57.268391, -124.614838 57.268677, -124.617022 57.270382, -124.617334 57.270671, -124.618133 57.271868, -124.617894 57.273021, -124.617079 57.273719, -124.61346 57.275257, -124.613059 57.275417, -124.611902 57.275938, -124.610616 57.276702, -124.610011 57.277077, -124.609023 57.277613, -124.607549 57.278366, -124.607201 57.278587, -124.606601 57.279058, -124.606336 57.279941, -124.606889 57.280828, -124.607223 57.281106, -124.607741 57.281424, -124.60853 57.281908, -124.6101 57.282586, -124.611821 57.283158, -124.613025 57.283495, -124.61364 57.283649, -124.614225 57.283818, -124.614811 57.28399, -124.615397 57.284161, -124.615984 57.284333, -124.616584 57.284504, -124.617193 57.284672, -124.618405 57.285012, -124.619009 57.285191, -124.620221 57.285571, -124.620835 57.285774, -124.621436 57.285978, -124.622021 57.286187, -124.622586 57.28641, -124.623133 57.286639, -124.623688 57.28688, -124.624239 57.287131, -124.624788 57.287393, -124.625334 57.287663, -124.62587 57.287937, -124.626404 57.288208, -124.626934 57.288478, -124.627472 57.288747, -124.628016 57.289016, -124.628569 57.289284, -124.629128 57.289552, -124.6297 57.289818, -124.630279 57.290078, -124.630877 57.29034, -124.631478 57.290592, -124.632089 57.290839, -124.632706 57.291076, -124.633334 57.291308, -124.633982 57.291538, -124.63464 57.291766, -124.635998 57.292225, -124.638102 57.292912, -124.640855 57.293918, -124.641521 57.294167, -124.642185 57.294414, -124.643533 57.294912, -124.644214 57.29516, -124.64491 57.295398, -124.645612 57.295631, -124.646319 57.295861, -124.647039 57.296087, -124.64777 57.296309, -124.648506 57.296527, -124.649985 57.296952, -124.651468 57.297376, -124.65439 57.298281, -124.655835 57.298748, -124.657998 57.299433, -124.659435 57.299886, -124.661629 57.300518, -124.667131 57.301578, -124.668791 57.301783, -124.670176 57.301912, -124.670477 57.30194, -124.671328 57.302003, -124.673033 57.302074, -124.67474 57.302093, -124.675598 57.302081, -124.676453 57.302059, -124.678149 57.302003, -124.67981 57.301947, -124.681458 57.301883, -124.683957 57.301846, -124.684792 57.30188, -124.687158 57.302248, -124.689242 57.302962, -124.69213 57.30449, -124.692659 57.304825, -124.6937 57.305503, -124.694223 57.305844, -124.695828 57.30685, -124.696937 57.307494, -124.699805 57.308996, -124.701611 57.309831, -124.702845 57.310344, -124.705379 57.31127, -124.70721 57.311974, -124.708961 57.312741, -124.709501 57.313027, -124.710236 57.313545, -124.710879 57.313998, -124.711547 57.314739, -124.711802 57.315126, -124.71201 57.315524, -124.712294 57.316357, -124.712423 57.317207, -124.712449 57.317632, -124.71271 57.321391, -124.712713 57.321434, -124.712785 57.321845, -124.712864 57.322253, -124.713118 57.323458, -124.713271 57.324248, -124.713335 57.324634, -124.71335 57.327701, -124.713201 57.328459, -124.713022 57.329219, -124.712815 57.329977, -124.712566 57.330736, -124.712284 57.331508, -124.712039 57.332309, -124.711717 57.334815, -124.71176 57.335243, -124.711988 57.336092, -124.712714 57.337292, -124.714515 57.338589, -124.716513 57.339251, -124.717259 57.339401, -124.718804 57.339612, -124.720389 57.339748, -124.721191 57.339801, -124.721992 57.339827, -124.722795 57.339843, -124.723599 57.339856, -124.724402 57.339864, -124.725202 57.339874, -124.726009 57.339883, -124.726822 57.339882, -124.727635 57.339877, -124.728449 57.339874, -124.733272 57.340037, -124.734902 57.340177, -124.736552 57.340367, -124.738205 57.340624, -124.740666 57.341109, -124.745621 57.342197, -124.751108 57.343691, -124.751865 57.34392, -124.753362 57.344395, -124.75486 57.344882, -124.757892 57.345864, -124.761685 57.347078, -124.768712 57.34915, -124.77277 57.350143, -124.774401 57.35051, -124.778451 57.351399, -124.780883 57.351856, -124.781686 57.351992, -124.787283 57.352908, -124.791452 57.35329, -124.795727 57.353246, -124.798257 57.353014, -124.799934 57.352758, -124.803118 57.352013, -124.805209 57.351213, -124.806413 57.350577, -124.807876 57.349544, -124.808582 57.348815, -124.809087 57.348061, -124.809465 57.347307, -124.809761 57.346561, -124.809877 57.346183, -124.809968 57.345801, -124.81004 57.345417, -124.810098 57.345029, -124.810139 57.34464, -124.810165 57.344249, -124.810179 57.343856, -124.810187 57.343461, -124.810192 57.343063, -124.810192 57.342662, -124.810192 57.342257, -124.810193 57.341846, -124.810193 57.341432, -124.810193 57.341014, -124.810195 57.340591, -124.810196 57.340162, -124.810201 57.339724, -124.81021 57.339282, -124.810234 57.338835, -124.810275 57.338388, -124.810332 57.33794, -124.810402 57.337493, -124.810477 57.337046, -124.810637 57.336155, -124.810719 57.335714, -124.810876 57.334842, -124.810936 57.334407, -124.810983 57.333974, -124.811013 57.333539, -124.81102 57.333105, -124.810413 57.330164, -124.809175 57.326228, -124.809298 57.324194, -124.81054 57.322371, -124.811787 57.321133, -124.812646 57.320543, -124.813462 57.320631, -124.814261 57.320744, -124.819505 57.322128, -124.82022 57.322393, -124.820927 57.322664, -124.82163 57.322941, -124.822334 57.323214, -124.823037 57.32348, -124.823735 57.32375, -124.82443 57.324025, -124.825129 57.324306, -124.826554 57.324875, -124.827271 57.325158, -124.827981 57.325447, -124.828711 57.325738, -124.830188 57.326324, -124.830937 57.326606, -124.832452 57.327127, -124.833196 57.327402, -124.833921 57.327717, -124.834669 57.327989, -124.835442 57.328231, -124.836196 57.328518, -124.836944 57.328823, -124.837688 57.32914, -124.838441 57.329447, -124.840751 57.330383, -124.841559 57.330657, -124.846472 57.332298, -124.84817 57.33282, -124.853406 57.334294, -124.854292 57.334525, -124.85788 57.335399, -124.866173 57.337011, -124.870016 57.337658, -124.871967 57.33796, -124.874899 57.338408, -124.876845 57.338718, -124.878806 57.339031, -124.880788 57.339328, -124.881782 57.339474, -124.883769 57.339757, -124.888756 57.340414, -124.889749 57.340542, -124.89672 57.341339, -124.901758 57.341806, -124.903774 57.341947, -124.904773 57.342007, -124.908751 57.342232, -124.912664 57.342398, -124.914567 57.342508, -124.915507 57.342575, -124.917381 57.342739, -124.918314 57.342837, -124.919236 57.342946, -124.920148 57.343069, -124.921923 57.34337, -124.922776 57.34355, -124.923287 57.343677, -124.923606 57.343756, -124.925188 57.344243, -124.925931 57.344526, -124.927297 57.345173, -124.928479 57.345932, -124.929013 57.346341, -124.929523 57.346756, -124.930015 57.347178, -124.931421 57.348473, -124.931748 57.348805, -124.932296 57.349362, -124.933426 57.35073, -124.933719 57.351207, -124.934083 57.352179, -124.933714 57.353986, -124.933053 57.354814, -124.932624 57.355191, -124.932159 57.355545, -124.931672 57.355876, -124.931179 57.356198, -124.930679 57.356517, -124.930176 57.356834, -124.929672 57.357151, -124.929171 57.357468, -124.927699 57.358439, -124.921339 57.362953))"
69,2023-07-29 10:30:57,2023072801,2023,237.1,Non-corrected airborne GPS,1690527600000,1690583460000,Being Held,JA70003000,2370601.4857,6100.2248,122,371458f1-eb1c-4431-985e-7d6e83554ccd,7525628.3203125,10869.4717509161,https://wildfiresituation.nrs.gov.bc.ca/incidents?fireYear=2023&incidentNumber=G60603,"POLYGON ((-123.143968 55.913261, -123.143676 55.913183, -123.143388 55.913101, -123.142818 55.912942, -123.14253 55.91287, -123.142227 55.912813, -123.141909 55.912777, -123.141243 55.912766, -123.140903 55.912785, -123.140569 55.912812, -123.140242 55.912844, -123.139922 55.912877, -123.139606 55.912911, -123.139294 55.912948, -123.138986 55.912987, -123.13868 55.913032, -123.138379 55.913078, -123.138082 55.913128, -123.137789 55.913177, -123.137495 55.913225, -123.137217 55.913265, -123.13691 55.913304, -123.136617 55.913332, -123.136014 55.913341, -123.135708 55.913321, -123.1354 55.913294, -123.135085 55.913265, -123.13477 55.91324, -123.134455 55.913221, -123.134141 55.913205, -123.133828 55.913192, -123.133512 55.913188, -123.133193 55.913195, -123.132217 55.913254, -123.131535 55.913266, -123.130815 55.913171, -123.129874 55.912756, -123.129065 55.912146, -123.129031 55.912124, -123.128367 55.911691, -123.127157 55.910904, -123.125652 55.909394, -123.125224 55.908852, -123.124751 55.908321, -123.124233 55.9078, -123.123968 55.90754, -123.123606 55.907182, -123.123198 55.906849, -123.122336 55.905989, -123.122143 55.905816, -123.121875 55.905583, -123.121328 55.905129, -123.120799 55.904689, -123.119862 55.90382, -123.119241 55.903184, -123.118463 55.902323, -123.118304 55.902099, -123.118072 55.901247, -123.117995 55.900962, -123.118029 55.90084, -123.118114 55.900533, -123.118509 55.899963, -123.118873 55.899643, -123.120141 55.898758, -123.120523 55.898426, -123.122075 55.898882, -123.122423 55.899007, -123.123158 55.89918, -123.123538 55.899232, -123.123914 55.899268, -123.124297 55.899294, -123.124675 55.899309, -123.125054 55.899312, -123.125433 55.899305, -123.125813 55.899288, -123.126192 55.899261, -123.126581 55.899229, -123.126976 55.899193, -123.127379 55.899159, -123.127788 55.899129, -123.128201 55.899107, -123.128616 55.899088, -123.129047 55.899066, -123.129485 55.899038, -123.129931 55.899005, -123.13038 55.89897, -123.130832 55.898934, -123.131747 55.898874, -123.132211 55.898864, -123.132665 55.898879, -123.133108 55.898922, -123.133945 55.899083, -123.134342 55.899193, -123.134723 55.899315, -123.1351 55.899442, -123.135479 55.899565, -123.135874 55.899673, -123.135922 55.899682, -123.140711 55.899907, -123.141268 55.899982, -123.141714 55.899994, -123.142139 55.900037, -123.142598 55.900097, -123.143033 55.900167, -123.143884 55.900336, -123.143889 55.900337, -123.144313 55.900443, -123.144725 55.900568, -123.145123 55.900712, -123.146423 55.901465, -123.146664 55.901687, -123.146878 55.90192, -123.147559 55.90345, -123.147539 55.904698, -123.147469 55.90517, -123.147457 55.905402, -123.147479 55.905633, -123.14783 55.906304, -123.148449 55.906941, -123.14881 55.907747, -123.148977 55.908121, -123.148975 55.908133, -123.148821 55.908876, -123.148612 55.90937, -123.148509 55.909613, -123.148415 55.909852, -123.148335 55.910088, -123.148271 55.910319, -123.148226 55.910547, -123.148194 55.91077, -123.148172 55.910988, -123.148164 55.911172, -123.148163 55.911203, -123.148167 55.911414, -123.14818 55.911624, -123.148193 55.911829, -123.148207 55.91203, -123.148217 55.912226, -123.148224 55.912602, -123.148214 55.912783, -123.148169 55.912959, -123.148053 55.91312, -123.147859 55.91326, -123.14762 55.913381, -123.147328 55.913473, -123.146996 55.91353, -123.146294 55.913567, -123.145941 55.913555, -123.145592 55.913531, -123.145248 55.913495, -123.144911 55.91345, -123.144585 55.913396, -123.144271 55.913333, -123.143968 55.913261))"
70,2023-07-29 10:30:57,2023070401,2023,15176.0,Processed IR image,1688454000000,1688590186000,Out of Control,JA70003000,151759996.1934,107257.1085,124,ffdab031-2bb1-44dd-bc81-b07d8c351c29,492360857.703125,193253.813569637,https://wildfiresituation.nrs.gov.bc.ca/incidents?fireYear=2023&incidentNumber=G60651,"POLYGON ((-124.905718 56.391712, -124.911282 56.395009, -124.914536 56.3984, -124.920835 56.405009, -124.926068 56.407933, -124.926725 56.408602, -124.927473 56.41218, -124.927336 56.412485, -124.922735 56.415, -124.922007 56.422539, -124.922048 56.422586, -124.924166 56.423933, -124.924819 56.424213, -124.929754 56.426439, -124.932667 56.428317, -124.93317 56.428716, -124.933182 56.429312, -124.933172 56.429974, -124.932942 56.430564, -124.931569 56.431198, -124.93106 56.431217, -124.930573 56.431151, -124.93011 56.431018, -124.929189 56.430627, -124.92876 56.430395, -124.928338 56.430151, -124.927483 56.429636, -124.927037 56.429375, -124.926574 56.429105, -124.924151 56.42779, -124.922548 56.427007, -124.921412 56.426526, -124.917719 56.425406, -124.917064 56.425277, -124.916972 56.425263, -124.901121 56.426738, -124.90096 56.426744, -124.90095 56.426743, -124.900793 56.426811, -124.900379 56.426984, -124.899962 56.427144, -124.899547 56.427287, -124.899116 56.427412, -124.898684 56.42752, -124.897745 56.427667, -124.89722 56.427694, -124.896683 56.427693, -124.895595 56.427609, -124.895023 56.427499, -124.894123 56.427229, -124.893662 56.427059, -124.89318 56.426876, -124.892297 56.426505, -124.891892 56.426318, -124.891497 56.426129, -124.89111 56.425938, -124.890736 56.425743, -124.890031 56.425355, -124.889704 56.425171, -124.889395 56.424992, -124.889114 56.424809, -124.888671 56.424401, -124.888456 56.423917, -124.888436 56.423651, -124.888535 56.423064, -124.888732 56.422399, -124.888936 56.42167, -124.889025 56.421285, -124.889098 56.42089, -124.889161 56.420488, -124.889188 56.420076, -124.88919 56.41966, -124.888983 56.418861, -124.888742 56.418487, -124.887983 56.417824, -124.886952 56.417256, -124.885858 56.41673, -124.882271 56.415405, -124.880431 56.414816, -124.879794 56.414666, -124.878511 56.414456, -124.877876 56.414384, -124.877245 56.414339, -124.876038 56.414346, -124.875473 56.414392, -124.874931 56.414461, -124.873885 56.414645, -124.873366 56.414744, -124.872849 56.414846, -124.87234 56.414943, -124.871832 56.41503, -124.871318 56.415099, -124.8708 56.415148, -124.870278 56.415173, -124.869759 56.415176, -124.869244 56.415154, -124.868728 56.415112, -124.868216 56.415047, -124.867696 56.414964, -124.867166 56.414867, -124.866632 56.414761, -124.866087 56.414652, -124.865532 56.41454, -124.864411 56.414299, -124.863848 56.414174, -124.863278 56.41405, -124.861541 56.413688, -124.86094 56.41358, -124.858423 56.413205, -124.857797 56.413089, -124.856634 56.412737, -124.856141 56.412492, -124.855719 56.412213, -124.855045 56.411586, -124.854249 56.410577, -124.85396 56.410255, -124.853348 56.409708, -124.853138 56.409764, -124.8528 56.409884, -124.852129 56.410001, -124.851457 56.410118, -124.851121 56.410176, -124.850783 56.410296, -124.850333 56.410476, -124.849993 56.410658, -124.849765 56.41084, -124.84965 56.410962, -124.849201 56.411081, -124.848976 56.41114, -124.848752 56.4112, -124.848527 56.411259, -124.84819 56.411379, -124.847741 56.411498, -124.847516 56.411558, -124.847292 56.411617, -124.847067 56.411677, -124.846731 56.411735, -124.846725 56.411737, -124.844449 56.411517, -124.844306 56.411495, -124.844172 56.41146, -124.844052 56.411412, -124.843951 56.411352, -124.84387 56.411283, -124.843814 56.411208, -124.843199 56.410109, -124.843215 56.410105, -124.843438 56.410107, -124.843662 56.410047, -124.844223 56.40993, -124.844445 56.409932, -124.84467 56.409872, -124.844895 56.409813, -124.84523 56.409754, -124.845455 56.409695, -124.845791 56.409636, -124.846017 56.409515, -124.846242 56.409456, -124.846468 56.409335, -124.846692 56.409275, -124.846919 56.409155, -124.847255 56.409096, -124.847704 56.408977, -124.848043 56.408796, -124.848381 56.408676, -124.848607 56.408555, -124.848722 56.408433, -124.84906 56.408313, -124.849288 56.408131, -124.849627 56.407949, -124.849744 56.407766, -124.84997 56.407645, -124.850102 56.407506, -124.848377 56.406395, -124.847612 56.405744, -124.84727 56.405396, -124.846949 56.405031, -124.846645 56.404655, -124.846348 56.404272, -124.846045 56.403881, -124.845737 56.403498, -124.84537 56.403129, -124.844952 56.402783, -124.844492 56.40246, -124.843991 56.402162, -124.843474 56.401886, -124.842944 56.401623, -124.842433 56.401359, -124.842237 56.401256, -124.842141 56.401242, -124.841588 56.401114, -124.841033 56.401047, -124.840701 56.400983, -124.840369 56.400918, -124.840035 56.400915, -124.839703 56.400851, -124.83948 56.400849, -124.839037 56.400783, -124.838595 56.400656, -124.83804 56.40059, -124.837862 56.40056, -124.836821 56.398697, -124.836441 56.398545, -124.836442 56.398488, -124.836445 56.398418, -124.836447 56.398348, -124.836512 56.398279, -124.836514 56.398209, -124.836579 56.39814, -124.836645 56.398071, -124.836772 56.398037, -124.836901 56.397968, -124.837092 56.397935, -124.837283 56.397867, -124.837411 56.397833, -124.837459 56.39782, -124.836904 56.397397, -124.83675 56.397284, -124.83658 56.397159, -124.836255 56.39692, -124.834644 56.395728, -124.834321 56.395505, -124.833713 56.395052, -124.833166 56.394576, -124.832646 56.394084, -124.832108 56.393577, -124.831502 56.393081, -124.830834 56.392589, -124.829276 56.391142, -124.82876 56.390452, -124.828305 56.389708, -124.828086 56.389326, -124.827866 56.388941, -124.827625 56.388561, -124.827358 56.388181, -124.826824 56.387421, -124.826283 56.38665, -124.826007 56.386263, -124.825398 56.385506, -124.825059 56.38514, -124.824329 56.384437, -124.823945 56.384095, -124.822626 56.383156, -124.821591 56.382598, -124.821058 56.382328, -124.818907 56.381263, -124.817776 56.380767, -124.816062 56.380058, -124.813834 56.379215, -124.813287 56.379023, -124.812742 56.378839, -124.812199 56.378665, -124.811656 56.378504, -124.811114 56.378357, -124.810567 56.37822, -124.810016 56.37809, -124.809452 56.377974, -124.809257 56.377954, -124.80425 56.38129, -124.803673 56.385291, -124.810025 56.387273, -124.818435 56.389896, -124.818553 56.389922, -124.818662 56.389959, -124.818796 56.390011, -124.818794 56.390083, -124.818854 56.390188, -124.818852 56.390258, -124.818849 56.390328, -124.818911 56.390398, -124.818972 56.390469, -124.818968 56.390574, -124.818903 56.390643, -124.818838 56.390712, -124.818836 56.390782, -124.818707 56.390851, -124.818642 56.39092, -124.818514 56.390954, -124.818386 56.391022, -124.818257 56.391091, -124.81813 56.391125, -124.818067 56.391191, -124.818059 56.391188, -124.81779 56.391204, -124.817645 56.391205, -124.817502 56.391193, -124.795924 56.389676, -124.790736 56.391221, -124.790611 56.391283, -124.790466 56.391331, -124.790305 56.39136, -124.790137 56.391371, -124.789969 56.391362, -124.789808 56.391334, -124.78966 56.391288, -124.778941 56.387076, -124.778914 56.387065, -124.772061 56.384123, -124.755036 56.380855, -124.754897 56.38082, -124.754772 56.380771, -124.754667 56.38071, -124.754583 56.38064, -124.754526 56.380561, -124.754496 56.380479, -124.754494 56.380394, -124.754522 56.380311, -124.754576 56.380232, -124.754657 56.380161, -124.762472 56.374494, -124.761359 56.363287, -124.761363 56.363212, -124.76139 56.363139, -124.761856 56.362239, -124.76122 56.361815, -124.760141 56.361089, -124.759601 56.360727, -124.759059 56.360368, -124.75795 56.359656, -124.756828 56.358955, -124.754631 56.357557, -124.753055 56.356525, -124.750793 56.355274, -124.747956 56.354581, -124.74569 56.354791, -124.744994 56.355004, -124.743393 56.355662, -124.742998 56.356005, -124.742649 56.357623, -124.742412 56.358447, -124.742322 56.358892, -124.742262 56.359327, -124.742243 56.359753, -124.74235 56.360587, -124.742478 56.360995, -124.742658 56.361395, -124.742873 56.361786, -124.74334 56.362506, -124.743547 56.362853, -124.743714 56.363215, -124.743825 56.363602, -124.743892 56.364, -124.743915 56.364408, -124.74387 56.365246, -124.743816 56.365671, -124.743604 56.366919, -124.743422 56.367758, -124.743242 56.368587, -124.743178 56.368994, -124.743132 56.369797, -124.743157 56.370193, -124.743202 56.370583, -124.743258 56.370968, -124.743327 56.371348, -124.743418 56.37172, -124.743544 56.372083, -124.743712 56.372435, -124.743919 56.372777, -124.744161 56.373108, -124.744434 56.373422, -124.744726 56.373718, -124.745023 56.374002, -124.745318 56.374276, -124.745605 56.37454, -124.745882 56.374801, -124.746148 56.375079, -124.746403 56.375377, -124.746867 56.376008, -124.747479 56.376986, -124.74784 56.377639, -124.748093 56.378319, -124.748194 56.379033, -124.748256 56.379761, -124.748357 56.380504, -124.748499 56.381273, -124.748651 56.382051, -124.748751 56.382818, -124.74863 56.383568, -124.74844 56.383927, -124.747788 56.384567, -124.747344 56.38483, -124.746291 56.385252, -124.745711 56.385422, -124.743247 56.386013, -124.741425 56.386555, -124.740849 56.386759, -124.740288 56.386972, -124.739736 56.387186, -124.739185 56.387393, -124.738634 56.387592, -124.738082 56.387784, -124.737526 56.387968, -124.736964 56.388142, -124.736393 56.3883, -124.735216 56.388531, -124.734609 56.388589, -124.733998 56.388602, -124.7334 56.388559, -124.732832 56.388459, -124.732309 56.388305, -124.731834 56.388099, -124.73142 56.38785, -124.731058 56.387564, -124.730522 56.386887, -124.730354 56.386509, -124.730107 56.384887, -124.730141 56.384067, -124.729885 56.382794, -124.729451 56.381968, -124.728399 56.380821, -124.726836 56.379883, -124.725554 56.379389, -124.724924 56.379146, -124.724392 56.378942, -124.723233 56.379451, -124.721662 56.379629, -124.719321 56.379968, -124.717768 56.380196, -124.716208 56.38041, -124.713896 56.380708, -124.712358 56.380884, -124.710807 56.381019, -124.708435 56.381052, -124.707641 56.381005, -124.704606 56.380462, -124.702161 56.379307, -124.701248 56.37801, -124.701164 56.377043, -124.701284 56.37655, -124.701515 56.376068, -124.701849 56.375606, -124.702279 56.375163, -124.702787 56.374741, -124.703972 56.373974, -124.705983 56.372899, -124.706663 56.372546, -124.707979 56.371823, -124.708602 56.371445, -124.709212 56.371072, -124.709149 56.369767, -124.70838 56.368956, -124.707048 56.368412, -124.705412 56.368142, -124.703882 56.368072, -124.703202 56.368061, -124.702421 56.368049, -124.700818 56.368004, -124.700019 56.367966, -124.698446 56.367855, -124.696864 56.367747, -124.695241 56.367685, -124.694424 56.367662, -124.691168 56.367392, -124.688884 56.366824, -124.687516 56.366268, -124.685664 56.36529, -124.683256 56.363928, -124.682643 56.363593, -124.680213 56.362236, -124.679623 56.361883, -124.677989 56.360738, -124.677121 56.359867, -124.676772 56.359402, -124.676276 56.357947, -124.676455 56.35696, -124.677541 56.355574, -124.679243 56.354581, -124.679455 56.354457, -124.682759 56.353425, -124.685921 56.352922, -124.685935 56.352501, -124.685951 56.352029, -124.686393 56.351562, -124.686409 56.35109, -124.686851 56.350623, -124.686867 56.350151, -124.686883 56.34968, -124.686899 56.349208, -124.687341 56.348741, -124.687357 56.34827, -124.687373 56.347798, -124.687388 56.347326, -124.687404 56.346855, -124.68742 56.346383, -124.687436 56.345912, -124.687878 56.345445, -124.687644 56.345173, -124.686137 56.34547, -124.684547 56.345599, -124.683747 56.345595, -124.682154 56.34553, -124.680416 56.344029, -124.680338 56.343592, -124.680681 56.342711, -124.681045 56.342287, -124.681498 56.341879, -124.682555 56.3411, -124.683135 56.340728, -124.683727 56.340335, -124.684325 56.339934, -124.684921 56.339526, -124.685428 56.339181, -124.685446 56.337819, -124.68546 56.33774, -124.685498 56.337664, -124.685561 56.337592, -124.693679 56.330064, -124.68 56.324853, -124.678783 56.324957, -124.677991 56.325044, -124.677189 56.325134, -124.676378 56.32522, -124.675584 56.325303, -124.674811 56.325375, -124.674767 56.325377, -124.674054 56.325417, -124.673301 56.32543, -124.672556 56.32541, -124.671824 56.325363, -124.670487 56.325137, -124.669875 56.32498, -124.669304 56.324783, -124.668735 56.324569, -124.667159 56.323803, -124.666637 56.323531, -124.665603 56.32297, -124.66508 56.32269, -124.663999 56.322152, -124.662819 56.321675, -124.662186 56.321467, -124.661532 56.321275, -124.660862 56.321097, -124.660185 56.320927, -124.65951 56.320759, -124.658832 56.32059, -124.658163 56.320413, -124.656949 56.319984, -124.656413 56.319733, -124.655324 56.318724, -124.654959 56.317899, -124.654914 56.317494, -124.655533 56.316828, -124.655753 56.316432, -124.65667 56.315876, -124.657256 56.315469, -124.657898 56.31509, -124.658628 56.314739, -124.659463 56.314438, -124.660339 56.314109, -124.661263 56.313832, -124.66223 56.31364, -124.663241 56.313516, -124.664277 56.313446, -124.666346 56.313428, -124.667286 56.313432, -124.668892 56.30726, -124.668928 56.307177, -124.668991 56.3071, -124.66908 56.307031, -124.669191 56.306972, -124.66932 56.306926, -124.669462 56.306894, -124.669613 56.306878, -124.670559 56.306825, -124.675037 56.306435, -124.675138 56.306429, -124.677747 56.306384, -124.67775 56.306383, -124.679947 56.306349, -124.680126 56.306357, -124.680546 56.306403, -124.680579 56.306407, -124.68135 56.30651, -124.681405 56.306519, -124.68303 56.306805, -124.683141 56.30683, -124.683244 56.306863, -124.685235 56.307622, -124.704064 56.305294, -124.70455 56.304001, -124.704374 56.303232, -124.704023 56.302145, -124.703448 56.30108, -124.702815 56.300021, -124.702148 56.298949, -124.701359 56.297891, -124.685282 56.296161, -124.681315 56.296077, -124.680297 56.296363, -124.673627 56.296507, -124.666352 56.295289, -124.662556 56.291689, -124.660665 56.29189, -124.658769 56.291697, -124.657043 56.291168, -124.656228 56.290843, -124.655725 56.29075, -124.655582 56.290714, -124.655453 56.290664, -124.655345 56.290601, -124.654767 56.29019, -124.65389 56.289744, -124.652587 56.288792, -124.651309 56.287796, -124.649986 56.286805, -124.648577 56.285865, -124.647129 56.284965, -124.645642 56.284095, -124.644166 56.283255, -124.642812 56.282387, -124.639799 56.281359, -124.636473 56.280224, -124.632849 56.278585, -124.630398 56.277151, -124.629496 56.276134, -124.63127 56.273254, -124.623072 56.269297, -124.618242 56.266432, -124.615125 56.263663, -124.614546 56.262228, -124.612902 56.25359, -124.614692 56.252278, -124.626396 56.244573, -124.629244 56.243371, -124.630974 56.243084, -124.637188 56.243104, -124.638502 56.243075, -124.64145 56.243409, -124.658528 56.239002, -124.659108 56.236428, -124.657854 56.233355, -124.658698 56.232387, -124.660178 56.231663, -124.662142 56.231497, -124.67178 56.233737, -124.678112 56.235319, -124.682791 56.236664, -124.687522 56.238773, -124.690765 56.240655, -124.691259 56.241376, -124.691512 56.242348, -124.690927 56.249937, -124.692114 56.249847, -124.693674 56.251252, -124.692842 56.252573, -124.699982 56.257095, -124.701438 56.257372, -124.702495 56.258633, -124.708531 56.259517, -124.709636 56.2595, -124.711981 56.259345, -124.714337 56.259293, -124.716681 56.259446, -124.718955 56.25986, -124.721096 56.260501, -124.721318 56.260596, -124.721622 56.260596, -124.721772 56.260603, -124.721917 56.260625, -124.722052 56.260663, -124.724003 56.261332, -124.725932 56.261498, -124.725931 56.261539, -124.725924 56.261756, -124.725918 56.261919, -124.725815 56.262081, -124.72581 56.262244, -124.725708 56.262352, -124.725705 56.262461, -124.725701 56.262569, -124.725699 56.26263, -124.726823 56.263147, -124.729098 56.263792, -124.731637 56.264119, -124.734294 56.264096, -124.736783 56.263613, -124.739039 56.262997, -124.741265 56.262557, -124.743503 56.262385, -124.745606 56.262701, -124.745744 56.26277, -124.750117 56.261038, -124.750252 56.260994, -124.751053 56.260792, -124.751188 56.260766, -124.75133 56.260753, -124.751473 56.260754, -124.751613 56.26077, -124.751746 56.260798, -124.752156 56.26091, -124.752825 56.261001, -124.752814 56.261019, -124.752811 56.261112, -124.752807 56.261251, -124.752804 56.261344, -124.752632 56.261482, -124.752545 56.261574, -124.752458 56.261666, -124.752286 56.261803, -124.75228 56.261989, -124.752188 56.262267, -124.75218 56.262499, -124.752173 56.262731, -124.752167 56.262917, -124.752163 56.263056, -124.752103 56.263179, -124.751904 56.263286, -124.751732 56.263423, -124.751645 56.263516, -124.751475 56.263607, -124.751305 56.263652, -124.751051 56.263742, -124.750882 56.263787, -124.750544 56.263876, -124.750375 56.263921, -124.75012 56.264011, -124.749951 56.264056, -124.749781 56.264148, -124.749612 56.264192, -124.749441 56.264284, -124.749272 56.264328, -124.7491 56.264466, -124.748928 56.264604, -124.748841 56.264696, -124.748838 56.264788, -124.74875 56.264927, -124.748747 56.26502, -124.748743 56.265159, -124.748738 56.265298, -124.748735 56.265391, -124.748732 56.265484, -124.748645 56.265576, -124.748642 56.265669, -124.748639 56.265762, -124.748637 56.265855, -124.748632 56.265994, -124.748628 56.266133, -124.748624 56.266261, -124.748818 56.266903, -124.749706 56.268036, -124.751208 56.268989, -124.753287 56.269595, -124.755662 56.269825, -124.758098 56.269631, -124.760423 56.269063, -124.762462 56.268181, -124.764126 56.267081, -124.765754 56.265938, -124.767437 56.264801, -124.767866 56.264519, -124.767876 56.264509, -124.767963 56.264417, -124.768051 56.264279, -124.768221 56.264187, -124.76831 56.264049, -124.76848 56.263958, -124.768651 56.263866, -124.768737 56.263774, -124.768908 56.263683, -124.769077 56.263638, -124.769164 56.263546, -124.769334 56.263455, -124.769505 56.263364, -124.769581 56.263283, -124.769724 56.263302, -124.770853 56.262567, -124.772537 56.261458, -124.774077 56.260344, -124.775552 56.259304, -124.777265 56.258518, -124.779251 56.258208, -124.781005 56.258495, -124.782048 56.259286, -124.782049 56.260248, -124.781179 56.261063, -124.780052 56.261732, -124.778888 56.26233, -124.777512 56.262853, -124.777236 56.262959, -124.77092 56.268666, -124.771647 56.269896, -124.771408 56.270075, -124.771147 56.270249, -124.770886 56.270424, -124.770627 56.270527, -124.770369 56.270631, -124.770174 56.270735, -124.770044 56.270805, -124.769914 56.270874, -124.769784 56.270944, -124.769654 56.271013, -124.769524 56.271083, -124.769394 56.271152, -124.769264 56.271222, -124.769198 56.271292, -124.769067 56.271397, -124.768872 56.271501, -124.768741 56.271606, -124.768483 56.271709, -124.768354 56.271744, -124.768095 56.271847, -124.768013 56.271862, -124.767607 56.272679, -124.767613 56.273885, -124.768357 56.275117, -124.769794 56.276246, -124.771661 56.277245, -124.773739 56.278131, -124.774189 56.278345, -124.774407 56.278347, -124.774598 56.278349, -124.774726 56.27835, -124.774918 56.278352, -124.775045 56.278353, -124.775237 56.278355, -124.775429 56.278357, -124.775556 56.278358, -124.775684 56.278359, -124.775811 56.278396, -124.775938 56.278397, -124.77613 56.278399, -124.77632 56.278436, -124.776575 56.278474, -124.776735 56.278498, -124.779104 56.27949, -124.779103 56.279507, -124.779097 56.279705, -124.77927 56.279905, -124.779261 56.280202, -124.779255 56.280401, -124.779245 56.280698, -124.779239 56.280896, -124.779233 56.281094, -124.779406 56.281294, -124.779751 56.281694, -124.780103 56.281896, -124.780455 56.282098, -124.780807 56.282299, -124.78098 56.282499, -124.781335 56.282602, -124.781686 56.282803, -124.782041 56.282906, -124.782393 56.283108, -124.782745 56.283309, -124.783103 56.283313, -124.783637 56.283417, -124.784174 56.283422, -124.784532 56.283425, -124.784893 56.28333, -124.785251 56.283333, -124.785609 56.283336, -124.785967 56.28334, -124.786325 56.283343, -124.786859 56.283448, -124.787217 56.283451, -124.787572 56.283553, -124.78793 56.283557, -124.788285 56.283659, -124.788643 56.283663, -124.788998 56.283765, -124.789356 56.283769, -124.789714 56.283772, -124.790072 56.283775, -124.790433 56.28368, -124.790794 56.283584, -124.791155 56.283488, -124.79134 56.283292, -124.791525 56.283095, -124.791886 56.282999, -124.79189 56.282998, -124.793092 56.283328, -124.799828 56.28254, -124.799911 56.282532, -124.806091 56.282174, -124.806252 56.282173, -124.80641 56.282191, -124.806558 56.282225, -124.806692 56.282275, -124.814702 56.285952, -124.814809 56.286011, -124.815304 56.286341, -124.816719 56.286959, -124.816508 56.287072, -124.816033 56.287326, -124.815726 56.287491, -124.815462 56.287439, -124.814977 56.287368, -124.814491 56.287363, -124.814129 56.287292, -124.813764 56.287289, -124.8134 56.287286, -124.813157 56.287283, -124.812914 56.287281, -124.812671 56.287279, -124.812428 56.287277, -124.812063 56.287273, -124.811698 56.28727, -124.811334 56.287266, -124.810969 56.287263, -124.810726 56.287261, -124.81036 56.287325, -124.810117 56.287322, -124.809874 56.28732, -124.809629 56.287385, -124.809385 56.287383, -124.80914 56.287448, -124.808774 56.287512, -124.808529 56.287577, -124.808284 56.287642, -124.807917 56.287706, -124.80755 56.28777, -124.807184 56.287834, -124.806817 56.287897, -124.806448 56.288029, -124.80663 56.288623, -124.807833 56.289349, -124.808445 56.289748, -124.809072 56.290157, -124.809725 56.290568, -124.810397 56.290983, -124.811868 56.291719, -124.812678 56.292023, -124.814353 56.291939, -124.814479 56.291805, -124.814726 56.291673, -124.814973 56.291541, -124.815342 56.291409, -124.815416 56.29133, -124.815679 56.291332, -124.816142 56.291466, -124.816842 56.291473, -124.817543 56.291479, -124.818244 56.291486, -124.818707 56.291619, -124.81917 56.291753, -124.819637 56.291757, -124.820338 56.291764, -124.821038 56.29177, -124.821505 56.291774, -124.821972 56.291779, -124.822439 56.291783, -124.823136 56.291919, -124.823603 56.291923, -124.82407 56.291927, -124.824771 56.291934, -124.825242 56.291809, -124.825709 56.291813, -124.826176 56.291817, -124.82711 56.291826, -124.827577 56.29183, -124.827872 56.291833, -124.830737 56.293085, -124.837378 56.293531, -124.837549 56.293553, -124.843187 56.294651, -124.84397 56.294641, -124.845709 56.294601, -124.847416 56.294536, -124.849096 56.294474, -124.849923 56.294448, -124.851561 56.294409, -124.853969 56.294407, -124.85475 56.294432, -124.859966 56.294835, -124.862722 56.295235, -124.863348 56.295368, -124.864828 56.295913, -124.865118 56.296159, -124.865171 56.296265, -124.865498 56.29628, -124.865663 56.296297, -124.865818 56.296332, -124.865957 56.296385, -124.866073 56.296452, -124.866161 56.296531, -124.866218 56.296619, -124.866242 56.296711, -124.86623 56.296804, -124.865852 56.297995, -124.865709 56.297994, -124.865004 56.298117, -124.864537 56.298113, -124.863833 56.298236, -124.863362 56.298361, -124.862657 56.298484, -124.86219 56.29848, -124.861719 56.298605, -124.861252 56.298601, -124.860781 56.298726, -124.86047 56.298809, -124.858725 56.2997, -124.858234 56.300755, -124.858198 56.301093, -124.85837 56.301291, -124.858596 56.301552, -124.859056 56.301815, -124.859516 56.302078, -124.859742 56.302338, -124.859734 56.302597, -124.859727 56.302855, -124.859719 56.303114, -124.859711 56.303373, -124.859704 56.303631, -124.859696 56.30389, -124.859455 56.304146, -124.858981 56.304401, -124.858506 56.304655, -124.858031 56.30491, -124.858257 56.30517, -124.85825 56.305429, -124.858713 56.305562, -124.859177 56.305696, -124.859644 56.3057, -124.860111 56.305704, -124.860808 56.30584, -124.861275 56.305844, -124.861743 56.305848, -124.86221 56.305852, -124.862673 56.305986, -124.863141 56.30599, -124.862911 56.307279, -124.86287 56.307361, -124.862802 56.307437, -124.862709 56.307505, -124.862595 56.307562, -124.862463 56.307606, -124.859472 56.308395, -124.85936 56.30842, -124.855639 56.309818, -124.854277 56.310203, -124.853714 56.310237, -124.846363 56.308402, -124.839117 56.307784, -124.828279 56.307762, -124.827307 56.307822, -124.827174 56.307824, -124.827043 56.307814, -124.823681 56.307404, -124.819038 56.307552, -124.80841 56.316986, -124.808987 56.319024, -124.810848 56.322122, -124.811254 56.322578, -124.819745 56.328746, -124.822581 56.33047, -124.826181 56.332636, -124.826201 56.332649, -124.827712 56.333629, -124.827797 56.333696, -124.827859 56.333771, -124.827896 56.333851, -124.827905 56.333933, -124.827894 56.334133, -124.828538 56.334441, -124.828848 56.334634, -124.82909 56.334787, -124.827971 56.335167, -124.827835 56.335224, -124.827829 56.335344, -124.827807 56.335433, -124.827755 56.335519, -124.827672 56.335596, -124.827563 56.335663, -124.827432 56.335716, -124.827285 56.335754, -124.820365 56.337085, -124.82014 56.33711, -124.811237 56.337362, -124.811218 56.337362, -124.810218 56.337377, -124.810067 56.337372, -124.809366 56.337309, -124.809195 56.337358, -124.808578 56.337518, -124.807959 56.337654, -124.807332 56.337767, -124.806699 56.337849, -124.806058 56.337907, -124.805412 56.337946, -124.804763 56.337975, -124.804112 56.338019, -124.803485 56.33807, -124.802336 56.338191, -124.801752 56.338291, -124.801099 56.340109, -124.801065 56.340504, -124.801088 56.340907, -124.801135 56.341322, -124.80133 56.342156, -124.801476 56.342573, -124.802106 56.343784, -124.802694 56.344562, -124.803497 56.345268, -124.804526 56.345841, -124.806391 56.346397, -124.807048 56.346516, -124.80901 56.346786, -124.810342 56.346976, -124.811012 56.347082, -124.81235 56.347309, -124.813684 56.347588, -124.816993 56.348396, -124.819034 56.348864, -124.820264 56.349227, -124.820305 56.349239, -124.821312 56.349797, -124.821718 56.350022, -124.822257 56.351074, -124.822302 56.351474, -124.822321 56.35277, -124.822296 56.353622, -124.82231 56.353914, -124.823387 56.358351, -124.82358 56.358622, -124.824064 56.358944, -124.825071 56.359589, -124.826003 56.360268, -124.826821 56.361001, -124.827508 56.36178, -124.827846 56.36239, -124.828896 56.364284, -124.829418 56.365559, -124.83132 56.368938, -124.832198 56.370193, -124.832557 56.37059, -124.835144 56.372162, -124.836486 56.372538, -124.841904 56.373801, -124.843128 56.374224, -124.844335 56.374634, -124.845577 56.375005, -124.847548 56.375484, -124.849575 56.375888, -124.850919 56.376131, -124.851591 56.37625, -124.852939 56.376492, -124.853607 56.376605, -124.85427 56.376702, -124.854925 56.376788, -124.855568 56.376855, -124.856204 56.376902, -124.856845 56.376935, -124.857493 56.37696, -124.858129 56.376977, -124.858755 56.376982, -124.859365 56.376975, -124.859959 56.376966, -124.860542 56.376956, -124.861109 56.376954, -124.862145 56.377039, -124.862607 56.377155, -124.863471 56.377527, -124.865209 56.378516, -124.865253 56.378542, -124.878302 56.379212, -124.87845 56.379227, -124.87859 56.379257, -124.878718 56.379301, -124.878829 56.379357, -124.878919 56.379424, -124.878985 56.379498, -124.879025 56.379578, -124.879108 56.379831, -124.880062 56.380247, -124.880031 56.38028, -124.879826 56.380498, -124.87982 56.380718, -124.879814 56.380937, -124.879804 56.381267, -124.879795 56.381596, -124.879788 56.381816, -124.879782 56.382036, -124.879776 56.382255, -124.87977 56.382475, -124.879763 56.382695, -124.879953 56.383026, -124.879946 56.383246, -124.880139 56.383467, -124.880331 56.383688, -124.880521 56.38402, -124.88071 56.384351, -124.880903 56.384572, -124.880897 56.384792, -124.881089 56.385013, -124.881282 56.385235, -124.881474 56.385456, -124.881667 56.385678, -124.882058 56.385901, -124.882251 56.386122, -124.882841 56.386347, -124.883236 56.38646, -124.883624 56.386793, -124.884015 56.387016, -124.884413 56.38702, -124.884808 56.387133, -124.885205 56.387137, -124.8856 56.38725, -124.886193 56.387365, -124.886591 56.387368, -124.886989 56.387372, -124.887387 56.387375, -124.887781 56.387489, -124.888378 56.387494, -124.888974 56.387499, -124.889372 56.387502, -124.889773 56.387396, -124.890171 56.387399, -124.890568 56.387403, -124.890969 56.387296, -124.891367 56.3873, -124.891771 56.387084, -124.89237 56.386979, -124.892771 56.386873, -124.893172 56.386766, -124.893573 56.38666, -124.893977 56.386444, -124.894158 56.386395, -124.894846 56.386695, -124.90043 56.379892, -124.900512 56.379814, -124.900621 56.379747, -124.900752 56.379693, -124.9009 56.379655, -124.901059 56.379633, -124.901222 56.37963, -124.901384 56.379645, -124.901536 56.379678, -124.901674 56.379727, -124.901791 56.37979, -124.901882 56.379864, -124.901945 56.379948, -124.901976 56.380036, -124.903739 56.390619, -124.905718 56.391712))"
71,2023-07-29 10:30:57,2023070801,2023,3020.7,Non-corrected airborne GPS,1688799600000,1688865429000,Under Control,JA70003000,30206635.1255,28217.3737,126,163a7f87-c5d9-48e5-994c-c301e3e51ec8,96361306.40625,50404.1519772092,https://wildfiresituation.nrs.gov.bc.ca/incidents?fireYear=2023&incidentNumber=G60655,"POLYGON ((-124.132157 56.006819, -124.126339 56.00805, -124.121151 56.008812, -124.11722 56.011214, -124.116277 56.012591, -124.115491 56.015462, -124.114285 56.018538, -124.113758 56.020736, -124.112852 56.021634, -124.111088 56.022229, -124.10721 56.021819, -124.102493 56.021966, -124.098457 56.023313, -124.093111 56.025978, -124.091277 56.02674, -124.090989 56.026868, -124.088133 56.028145, -124.081896 56.028995, -124.078279 56.027062, -124.071592 56.026488, -124.068374 56.026212, -124.063133 56.027466, -124.062018 56.027979, -124.05993 56.028938, -124.058146 56.02921, -124.057781 56.02631, -124.057913 56.02547, -124.058308 56.022957, -124.057133 56.021076, -124.057001 56.020964, -124.049712 56.014753, -124.047158 56.011466, -124.046899 56.01021, -124.046631 56.008905, -124.044441 56.005913, -124.041765 56.003668, -124.039699 56.003479, -124.039535 56.003464, -124.037386 56.001854, -124.037062 56.000494, -124.036976 56.000279, -124.036373 55.998771, -124.035562 55.996299, -124.035359 55.994757, -124.035764 55.993193, -124.038076 55.991356, -124.038643 55.989904, -124.037994 55.988702, -124.034913 55.987772, -124.033899 55.986492, -124.033494 55.985981, -124.033332 55.984302, -124.034426 55.98378, -124.034765 55.983637, -124.035764 55.983213, -124.034932 55.982883, -124.034791 55.982828, -124.030777 55.981512, -124.030007 55.980491, -124.030656 55.977519, -124.033697 55.974797, -124.03459 55.974455, -124.037369 55.973392, -124.03767 55.973277, -124.039657 55.972982, -124.041684 55.973118, -124.044239 55.97305, -124.049348 55.973141, -124.052672 55.973277, -124.056687 55.972483, -124.05843 55.971825, -124.060376 55.971938, -124.06481 55.973854, -124.067194 55.974215, -124.069579 55.975171, -124.070997 55.975874, -124.071996 55.976307, -124.074478 55.977136, -124.076669 55.977966, -124.079602 55.978687, -124.080504 55.980093, -124.081535 55.980328, -124.082335 55.981088, -124.083027 55.981366, -124.084191 55.981875, -124.084384 55.981959, -124.085082 55.982242, -124.085442 55.982265, -124.085564 55.982329, -124.086917 55.982617, -124.088464 55.982906, -124.08956 55.983375, -124.092267 55.983735, -124.093878 55.983897, -124.095812 55.983807, -124.097745 55.983645, -124.099053 55.983343, -124.099228 55.983302, -124.100033 55.983393, -124.100839 55.983393, -124.102226 55.983621, -124.103031 55.983753, -124.104577 55.984006, -124.105995 55.984096, -124.107442 55.984422, -124.108155 55.984582, -124.109927 55.984871, -124.111861 55.985195, -124.112828 55.985466, -124.114536 55.985628, -124.117629 55.986295, -124.11908 55.986836, -124.119101 55.986842, -124.120949 55.987377, -124.122528 55.988404, -124.127595 55.989257, -124.129699 55.989682, -124.131219 55.990418, -124.132505 55.990467, -124.13392 55.990785, -124.135194 55.991072, -124.137181 55.991791, -124.138526 55.992952, -124.138994 55.993246, -124.139958 55.993491, -124.141653 55.994014, -124.142647 55.994276, -124.143269 55.994677, -124.143577 55.994698, -124.144024 55.995065, -124.144284 55.995191, -124.144274 55.995271, -124.144167 55.996139, -124.144109 55.9973, -124.143641 55.99779, -124.143933 55.997987, -124.143962 55.998559, -124.14481 55.998755, -124.145716 55.998935, -124.146768 55.998755, -124.148464 55.998362, -124.149399 55.997513, -124.150363 55.996875, -124.152315 55.995254, -124.152365 55.99525, -124.152643 55.995764, -124.152146 55.996581, -124.152205 55.99712, -124.153082 55.997774, -124.153082 55.998411, -124.153374 55.998689, -124.154426 55.998673, -124.156879 55.999726, -124.156932 56.000103, -124.156954 56.000116, -124.156969 56.000487, -124.15808 56.001304, -124.159483 56.002203, -124.159999 56.002184, -124.161646 56.002122, -124.16413 56.002645, -124.165387 56.003053, -124.165387 56.003789, -124.166381 56.00441, -124.167141 56.004933, -124.166478 56.00523, -124.16565 56.005603, -124.168351 56.005943, -124.170012 56.006152, -124.16874 56.006395, -124.166706 56.006785, -124.163307 56.007313, -124.163401 56.009267, -124.163305 56.010635, -124.163213 56.011943, -124.15835 56.011918, -124.158257 56.011918, -124.152387 56.012679, -124.149557 56.014525, -124.148743 56.017312, -124.14852 56.017436, -124.14633 56.017873, -124.144316 56.018275, -124.141147 56.016835, -124.140962 56.016751, -124.138236 56.014466, -124.137555 56.012943, -124.135878 56.010951, -124.13462 56.009105, -124.132157 56.006819))"
72,2023-07-29 10:30:57,2023072601,2023,50700.0,Derived from satellite imagery,1690354800000,1690473395000,Out of Control,JA70003000,507000281.5506,203016.4893,127,cb7ef36a-1ecc-4d3b-bf68-8229b2637679,1615915478.78906,362560.366536958,https://wildfiresituation.nrs.gov.bc.ca/incidents?fireYear=2023&incidentNumber=G60666,"POLYGON ((-124.856003 56.163604, -124.849987 56.163479, -124.84661 56.165084, -124.844379 56.166914, -124.841902 56.168385, -124.839858 56.168224, -124.838264 56.165791, -124.837291 56.164075, -124.833748 56.16262, -124.830854 56.160886, -124.826793 56.159639, -124.826687 56.161061, -124.823334 56.161813, -124.819735 56.162277, -124.815495 56.162736, -124.81168 56.161847, -124.80786 56.1611, -124.808038 56.159465, -124.809873 56.15806, -124.810422 56.156856, -124.808937 56.155135, -124.806164 56.153686, -124.801702 56.153075, -124.797317 56.154101, -124.794078 56.15535, -124.790862 56.155818, -124.788658 56.156722, -124.786438 56.158123, -124.784339 56.159739, -124.781474 56.161277, -124.779132 56.162464, -124.776298 56.163006, -124.772371 56.161616, -124.76857 56.160299, -124.76499 56.160122, -124.760381 56.160078, -124.756673 56.159899, -124.753922 56.15781, -124.750179 56.154714, -124.746957 56.151339, -124.744212 56.149107, -124.741462 56.147017, -124.740603 56.14587, -124.74178 56.145099, -124.741861 56.142539, -124.739992 56.140956, -124.735276 56.14034, -124.730542 56.140293, -124.726452 56.14011, -124.717802 56.138458, -124.715755 56.136701, -124.715238 56.136656, -124.714272 56.136681, -124.713717 56.136775, -124.712972 56.136769, -124.71204 56.136762, -124.711068 56.136677, -124.710296 56.13662, -124.708756 56.136508, -124.707644 56.136501, -124.706369 56.136274, -124.706004 56.136198, -124.704437 56.136048, -124.703754 56.136083, -124.703054 56.135997, -124.70268 56.135815, -124.70161 56.135734, -124.701061 56.135577, -124.699767 56.135242, -124.699386 56.135044, -124.698455 56.134775, -124.697495 56.13444, -124.696712 56.134166, -124.696344 56.134174, -124.69516 56.133647, -124.694202 56.133476, -124.693185 56.132972, -124.69199 56.132648, -124.691375 56.132388, -124.690341 56.131889, -124.689363 56.131452, -124.688629 56.131188, -124.687586 56.131182, -124.685629 56.130859, -124.685081 56.130698, -124.684166 56.130371, -124.683437 56.130132, -124.682548 56.130239, -124.681288 56.130176, -124.680032 56.130137, -124.67914 56.130262, -124.678239 56.130356, -124.676974 56.130488, -124.676431 56.130545, -124.675525 56.130642, -124.674617 56.130739, -124.673687 56.130634, -124.672751 56.130503, -124.671618 56.130121, -124.670137 56.130033, -124.669585 56.13005, -124.669215 56.130055, -124.668106 56.130065, -124.666812 56.130074, -124.66551 56.12999, -124.663859 56.130126, -124.6622 56.130237, -124.661279 56.130328, -124.659985 56.130437, -124.658874 56.130499, -124.658318 56.13053, -124.657204 56.130601, -124.656275 56.130673, -124.655346 56.13087, -124.653294 56.131154, -124.651798 56.13141, -124.650855 56.131779, -124.649916 56.131869, -124.649176 56.131516, -124.648995 56.13098, -124.648627 56.130578, -124.648445 56.130178, -124.647709 56.129536, -124.647165 56.128754, -124.646806 56.128103, -124.646082 56.127087, -124.645548 56.126187, -124.645374 56.125792, -124.644842 56.125021, -124.644501 56.124103, -124.643961 56.123433, -124.643782 56.123105, -124.64361 56.122722, -124.642738 56.121993, -124.641885 56.120787, -124.641363 56.120386, -124.641022 56.119878, -124.640491 56.11954, -124.639604 56.119002, -124.638896 56.118467, -124.637829 56.118046, -124.636938 56.117447, -124.636577 56.117069, -124.636577 56.116972, -124.635505 56.116296, -124.634969 56.115817, -124.634967 56.115534, -124.634251 56.115157, -124.633715 56.114776, -124.633003 56.114106, -124.62539 56.108058, -124.611006 56.109602, -124.585863 56.121753, -124.56789 56.133628, -124.559219 56.14281, -124.562446 56.142981, -124.563277 56.142921, -124.564415 56.143153, -124.565401 56.143136, -124.566197 56.143113, -124.567195 56.143082, -124.567964 56.143191, -124.568861 56.143582, -124.569136 56.144123, -124.568918 56.144691, -124.56879 56.144831, -124.569937 56.145112, -124.572478 56.145653, -124.574931 56.145794, -124.576684 56.145472, -124.577943 56.144632, -124.578416 56.142873, -124.580801 56.142046, -124.582859 56.141785, -124.58533 56.141414, -124.587078 56.141206, -124.589529 56.141403, -124.591765 56.141883, -124.593149 56.143265, -124.592811 56.144115, -124.591765 56.144729, -124.589998 56.145449, -124.587627 56.145878, -124.585156 56.146249, -124.583506 56.146572, -124.582468 56.146959, -124.581716 56.147918, -124.581263 56.149108, -124.580602 56.15041, -124.57804 56.150438, -124.576828 56.14997, -124.576138 56.149222, -124.575116 56.149154, -124.571756 56.148604, -124.569324 56.147894, -124.566793 56.147068, -124.56475 56.146932, -124.563444 56.147327, -124.563584 56.147677, -124.564301 56.148064, -124.564581 56.148609, -124.564434 56.1494, -124.56383 56.150469, -124.562798 56.151267, -124.562134 56.151662, -124.561483 56.151932, -124.560431 56.152208, -124.559591 56.152466, -124.558574 56.152492, -124.557732 56.152649, -124.556914 56.152675, -124.556119 56.152571, -124.555529 56.15246, -124.554168 56.152116, -124.553411 56.151972, -124.552437 56.151848, -124.551691 56.151487, -124.550951 56.151123, -124.550894 56.150459, -124.55037 56.150079, -124.549887 56.149555, -124.549233 56.148904, -124.548777 56.148255, -124.547861 56.147879, -124.546857 56.147899, -124.545823 56.148049, -124.545189 56.148193, -124.544159 56.148338, -124.54295 56.148465, -124.541967 56.148461, -124.541012 56.148432, -124.540006 56.14845, -124.5392 56.148466, -124.538095 56.148089, -124.537393 56.147706, -124.536743 56.147074, -124.536263 56.14647, -124.536361 56.145977, -124.536239 56.145608, -124.536078 56.144899, -124.535911 56.144198, -124.535447 56.14379, -124.534782 56.143389, -124.533819 56.14328, -124.533897 56.142346, -124.534087 56.141685, -124.534443 56.14115, -124.534797 56.140616, -124.534905 56.140225, -124.535826 56.139705, -124.536394 56.139054, -124.536504 56.138665, -124.533192 56.132327, -124.518974 56.128283, -124.517732 56.127442, -124.51736 56.12684, -124.517139 56.126359, -124.516918 56.12588, -124.516808 56.12564, -124.516214 56.125164, -124.515579 56.124809, -124.514866 56.124695, -124.514116 56.124701, -124.513405 56.124584, -124.51329 56.122103, -124.516303 56.119835, -124.515105 56.113813, -124.514946 56.112032, -124.517848 56.108329, -124.520119 56.105348, -124.520195 56.102431, -124.522931 56.099979, -124.524787 56.097975, -124.526804 56.094951, -124.529127 56.092578, -124.538369 56.086095, -124.538005 56.085104, -124.538101 56.08472, -124.538393 56.084326, -124.538777 56.083637, -124.539068 56.083245, -124.539252 56.082659, -124.538844 56.082367, -124.538539 56.082035, -124.538236 56.081558, -124.538009 56.081202, -124.537877 56.080874, -124.537728 56.080469, -124.537606 56.079971, -124.537434 56.079493, -124.537528 56.079122, -124.537472 56.078747, -124.537416 56.078373, -124.537099 56.077893, -124.537083 56.077424, -124.537 56.07681, -124.536732 56.076288, -124.536731 56.076037, -124.536579 56.075615, -124.536296 56.075267, -124.536014 56.074919, -124.535875 56.074577, -124.535633 56.074217, -124.535635 56.07405, -124.535302 56.073419, -124.534965 56.072875, -124.534734 56.072516, -124.534276 56.07188, -124.534161 56.07124, -124.534089 56.070967, -124.534109 56.070421, -124.533763 56.069972, -124.533719 56.069611, -124.533685 56.069248, -124.533725 56.068784, -124.53356 56.068334, -124.533532 56.067973, -124.53332 56.067537, -124.533056 56.067196, -124.532654 56.066933, -124.532447 56.06658, -124.532434 56.066137, -124.532518 56.065873, -124.532688 56.065344, -124.532801 56.064993, -124.532857 56.064818, -124.532998 56.064379, -124.532982 56.063943, -124.532777 56.063595, -124.532601 56.063161, -124.532429 56.062727, -124.532257 56.062295, -124.532187 56.062036, -124.532046 56.061519, -124.532005 56.061174, -124.53205 56.060573, -124.532194 56.060145, -124.532309 56.059803, -124.532295 56.059377, -124.532381 56.059122, -124.532272 56.058528, -124.532264 56.058104, -124.532284 56.057598, -124.532334 56.057008, -124.532172 56.056589, -124.53213 56.056254, -124.532168 56.055671, -124.531817 56.05534, -124.531647 56.054926, -124.53145 56.054596, -124.531434 56.054183, -124.531363 56.053936, -124.530986 56.053356, -124.530851 56.052943, -124.530589 56.052373, -124.530643 56.052209, -124.530623 56.051881, -124.53053 56.05139, -124.530536 56.050905, -124.530344 56.050583, -124.530305 56.05026, -124.529977 56.049938, -124.518758 56.043179, -124.514601 56.040476, -124.508911 56.038053, -124.505528 56.037286, -124.498556 56.038207, -124.495353 56.0361, -124.495453 56.033248, -124.49605 56.031067, -124.499859 56.028237, -124.50529 56.023995, -124.507758 56.019534, -124.503509 56.019001, -124.501929 56.017705, -124.49988 56.016323, -124.498032 56.014637, -124.49716 56.013164, -124.496683 56.011816, -124.496322 56.010045, -124.49579 56.007719, -124.494101 56.005251, -124.492931 56.003295, -124.490553 56.000098, -124.485678 55.995395, -124.481641 55.992333, -124.479461 55.989656, -124.477304 55.985913, -124.476083 55.983535, -124.473988 55.985488, -124.472341 55.986544, -124.468816 55.986322, -124.467622 55.983978, -124.465499 55.980726, -124.465227 55.979468, -124.466246 55.978046, -124.468521 55.977357, -124.472108 55.975966, -124.474033 55.975492, -124.473886 55.971813, -124.473482 55.968244, -124.473605 55.965417, -124.473473 55.964008, -124.474255 55.961515, -124.47552 55.95888, -124.476064 55.957057, -124.47729 55.954786, -124.477008 55.951128, -124.473633 55.948843, -124.47042 55.947917, -124.468432 55.947025, -124.466779 55.947762, -124.461221 55.950383, -124.457971 55.951419, -124.450842 55.953125, -124.450905 55.951512, -124.45228 55.949199, -124.459449 55.946419, -124.461941 55.944386, -124.46016 55.943733, -124.454544 55.941036, -124.449527 55.938179, -124.446607 55.938376, -124.436337 55.938429, -124.429238 55.939416, -124.423793 55.939169, -124.417421 55.938015, -124.40989 55.933798, -124.405993 55.931863, -124.404014 55.928347, -124.410077 55.92914, -124.415784 55.930825, -124.424748 55.931295, -124.425789 55.929336, -124.425589 55.926287, -124.430156 55.924372, -124.432364 55.921182, -124.430993 55.919587, -124.430372 55.917592, -124.432235 55.914808, -124.436013 55.910576, -124.441075 55.906042, -124.444472 55.903393, -124.445802 55.901872, -124.449969 55.899849, -124.451618 55.895701, -124.453681 55.891106, -124.455242 55.890596, -124.459709 55.890043, -124.46342 55.889495, -124.469462 55.888853, -124.473288 55.888267, -124.478385 55.887564, -124.481127 55.886457, -124.486168 55.883845, -124.493742 55.879128, -124.496701 55.880775, -124.499989 55.881288, -124.501228 55.877992, -124.504051 55.875804, -124.505099 55.874135, -124.503284 55.873103, -124.500821 55.873037, -124.501789 55.871998, -124.504662 55.869414, -124.504972 55.865902, -124.507283 55.86187, -124.506182 55.859923, -124.502398 55.85482, -124.499468 55.851577, -124.496869 55.850018, -124.508154 55.838746, -124.508993 55.832291, -124.511344 55.823548, -124.524071 55.814777, -124.53983 55.804004, -124.541189 55.803208, -124.54288 55.802417, -124.544251 55.80182, -124.545654 55.800814, -124.547756 55.800407, -124.548819 55.7998, -124.550242 55.799189, -124.55166 55.798779, -124.553116 55.797959, -124.554209 55.797342, -124.554938 55.796931, -124.556712 55.796118, -124.558138 55.795304, -124.558152 55.794295, -124.557813 55.793286, -124.557473 55.792075, -124.557474 55.791672, -124.557473 55.790464, -124.55747 55.790061, -124.558516 55.78845, -124.558861 55.788049, -124.559188 55.78705, -124.559874 55.786249, -124.560554 55.785249, -124.560888 55.78445, -124.562283 55.783444, -124.562979 55.782235, -124.564405 55.781419, -124.565475 55.780806, -124.565984 55.780417, -124.566538 55.779994, -124.579538 55.77917, -124.578913 55.778583, -124.578498 55.778184, -124.577887 55.777567, -124.577807 55.777481, -124.577306 55.776941, -124.576948 55.77651, -124.576942 55.776503, -124.576604 55.776071, -124.576074 55.7754, -124.575512 55.774724, -124.575128 55.774262, -124.57474 55.773792, -124.574339 55.773312, -124.573702 55.772588, -124.57311 55.771832, -124.572618 55.771037, -124.572314 55.770202, -124.565354 55.769693, -124.556112 55.76905, -124.549132 55.767715, -124.537036 55.7665, -124.540282 55.765104, -124.546155 55.762193, -124.554151 55.7615, -124.566177 55.760146, -124.571796 55.759371, -124.578346 55.755447, -124.587116 55.751887, -124.596198 55.752827, -124.606309 55.754953, -124.614012 55.757523, -124.61823 55.759382, -124.626845 55.762099, -124.628366 55.763636, -124.634015 55.769109, -124.64426 55.776485, -124.655503 55.782407, -124.666196 55.788642, -124.662566 55.789087, -124.659184 55.789052, -124.654963 55.788817, -124.647383 55.787882, -124.64231 55.787828, -124.636398 55.789631, -124.635708 55.790145, -124.634705 55.790957, -124.634034 55.791508, -124.633027 55.792341, -124.632038 55.793183, -124.631091 55.79403, -124.630185 55.794883, -124.629389 55.795758, -124.628926 55.796346, -124.628487 55.796931, -124.627851 55.797813, -124.627473 55.7984, -124.626922 55.799273, -124.626544 55.79984, -124.625711 55.799892, -124.623875 55.800314, -124.622773 55.80093, -124.621389 55.801944, -124.621439 55.802746, -124.621489 55.803549, -124.621546 55.804553, -124.621597 55.805558, -124.621628 55.806162, -124.622383 55.806962, -124.623491 55.807761, -124.624246 55.808763, -124.624994 55.809565, -124.625403 55.810772, -124.625475 55.812182, -124.6255 55.812787, -124.625545 55.813998, -124.625583 55.815007, -124.625613 55.815814, -124.62563 55.817026, -124.625619 55.817834, -124.625496 55.81945, -124.62645 55.820047, -124.628151 55.820034, -124.629512 55.820024, -124.63126 55.81961, -124.631943 55.819504, -124.632961 55.818826, -124.634799 55.817223, -124.636868 55.815373, -124.638723 55.81327, -124.642047 55.813806, -124.643752 55.816071, -124.642814 55.817434, -124.640758 55.81891, -124.64062 55.819146, -124.641615 55.819335, -124.641575 55.820138, -124.641543 55.821141, -124.641546 55.822144, -124.64156 55.822946, -124.641647 55.823951, -124.641766 55.825159, -124.64177 55.825961, -124.642399 55.826955, -124.642673 55.828151, -124.64263 55.828911, -124.644392 55.829936, -124.651035 55.831256, -124.657043 55.831569, -124.664526 55.834395, -124.667302 55.838045, -124.666562 55.84016, -124.66358 55.842625, -124.660434 55.843341, -124.656469 55.841926, -124.650451 55.841861, -124.644403 55.842671, -124.643522 55.843458, -124.644934 55.843675, -124.646157 55.844033, -124.646227 55.84503, -124.646329 55.846033, -124.646427 55.846838, -124.647087 55.847023, -124.649137 55.847392, -124.652077 55.847785, -124.654357 55.848191, -124.655793 55.848976, -124.656254 55.849782, -124.656716 55.850589, -124.657327 55.852214, -124.657368 55.853211, -124.657721 55.854593, -124.656803 55.855152, -124.654741 55.855499, -124.652607 55.856223, -124.651969 55.857228, -124.651343 55.858037, -124.650436 55.858866, -124.650322 55.859908, -124.650156 55.860744, -124.650319 55.861573, -124.649513 55.862434, -124.64921 55.863729, -124.648405 55.864598, -124.648565 55.865235, -124.648398 55.866282, -124.647616 55.867761, -124.647308 55.868176, -124.64709 55.869413, -124.646894 55.870858, -124.645877 55.871281, -124.643818 55.871921, -124.64355 55.872749, -124.64363 55.873573, -124.644012 55.874377, -124.645054 55.874358, -124.647006 55.874479, -124.648352 55.874442, -124.650063 55.874405, -124.652506 55.87437, -124.654602 55.87434, -124.655988 55.874317, -124.657966 55.874053, -124.659388 55.874042, -124.661266 55.873659, -124.662464 55.873091, -124.66494 55.872469, -124.666361 55.872059, -124.668456 55.871832, -124.67095 55.871812, -124.673084 55.871795, -124.674087 55.871968, -124.675423 55.872729, -124.676458 55.873309, -124.677998 55.874721, -124.677222 55.875305, -124.674873 55.875659, -124.67301 55.876046, -124.671381 55.87679, -124.669857 55.876968, -124.668223 55.877508, -124.66701 55.878262, -124.665912 55.878457, -124.664451 55.878651, -124.662622 55.879041, -124.660807 55.879435, -124.659399 55.879447, -124.656526 55.87985, -124.655493 55.879868, -124.65325 55.879966, -124.652599 55.879991, -124.650601 55.880249, -124.648998 55.880522, -124.647319 55.880768, -124.64562 55.881404, -124.645044 55.881855, -124.644177 55.882532, -124.643308 55.883212, -124.642616 55.884019, -124.641452 55.884785, -124.64066 55.885948, -124.640584 55.88671, -124.639445 55.887679, -124.639425 55.887868, -124.638556 55.889191, -124.637391 55.890144, -124.636297 55.890731, -124.635002 55.891391, -124.634114 55.892072, -124.632489 55.892187, -124.636425 55.907017, -124.640907 55.909423, -124.644911 55.911413, -124.649956 55.911513, -124.652752 55.912062, -124.65556 55.913041, -124.65939 55.916471, -124.667481 55.919434, -124.671267 55.919827, -124.672667 55.921407, -124.672562 55.923529, -124.670607 55.925219, -124.643931 55.939069, -124.657129 55.957932, -124.65965 55.959595, -124.659886 55.960148, -124.660169 55.960867, -124.660197 55.961731, -124.660216 55.962307, -124.6602 55.963147, -124.660125 55.963817, -124.660086 55.964078, -124.680791 55.981172, -124.689428 55.97961, -124.693721 55.978842, -124.702155 55.977786, -124.707153 55.976272, -124.711906 55.974455, -124.717145 55.972724, -124.720869 55.971882, -124.727503 55.972386, -124.736918 55.978706, -124.741057 55.981731, -124.743856 55.991737, -124.745444 55.99434, -124.741645 56.002546, -124.740976 56.006171, -124.740227 56.009627, -124.746352 56.010843, -124.74806 56.010407, -124.749873 56.010256, -124.751356 56.010152, -124.753361 56.010551, -124.754477 56.011592, -124.755332 56.012942, -124.757312 56.01422, -124.7594 56.015092, -124.762048 56.015594, -124.76411 56.016454, -124.764691 56.017216, -124.765365 56.018483, -124.765065 56.01971, -124.764864 56.020527, -124.764242 56.021346, -124.765511 56.02157, -124.769151 56.021702, -124.774628 56.022586, -124.777028 56.022716, -124.779351 56.023037, -124.780688 56.02398, -124.780225 56.025107, -124.779747 56.025769, -124.777805 56.027026, -124.776943 56.028167, -124.775697 56.029781, -124.772346 56.03052, -124.771144 56.030568, -124.769369 56.03031, -124.767079 56.030232, -124.764326 56.031015, -124.76299 56.030976, -124.762288 56.030825, -124.760485 56.030309, -124.758599 56.029751, -124.757119 56.02941, -124.755533 56.028786, -124.754021 56.02843, -124.752886 56.028047, -124.750901 56.027437, -124.749025 56.025974, -124.747452 56.025814, -124.745873 56.025651, -124.745141 56.025715, -124.743674 56.025842, -124.741471 56.026032, -124.739959 56.026137, -124.737983 56.026222, -124.734979 56.025295, -124.733639 56.024575, -124.73233 56.023871, -124.730565 56.023151, -124.728812 56.023124, -124.725465 56.02292, -124.723996 56.022811, -124.721589 56.023109, -124.719205 56.023873, -124.717764 56.024003, -124.716368 56.024842, -124.691768 56.037748, -124.672559 56.033093, -124.668949 56.033849, -124.667785 56.036577, -124.664733 56.038777, -124.664209 56.04114, -124.663072 56.041519, -124.659499 56.040208, -124.656393 56.040311, -124.655304 56.040903, -124.65466 56.041969, -124.654903 56.043295, -124.655883 56.045153, -124.658666 56.047622, -124.664517 56.051318, -124.666786 56.052799, -124.669967 56.05426, -124.674759 56.058084, -124.681557 56.060709, -124.689073 56.063412, -124.699078 56.066888, -124.703365 56.069003, -124.725288 56.083757, -124.735964 56.085, -124.737755 56.084456, -124.738155 56.084059, -124.738695 56.083646, -124.739141 56.083443, -124.739894 56.08314, -124.740591 56.08315, -124.741243 56.083052, -124.741882 56.082864, -124.742369 56.082853, -124.743813 56.082809, -124.744775 56.082779, -124.746027 56.082726, -124.746805 56.08269, -124.74792 56.082655, -124.749236 56.082636, -124.750038 56.082531, -124.751001 56.082505, -124.752794 56.08239, -124.754135 56.082384, -124.754998 56.082557, -124.756053 56.08299, -124.756554 56.083152, -124.756904 56.083489, -124.757421 56.083907, -124.75761 56.084248, -124.757619 56.084418, -124.758131 56.084835, -124.758146 56.085256, -124.758325 56.085592, -124.758329 56.085843, -124.758535 56.086441, -124.758545 56.086529, -124.759085 56.086876, -124.760473 56.087389, -124.761201 56.087995, -124.761694 56.08807, -124.762536 56.088233, -124.763727 56.0884, -124.764586 56.088489, -124.764999 56.088856, -124.76523 56.08955, -124.765584 56.090306, -124.765477 56.090756, -124.765398 56.09156, -124.765357 56.091794, -124.765491 56.09237, -124.765627 56.09295, -124.76565 56.093649, -124.765612 56.094236, -124.765669 56.094351, -124.765957 56.095014, -124.766279 56.095698, -124.766381 56.095924, -124.766683 56.096601, -124.766972 56.097273, -124.767364 56.098178, -124.767389 56.098208, -124.770594 56.099677, -124.773115 56.100839, -124.77678 56.102226, -124.778654 56.103003, -124.778816 56.103027, -124.779519 56.103283, -124.780431 56.103729, -124.780587 56.103716, -124.780834 56.10391, -124.781519 56.104446, -124.782182 56.104865, -124.782642 56.105041, -124.782978 56.10517, -124.783892 56.105627, -124.78428 56.106092, -124.785174 56.106902, -124.785676 56.107609, -124.78619 56.108325, -124.786826 56.10892, -124.78768 56.109626, -124.788371 56.109973, -124.789415 56.110312, -124.790481 56.110384, -124.790919 56.110512, -124.792081 56.110636, -124.792586 56.110777, -124.792757 56.110773, -124.795484 56.109447, -124.795421 56.107312, -124.792388 56.106145, -124.790256 56.104774, -124.789539 56.103131, -124.787288 56.101473, -124.785291 56.099889, -124.784961 56.098179, -124.785769 56.096835, -124.788252 56.09508, -124.790456 56.094106, -124.794953 56.093366, -124.798685 56.092547, -124.801508 56.092218, -124.8056 56.092186, -124.8062 56.093472, -124.8055 56.095457, -124.802559 56.0955, -124.7995 56.095187, -124.79794 56.096026, -124.798767 56.098239, -124.797847 56.099084, -124.795498 56.100626, -124.797376 56.101925, -124.798733 56.103573, -124.799963 56.10515, -124.800698 56.106224, -124.802217 56.106736, -124.805805 56.106485, -124.809801 56.105456, -124.81304 56.104063, -124.816023 56.102669, -124.819387 56.101348, -124.820508 56.102355, -124.821901 56.102794, -124.824709 56.102962, -124.830175 56.10408, -124.8299 56.104717, -124.825287 56.105031, -124.822973 56.105436, -124.819244 56.106113, -124.818573 56.107174, -124.818535 56.108454, -124.817243 56.108868, -124.81468 56.109058, -124.812363 56.109534, -124.810411 56.110654, -124.810355 56.112503, -124.812369 56.113589, -124.815299 56.113972, -124.819125 56.114363, -124.822213 56.113752, -124.824772 56.113704, -124.826409 56.114573, -124.825732 56.115847, -124.826335 56.117062, -124.82797 56.118002, -124.830134 56.118377, -124.834088 56.118769, -124.835094 56.119347, -124.834169 56.120335, -124.832227 56.121099, -124.829275 56.121428, -124.825766 56.122192, -124.82567 56.122213, -124.825731 56.123395, -124.825751 56.123778, -124.825304 56.125908, -124.824869 56.127612, -124.824954 56.129035, -124.826296 56.131252, -124.828565 56.132412, -124.831629 56.132653, -124.835204 56.132899, -124.837358 56.13363, -124.840697 56.133234, -124.843782 56.132764, -124.845303 56.133276, -124.845022 56.134127, -124.843581 56.135252, -124.841392 56.13573, -124.838055 56.136055, -124.834973 56.136383, -124.831129 56.136561, -124.829197 56.13697, -124.829167 56.137965, -124.830435 56.138512, -124.840161 56.14009, -124.849433 56.143535, -124.850327 56.144787, -124.850639 56.145943, -124.859063 56.146417, -124.859224 56.14528, -124.858881 56.143855, -124.858782 56.142858, -124.860344 56.141947, -124.861886 56.141748, -124.864053 56.142051, -124.865958 56.142566, -124.868369 56.143299, -124.871292 56.144036, -124.872935 56.144762, -124.874457 56.145274, -124.876872 56.145864, -124.879275 56.146881, -124.881055 56.147323, -124.88046 56.150235, -124.884138 56.151476, -124.887951 56.152434, -124.888821 56.153367, -124.887893 56.154497, -124.887091 56.155699, -124.888207 56.156989, -124.889963 56.158285, -124.890943 56.159858, -124.893197 56.161656, -124.894838 56.162524, -124.896066 56.164384, -124.898207 56.165683, -124.898685 56.166896, -124.896602 56.168088, -124.89148 56.168043, -124.885574 56.168561, -124.880551 56.169513, -124.876419 56.170686, -124.878289 56.17248, -124.880294 56.174063, -124.880912 56.174851, -124.876769 56.176379, -124.871367 56.177114, -124.866688 56.17501, -124.863293 56.172774, -124.861831 56.1702, -124.86073 56.168412, -124.861159 56.166851, -124.859036 56.164983, -124.856003 56.163604))"
73,2023-07-29 10:30:57,2023072701,2023,40.7,Non-corrected ground GPS,1690441200000,1690512667000,Under Control,JA70003000,406865.2477,4135.0314,129,5b0ca76a-c72d-4dc1-aab9-8e63b6e809e2,1148803.734375,6951.46213782931,https://wildfiresituation.nrs.gov.bc.ca/incidents?fireYear=2023&incidentNumber=G41527,"POLYGON ((-125.082781 53.520991, -125.081944 53.520259, -125.083009 53.519316, -125.085959 53.518821, -125.088325 53.518102, -125.091943 53.518116, -125.094044 53.518845, -125.0973 53.518771, -125.09848 53.518707, -125.099527 53.520211, -125.098886 53.520989, -125.09813 53.520743, -125.097545 53.520663, -125.096915 53.520696, -125.095981 53.520995, -125.095324 53.520866, -125.093742 53.521186, -125.092099 53.521312, -125.09152 53.521836, -125.090306 53.521652, -125.090088 53.521941, -125.089413 53.522247, -125.089363 53.522434, -125.0903 53.522691, -125.090649 53.522969, -125.089612 53.523187, -125.089018 53.523353, -125.088947 53.523997, -125.089929 53.524212, -125.090001 53.524786, -125.088668 53.524863, -125.087798 53.524879, -125.087843 53.524613, -125.087856 53.524424, -125.08747 53.524144, -125.087345 53.523655, -125.088494 53.523444, -125.088188 53.5228, -125.088321 53.52235, -125.087313 53.521842, -125.086001 53.522133, -125.085892 53.522551, -125.084902 53.522381, -125.0842 53.522965, -125.082366 53.523101, -125.08176 53.522562, -125.082502 53.522081, -125.083968 53.521777, -125.08419 53.521466, -125.082802 53.520981, -125.082781 53.520991))"
74,2023-07-29 10:30:57,2023072401,2023,721.6,Derived from satellite imagery,1690182000000,1690298885000,Out of Control,JA70003000,7215918.9447,16359.5198,130,8a49a8bd-1d98-4949-9934-2298ea3f4e4e,20297516.90625,27452.5192697078,https://wildfiresituation.nrs.gov.bc.ca/incidents?fireYear=2023&incidentNumber=G41560,"POLYGON ((-124.18277 53.4534, -124.18093 53.4533, -124.17905 53.45328, -124.17715 53.45333, -124.17524 53.45338, -124.17334 53.45339, -124.17144 53.45329, -124.16958 53.45305, -124.16772 53.4527, -124.16584 53.45234, -124.16328 53.45163, -124.16212 53.45113, -124.16114 53.45047, -124.16049 53.44962, -124.16006 53.44862, -124.159853 53.448125, -124.159904 53.44811, -124.160627 53.447932, -124.161295 53.447785, -124.161881 53.4477, -124.162097 53.447593, -124.162025 53.447435, -124.161475 53.447285, -124.160926 53.447151, -124.160115 53.446934, -124.159308 53.446607, -124.158874 53.446255, -124.158573 53.445873, -124.158503 53.445652, -124.158145 53.445379, -124.157966 53.445235, -124.157735 53.445074, -124.15739 53.444471, -124.156805 53.443943, -124.156396 53.443623, -124.155793 53.443488, -124.155057 53.443366, -124.154646 53.443077, -124.154237 53.442756, -124.153592 53.442369, -124.153183 53.442048, -124.152481 53.441754, -124.15178 53.441461, -124.150987 53.441433, -124.150073 53.441764, -124.149419 53.442178, -124.148665 53.442481, -124.147914 53.442705, -124.147371 53.443027, -124.147346 53.443155, -124.14709 53.44322, -124.1455 53.44332, -124.14392 53.4431, -124.14248 53.44257, -124.14121 53.44189, -124.13995 53.44123, -124.13853 53.4407, -124.13701 53.44029, -124.13542 53.43991, -124.13378 53.43952, -124.13215 53.43912, -124.13057 53.43867, -124.12904 53.43816, -124.12754 53.43762, -124.12609 53.43707, -124.12468 53.43652, -124.12339 53.43593, -124.12223 53.43526, -124.12135 53.43454, -124.12086 53.43372, -124.12086 53.433192, -124.117963 53.433038, -124.115423 53.432998, -124.113114 53.431883, -124.114079 53.430604, -124.117077 53.428494, -124.118944 53.427338, -124.121747 53.425548, -124.123556 53.425685, -124.125159 53.426357, -124.128548 53.427705, -124.131201 53.429256, -124.133103 53.430232, -124.1346 53.43011, -124.13664 53.42985, -124.13862 53.42954, -124.14055 53.42919, -124.14244 53.42881, -124.1443 53.42842, -124.14611 53.428, -124.1479 53.42764, -124.14971 53.42736, -124.15158 53.42725, -124.15342 53.4274, -124.15514 53.42776, -124.156478 53.428183, -124.157941 53.427947, -124.161578 53.427788, -124.165364 53.428385, -124.16747 53.430035, -124.16739 53.431867, -124.167157 53.43305, -124.164204 53.435233, -124.164262 53.435545, -124.16447 53.435726, -124.164723 53.43595, -124.165106 53.436234, -124.165323 53.436472, -124.165648 53.436726, -124.165744 53.436998, -124.166182 53.437104, -124.166455 53.437436, -124.166359 53.437996, -124.166261 53.438322, -124.166064 53.43871, -124.165882 53.439049, -124.165965 53.439349, -124.166779 53.439618, -124.167487 53.439864, -124.168462 53.44005, -124.168795 53.440105, -124.169107 53.440188, -124.169802 53.440447, -124.170166 53.440617, -124.170411 53.440763, -124.17074 53.440924, -124.171043 53.441114, -124.171176 53.441365, -124.171359 53.441567, -124.171398 53.441767, -124.171594 53.441948, -124.172107 53.441984, -124.172486 53.442082, -124.17265 53.442185, -124.172689 53.442377, -124.172601 53.442476, -124.17238 53.442593, -124.172114 53.442751, -124.172004 53.442879, -124.172095 53.443001, -124.172602 53.44318, -124.172893 53.443384, -124.173145 53.443651, -124.173508 53.443834, -124.173978 53.444055, -124.174406 53.444133, -124.175029 53.444128, -124.175848 53.444041, -124.176392 53.444077, -124.17677 53.44416, -124.17865 53.44448, -124.18057 53.44479, -124.18246 53.44513, -124.18432 53.44552, -124.18615 53.44595, -124.18794 53.44642, -124.18967 53.44695, -124.19133 53.4475, -124.19295 53.44805, -124.19457 53.44859, -124.19618 53.44913, -124.19774 53.44965, -124.19922 53.45017, -124.20057 53.45074, -124.20177 53.45136, -124.20281 53.45201, -124.20368 53.45265, -124.20434 53.45333, -124.2046 53.45409, -124.20418 53.45475, -124.2031 53.45521, -124.20165 53.45542, -124.20012 53.45551, -124.19851 53.45549, -124.19684 53.45536, -124.19516 53.45516, -124.19345 53.45493, -124.19173 53.45468, -124.18999 53.45439, -124.18822 53.4541, -124.18641 53.45382, -124.1846 53.45359, -124.18277 53.4534))"
75,2023-07-29 10:30:57,2023072301,2023,801.1,Non-corrected airborne GPS,1690095600000,1690171068000,Out of Control,JA70003000,8010961.4129,18468.4671,131,ef0dabcc-169a-4d99-9b7f-eadf65658c96,22791203.140625,31162.4827081502,https://wildfiresituation.nrs.gov.bc.ca/incidents?fireYear=2023&incidentNumber=G41569,"POLYGON ((-124.27918 53.685099, -124.279357 53.684856, -124.279508 53.684613, -124.279636 53.684369, -124.279729 53.68412, -124.279805 53.683871, -124.279861 53.68362, -124.279912 53.683374, -124.279973 53.683133, -124.280047 53.682894, -124.28013 53.682663, -124.280241 53.682435, -124.280378 53.682216, -124.280548 53.681995, -124.280747 53.681784, -124.280974 53.681585, -124.281225 53.681391, -124.281501 53.681208, -124.281792 53.68103, -124.282095 53.680859, -124.282412 53.680698, -124.282739 53.680547, -124.283083 53.680408, -124.283434 53.680279, -124.283789 53.680167, -124.284146 53.68006, -124.284498 53.679958, -124.284849 53.679855, -124.285193 53.679753, -124.285519 53.679651, -124.285835 53.679549, -124.286145 53.679441, -124.286453 53.679334, -124.286761 53.679231, -124.287062 53.679134, -124.287364 53.679041, -124.287669 53.678956, -124.287995 53.678883, -124.288351 53.678819, -124.288714 53.678768, -124.289101 53.678729, -124.289496 53.678702, -124.289905 53.678684, -124.290311 53.678671, -124.29073 53.678666, -124.291134 53.678663, -124.291536 53.678667, -124.291935 53.678681, -124.292339 53.678708, -124.292744 53.678744, -124.293145 53.678786, -124.293553 53.67883, -124.293954 53.678877, -124.294357 53.678926, -124.29475 53.678978, -124.295141 53.679027, -124.295526 53.679076, -124.295907 53.67913, -124.296297 53.679182, -124.29668 53.679232, -124.297054 53.679281, -124.298084 53.679559, -124.298777 53.679941, -124.299532 53.680141, -124.300299 53.680033, -124.30104 53.679593, -124.301737 53.679247, -124.302666 53.679118, -124.303391 53.679057, -124.303871 53.679112, -124.304442 53.678883, -124.304458 53.67848, -124.304438 53.678196, -124.304407 53.677767, -124.304746 53.677322, -124.305004 53.676898, -124.305268 53.676333, -124.305215 53.675668, -124.305078 53.675097, -124.304415 53.674613, -124.303423 53.674315, -124.302589 53.674089, -124.301505 53.674074, -124.300221 53.674056, -124.298706 53.673797, -124.29659 53.673482, -124.295554 53.673302, -124.29403 53.673256, -124.29248 53.672855, -124.291689 53.672559, -124.290982 53.672169, -124.290718 53.671762, -124.290772 53.671431, -124.291118 53.671095, -124.291167 53.671081, -124.292012 53.670975, -124.294971 53.670783, -124.296628 53.67075, -124.298746 53.670779, -124.299461 53.670832, -124.300039 53.67091, -124.300663 53.671046, -124.302626 53.67156, -124.304922 53.671883, -124.306253 53.672009, -124.307438 53.672069, -124.308481 53.672063, -124.309384 53.67199, -124.309954 53.671895, -124.310448 53.671765, -124.310867 53.671599, -124.311209 53.671398, -124.311562 53.671025, -124.312076 53.670088, -124.312366 53.66971, -124.312976 53.669244, -124.313813 53.668775, -124.315164 53.668197, -124.316295 53.667816, -124.316711 53.667726, -124.317172 53.667666, -124.318212 53.667637, -124.319087 53.667705, -124.319908 53.667848, -124.320505 53.668024, -124.321106 53.668301, -124.322919 53.669445, -124.32404 53.670258, -124.324578 53.670711, -124.325302 53.671564, -124.325675 53.671893, -124.326169 53.672136, -124.326883 53.672303, -124.33052 53.672678, -124.331614 53.672737, -124.332589 53.672737, -124.333546 53.672676, -124.334672 53.672547, -124.336694 53.672257, -124.338113 53.671969, -124.338718 53.67192, -124.339276 53.671993, -124.340281 53.67231, -124.340695 53.672404, -124.341552 53.672486, -124.342497 53.67249, -124.343255 53.672441, -124.343967 53.672353, -124.345667 53.671934, -124.347249 53.671662, -124.348155 53.671554, -124.348891 53.671532, -124.349319 53.671564, -124.349693 53.671635, -124.350105 53.671767, -124.35053 53.671952, -124.350964 53.672194, -124.351353 53.672465, -124.351666 53.672743, -124.351879 53.673008, -124.351968 53.673347, -124.351847 53.673751, -124.351584 53.674155, -124.350742 53.675211, -124.350464 53.675772, -124.350384 53.676489, -124.350493 53.678047, -124.350459 53.678789, -124.35033 53.679448, -124.350082 53.680016, -124.349828 53.680374, -124.349503 53.68073, -124.348183 53.681825, -124.346175 53.683299, -124.345442 53.683796, -124.345086 53.68411, -124.344479 53.684384, -124.343936 53.684758, -124.342982 53.68516, -124.342209 53.685427, -124.340841 53.685893, -124.339601 53.686118, -124.338713 53.686313, -124.337704 53.686461, -124.336155 53.686751, -124.334237 53.687308, -124.33339 53.68771, -124.332934 53.688298, -124.332626 53.689152, -124.332101 53.690322, -124.331944 53.690578, -124.331731 53.690802, -124.331435 53.69101, -124.331059 53.691181, -124.330613 53.691326, -124.330152 53.691444, -124.329673 53.691543, -124.329241 53.691629, -124.328798 53.691696, -124.328391 53.691748, -124.328011 53.691776, -124.327614 53.691745, -124.327228 53.69166, -124.326826 53.691545, -124.326498 53.691445, -124.326158 53.691391, -124.325825 53.691405, -124.325534 53.691477, -124.325153 53.691626, -124.324812 53.691723, -124.324484 53.691671, -124.324219 53.691485, -124.324031 53.691334, -124.323805 53.691183, -124.323504 53.691061, -124.323148 53.690984, -124.322738 53.690951, -124.322324 53.690952, -124.32192 53.690977, -124.321536 53.691014, -124.321179 53.691057, -124.32083 53.691117, -124.320515 53.691199, -124.320228 53.691306, -124.319962 53.691441, -124.319673 53.691599, -124.319305 53.691742, -124.318859 53.69186, -124.318376 53.691966, -124.317895 53.692074, -124.317456 53.692196, -124.317067 53.692358, -124.316737 53.692555, -124.316436 53.692768, -124.316111 53.692978, -124.315763 53.693161, -124.31537 53.693307, -124.314946 53.693406, -124.314525 53.69347, -124.314111 53.693512, -124.313692 53.693541, -124.313281 53.693561, -124.312876 53.693588, -124.312483 53.693642, -124.312111 53.693733, -124.311696 53.693845, -124.311223 53.693942, -124.310677 53.694001, -124.310101 53.694049, -124.309554 53.694097, -124.309069 53.694155, -124.308629 53.694212, -124.308221 53.694227, -124.307836 53.694169, -124.307509 53.694022, -124.30726 53.693789, -124.307116 53.693497, -124.30707 53.693177, -124.307093 53.692859, -124.307134 53.692557, -124.307172 53.692281, -124.307221 53.692038, -124.307305 53.691815, -124.30745 53.691624, -124.307684 53.691458, -124.307953 53.6913, -124.308227 53.691136, -124.308468 53.690951, -124.308657 53.69075, -124.308777 53.690534, -124.308894 53.690307, -124.309111 53.690092, -124.309439 53.689895, -124.309847 53.689725, -124.310291 53.689555, -124.310738 53.689355, -124.311174 53.689136, -124.311606 53.688924, -124.312052 53.688709, -124.312508 53.688501, -124.312976 53.688309, -124.313447 53.68813, -124.313916 53.687954, -124.314373 53.687769, -124.31481 53.687564, -124.315216 53.687351, -124.315581 53.687152, -124.315897 53.68697, -124.316168 53.686809, -124.316376 53.686638, -124.31645 53.686447, -124.316388 53.686239, -124.316225 53.686018, -124.316065 53.685779, -124.315971 53.685534, -124.315944 53.685287, -124.315944 53.685043, -124.315864 53.684832, -124.315647 53.684678, -124.315306 53.684595, -124.314924 53.684584, -124.314548 53.684647, -124.314164 53.684766, -124.313768 53.684916, -124.313337 53.685061, -124.312835 53.685169, -124.312269 53.685237, -124.311964 53.685259, -124.311641 53.685269, -124.311304 53.685268, -124.31096 53.685266, -124.310601 53.68527, -124.310234 53.685282, -124.309885 53.685299, -124.309536 53.685337, -124.309192 53.685387, -124.308858 53.685442, -124.308524 53.685503, -124.308199 53.685565, -124.307883 53.685623, -124.307565 53.685676, -124.30726 53.685723, -124.30696 53.685757, -124.306373 53.685788, -124.305806 53.685767, -124.30526 53.685718, -124.304733 53.685682, -124.304228 53.685687, -124.303726 53.685723, -124.303202 53.685753, -124.302655 53.685748, -124.30211 53.685713, -124.301587 53.685659, -124.301067 53.6856, -124.300564 53.685541, -124.300072 53.685479, -124.299579 53.685429, -124.29909 53.685378, -124.298614 53.685325, -124.298182 53.685282, -124.297802 53.685249, -124.297355 53.685282, -124.297078 53.685447, -124.297019 53.685628, -124.296972 53.685846, -124.29692 53.686085, -124.296911 53.686336, -124.296968 53.686591, -124.297087 53.686857, -124.297272 53.687096, -124.297488 53.6873, -124.297723 53.687452, -124.297941 53.687685, -124.297853 53.687944, -124.297686 53.688103, -124.297422 53.688258, -124.297063 53.688387, -124.296594 53.68849, -124.296073 53.688567, -124.295535 53.688634, -124.294999 53.68874, -124.294543 53.68891, -124.294205 53.689163, -124.294017 53.689488, -124.293982 53.689667, -124.293995 53.689856, -124.294043 53.690046, -124.294113 53.690226, -124.294205 53.690408, -124.294317 53.690586, -124.294441 53.690759, -124.294585 53.690928, -124.294758 53.69109, -124.294934 53.691238, -124.295127 53.691387, -124.295318 53.691543, -124.295498 53.691703, -124.295663 53.691871, -124.295811 53.692044, -124.295951 53.692224, -124.296075 53.692404, -124.296195 53.692587, -124.296306 53.69277, -124.296416 53.692948, -124.296627 53.693288, -124.296814 53.693605, -124.296943 53.693885, -124.297053 53.694136, -124.297131 53.694353, -124.297146 53.69456, -124.297093 53.694759, -124.296948 53.694929, -124.296632 53.695111, -124.296232 53.695207, -124.295901 53.695222, -124.295483 53.69518, -124.294955 53.695071, -124.294659 53.694982, -124.294357 53.694876, -124.294049 53.694763, -124.293735 53.694654, -124.293412 53.694548, -124.293094 53.694449, -124.292774 53.694355, -124.292453 53.694267, -124.292139 53.694184, -124.291832 53.694104, -124.291535 53.694022, -124.29125 53.693932, -124.290977 53.693828, -124.290722 53.693706, -124.290483 53.693566, -124.290258 53.693415, -124.290044 53.693259, -124.289839 53.693101, -124.289633 53.692949, -124.289422 53.692806, -124.289201 53.692673, -124.288968 53.692552, -124.288716 53.692444, -124.288445 53.692347, -124.28814 53.692268, -124.287823 53.692202, -124.287494 53.692149, -124.287152 53.692096, -124.2868 53.692041, -124.286444 53.691967, -124.286095 53.691872, -124.285758 53.691756, -124.28543 53.691623, -124.285123 53.691474, -124.284826 53.691307, -124.284541 53.691132, -124.284259 53.690953, -124.283981 53.690768, -124.283708 53.690584, -124.283434 53.690405, -124.283156 53.690232, -124.282868 53.690069, -124.282571 53.689921, -124.282272 53.689779, -124.281962 53.689649, -124.28165 53.689529, -124.281339 53.68942, -124.281031 53.68932, -124.280714 53.689228, -124.280401 53.689139, -124.280093 53.689051, -124.279792 53.688963, -124.279506 53.688866, -124.279224 53.688761, -124.27896 53.688639, -124.278712 53.688496, -124.278499 53.688336, -124.27831 53.688162, -124.278152 53.687979, -124.278024 53.687785, -124.277932 53.687584, -124.277863 53.687377, -124.277841 53.687159, -124.277861 53.686939, -124.277926 53.686721, -124.278032 53.686493, -124.278185 53.686266, -124.278362 53.686037, -124.278561 53.685803, -124.27877 53.685571, -124.278981 53.685334, -124.27918 53.685099))"
76,2023-07-29 10:30:57,2023071701,2023,604.1,Non-corrected airborne GPS,1689577200000,1689654754000,Out of Control,JA70003000,6041338.3895,10090.2008,133,b4e39e93-1215-4f77-8bc4-80c0b34b0b3d,17131883.609375,16995.2591562149,https://wildfiresituation.nrs.gov.bc.ca/incidents?fireYear=2023&incidentNumber=G41644,"POLYGON ((-125.295291 53.602637, -125.295292 53.602679, -125.295289 53.6027, -125.295282 53.602718, -125.295269 53.602731, -125.295259 53.602735, -125.295245 53.602739, -125.295178 53.602751, -125.295168 53.602754, -125.295163 53.602758, -125.295162 53.602765, -125.295168 53.602774, -125.295223 53.602812, -125.295233 53.602821, -125.295239 53.602829, -125.295242 53.602844, -125.295239 53.602879, -125.295244 53.602894, -125.295254 53.602903, -125.295284 53.602924, -125.295291 53.602934, -125.295291 53.602941, -125.295286 53.602948, -125.295252 53.602976, -125.295242 53.602988, -125.295234 53.603008, -125.29523 53.603025, -125.29523 53.60304, -125.295235 53.603053, -125.295253 53.603076, -125.295263 53.603083, -125.295273 53.603087, -125.295284 53.603089, -125.295299 53.603088, -125.295334 53.603082, -125.295358 53.603071, -125.295385 53.60305, -125.2954 53.603032, -125.295418 53.602987, -125.295432 53.602969, -125.295456 53.602947, -125.295479 53.602931, -125.295502 53.602919, -125.295526 53.60291, -125.295541 53.602908, -125.295579 53.602904, -125.295593 53.602901, -125.29562 53.60289, -125.295651 53.602871, -125.29568 53.602849, -125.295697 53.60283, -125.2957 53.60282, -125.295699 53.60281, -125.295692 53.6028, -125.295679 53.602789, -125.295647 53.60277, -125.295539 53.602717, -125.295513 53.6027, -125.295497 53.602685, -125.295484 53.602663, -125.295472 53.602638, -125.295451 53.602575, -125.295445 53.602536, -125.29545 53.602498, -125.295465 53.602462, -125.29549 53.602427, -125.295526 53.602393, -125.295572 53.602361, -125.295629 53.602329, -125.295697 53.602298, -125.295759 53.602274, -125.295829 53.602249, -125.295908 53.602225, -125.295997 53.6022, -125.296169 53.602155, -125.296579 53.602057, -125.296761 53.602008, -125.296904 53.601964, -125.296965 53.601942, -125.29702 53.60192, -125.297829 53.601575, -125.298109 53.601452, -125.29836 53.60134, -125.298581 53.601242, -125.299156 53.600995, -125.299321 53.600921, -125.299466 53.600853, -125.299628 53.600772, -125.299775 53.600694, -125.299908 53.600616, -125.300029 53.600538, -125.30011 53.600479, -125.300193 53.600409, -125.300267 53.600338, -125.300448 53.600157, -125.300501 53.600108, -125.300551 53.600064, -125.300608 53.600019, -125.300666 53.599978, -125.300725 53.599942, -125.300785 53.59991, -125.300888 53.59986, -125.300976 53.599821, -125.301058 53.599789, -125.301136 53.599762, -125.301205 53.599743, -125.301277 53.599726, -125.301355 53.59971, -125.301436 53.599696, -125.301522 53.599685, -125.301613 53.599675, -125.301707 53.599667, -125.301805 53.599661, -125.30193 53.599658, -125.30207 53.599661, -125.302223 53.59967, -125.30247 53.59969, -125.302619 53.599704, -125.302772 53.599722, -125.302933 53.599744, -125.303102 53.599771, -125.303271 53.599801, -125.303458 53.599837, -125.30401 53.59995, -125.304355 53.600025, -125.304719 53.600111, -125.30511 53.600211, -125.30555 53.60033, -125.305921 53.600435, -125.306295 53.600547, -125.306671 53.600665, -125.30705 53.60079, -125.307387 53.600906, -125.30774 53.601034, -125.308118 53.601176, -125.30854 53.60134, -125.308902 53.601485, -125.309269 53.601636, -125.309641 53.601794, -125.31002 53.60196, -125.310418 53.602139, -125.31079 53.60231, -125.311139 53.602477, -125.31147 53.60264, -125.311938 53.602877, -125.312273 53.603052, -125.312426 53.603136, -125.312569 53.603216, -125.312703 53.603294, -125.31283 53.60337, -125.312988 53.603469, -125.313144 53.603569, -125.313296 53.603671, -125.313446 53.603775, -125.313592 53.603879, -125.313735 53.603985, -125.313874 53.604092, -125.31401 53.6042, -125.314147 53.604313, -125.314281 53.604428, -125.314411 53.604543, -125.314537 53.604659, -125.314659 53.604776, -125.314777 53.604894, -125.314891 53.605012, -125.315 53.60513, -125.31508 53.605221, -125.315161 53.605317, -125.315242 53.605419, -125.315326 53.605527, -125.315496 53.605761, -125.31574 53.60611, -125.315889 53.60633, -125.316042 53.606566, -125.316202 53.606824, -125.31638 53.60712, -125.316526 53.607371, -125.31667 53.607626, -125.316811 53.607885, -125.31695 53.60815, -125.317102 53.608449, -125.317229 53.608708, -125.317341 53.608946, -125.31744 53.60917, -125.31757 53.609481, -125.317673 53.609744, -125.317759 53.609985, -125.31783 53.61021, -125.317906 53.610488, -125.31797 53.610763, -125.318021 53.611033, -125.31806 53.6113, -125.318087 53.61157, -125.318103 53.611845, -125.318107 53.612125, -125.3181 53.61241, -125.318079 53.612787, -125.318066 53.612935, -125.31805 53.613072, -125.318031 53.613203, -125.318008 53.613328, -125.317981 53.613446, -125.31795 53.61356, -125.317901 53.613716, -125.317847 53.613868, -125.317788 53.614016, -125.317724 53.61416, -125.317655 53.614299, -125.317581 53.614434, -125.317503 53.614564, -125.31742 53.61469, -125.317322 53.614826, -125.317215 53.614962, -125.317101 53.615096, -125.31698 53.61523, -125.316852 53.615361, -125.316717 53.61549, -125.316576 53.615617, -125.31643 53.61574, -125.316285 53.615855, -125.31613 53.615969, -125.315965 53.616084, -125.315791 53.616198, -125.315607 53.616311, -125.315414 53.616425, -125.315211 53.616538, -125.315 53.61665, -125.314836 53.616733, -125.314663 53.616815, -125.314479 53.616899, -125.314283 53.616984, -125.314075 53.617069, -125.313851 53.617159, -125.313605 53.617253, -125.31332 53.61736, -125.313144 53.617424, -125.31296 53.617488, -125.312766 53.617554, -125.31256 53.617621, -125.312112 53.617762, -125.31152 53.61794, -125.311329 53.617996, -125.311119 53.618054, -125.310115 53.618322, -125.309874 53.618388, -125.30966 53.61845, -125.30911 53.618615, -125.308655 53.618757, -125.308245 53.61889, -125.30787 53.61902, -125.30749 53.619159, -125.307092 53.619313, -125.306669 53.619484, -125.3062 53.61968, -125.305893 53.619813, -125.305558 53.619964, -125.305199 53.620129, -125.30462 53.6204, -125.304312 53.620548, -125.303525 53.620934, -125.303292 53.621044, -125.30308 53.62114, -125.302475 53.621409, -125.302293 53.621488, -125.302128 53.621556, -125.301956 53.621624, -125.301793 53.621685, -125.301634 53.62174, -125.30148 53.62179, -125.301212 53.621871, -125.300974 53.621939, -125.300752 53.621998, -125.300542 53.622048, -125.300339 53.622092, -125.300143 53.622128, -125.299954 53.622158, -125.29977 53.62218, -125.299586 53.622197, -125.299394 53.622208, -125.299195 53.622216, -125.298988 53.622218, -125.298774 53.622216, -125.298553 53.622208, -125.298325 53.622197, -125.29809 53.62218, -125.297915 53.622164, -125.297736 53.622145, -125.297553 53.622121, -125.297365 53.622093, -125.297173 53.622061, -125.296975 53.622025, -125.296771 53.621985, -125.29656 53.62194, -125.296384 53.621898, -125.296194 53.621846, -125.295998 53.621788, -125.295455 53.621619, -125.295285 53.62157, -125.29513 53.62153, -125.294643 53.621412, -125.294445 53.621368, -125.294262 53.621328, -125.294084 53.621293, -125.293913 53.621261, -125.293749 53.621234, -125.29359 53.62121, -125.293441 53.621191, -125.293285 53.621174, -125.29312 53.621158, -125.292943 53.621144, -125.292578 53.621122, -125.29192 53.62109, -125.29142 53.621068, -125.29083 53.62105, -125.290232 53.621033, -125.289894 53.621027, -125.289577 53.621025, -125.28929 53.62103, -125.288729 53.621043, -125.288573 53.621049, -125.288434 53.621056, -125.288291 53.621068, -125.288159 53.621082, -125.288035 53.621099, -125.28792 53.62112, -125.287788 53.621149, -125.287654 53.621183, -125.287518 53.621223, -125.287381 53.621268, -125.287244 53.621317, -125.287107 53.621371, -125.286972 53.621429, -125.28684 53.62149, -125.286782 53.62152, -125.286725 53.621552, -125.286671 53.621587, -125.286618 53.621624, -125.286568 53.621664, -125.286519 53.621706, -125.286471 53.621751, -125.286425 53.621799, -125.28634 53.621899, -125.286255 53.622014, -125.286174 53.622138, -125.286022 53.622385, -125.285956 53.622487, -125.285884 53.622591, -125.285814 53.622683, -125.28577 53.622734, -125.285725 53.622783, -125.28568 53.622829, -125.285633 53.622872, -125.285585 53.622912, -125.285535 53.622951, -125.285483 53.622986, -125.28543 53.62302, -125.285235 53.623136, -125.285082 53.623222, -125.284939 53.623297, -125.284804 53.623362, -125.284671 53.623419, -125.284541 53.623468, -125.284415 53.623508, -125.28429 53.62354, -125.28422 53.623555, -125.284147 53.623568, -125.283994 53.623591, -125.28383 53.623609, -125.283657 53.623621, -125.283475 53.623627, -125.283287 53.623627, -125.283094 53.623621, -125.2829 53.62361, -125.282767 53.623598, -125.28263 53.62358, -125.282486 53.623556, -125.282334 53.623526, -125.282183 53.623493, -125.282016 53.623452, -125.28152 53.62332, -125.281328 53.623265, -125.281119 53.623199, -125.280919 53.62313, -125.280417 53.622951, -125.280272 53.622902, -125.28014 53.62286, -125.279675 53.622716, -125.279332 53.622614, -125.279019 53.622526, -125.27873 53.62245, -125.278398 53.62237, -125.278046 53.622292, -125.277672 53.622216, -125.27727 53.62214, -125.276946 53.622083, -125.276598 53.622027, -125.276217 53.621971, -125.27578 53.62191, -125.275622 53.62189, -125.275446 53.62187, -125.274856 53.621809, -125.274637 53.621785, -125.274422 53.621758, -125.27423 53.62173, -125.27369 53.621644, -125.2735 53.62161, -125.273329 53.621577, -125.273163 53.621543, -125.273009 53.621507, -125.272865 53.621469, -125.27273 53.62143, -125.272547 53.621372, -125.272372 53.621311, -125.272205 53.621248, -125.272047 53.621184, -125.271898 53.621117, -125.271759 53.62105, -125.27163 53.62098, -125.27151 53.62091, -125.271407 53.620843, -125.271306 53.62077, -125.271206 53.620691, -125.271107 53.620605, -125.271009 53.620513, -125.27091 53.620413, -125.270808 53.620304, -125.2707 53.62018, -125.270647 53.620115, -125.270594 53.620046, -125.270543 53.619972, -125.270491 53.619892, -125.270405 53.619748, -125.270247 53.619466, -125.27018 53.61935, -125.270065 53.619151, -125.269951 53.618941, -125.269838 53.618718, -125.269723 53.618479, -125.269628 53.61827, -125.269526 53.618038, -125.269091 53.617019, -125.268978 53.616767, -125.268871 53.616541, -125.268767 53.616329, -125.268662 53.61613, -125.268557 53.615941, -125.26845 53.61576, -125.268235 53.615402, -125.268129 53.615233, -125.268018 53.615067, -125.26791 53.61492, -125.26779 53.614772, -125.267649 53.614612, -125.267489 53.61444, -125.26722 53.61416, -125.267048 53.613987, -125.26665 53.613603, -125.26648 53.61343, -125.266231 53.613166, -125.266084 53.613003, -125.265956 53.612851, -125.26585 53.61271, -125.265683 53.61247, -125.265626 53.612381, -125.265578 53.6123, -125.265535 53.61222, -125.2655 53.612144, -125.265472 53.612071, -125.26545 53.612, -125.265426 53.611899, -125.265408 53.611805, -125.265397 53.611716, -125.265393 53.611633, -125.265395 53.611554, -125.265403 53.611479, -125.265418 53.611407, -125.26544 53.61134, -125.26547 53.611271, -125.265507 53.611201, -125.265552 53.61113, -125.265604 53.61106, -125.265662 53.610989, -125.265727 53.610921, -125.265796 53.610854, -125.26587 53.61079, -125.265926 53.610746, -125.26599 53.610703, -125.26606 53.610659, -125.26614 53.610613, -125.26622 53.61057, -125.266312 53.610524, -125.26663 53.61037, -125.266756 53.610311, -125.266891 53.610252, -125.267037 53.610194, -125.267197 53.610133, -125.267499 53.610028, -125.268221 53.609787, -125.268406 53.609721, -125.26857 53.60966, -125.269137 53.609439, -125.26958 53.60926, -125.26981 53.609162, -125.270058 53.609052, -125.27033 53.608927, -125.271124 53.608555, -125.271379 53.60844, -125.27161 53.60834, -125.272045 53.608155, -125.27229 53.608054, -125.272525 53.607961, -125.27274 53.60788, -125.273014 53.607784, -125.273311 53.607687, -125.273634 53.607587, -125.274 53.60748, -125.274274 53.607404, -125.274575 53.607324, -125.274911 53.60724, -125.27536 53.60713, -125.275676 53.607055, -125.276012 53.606977, -125.276372 53.606897, -125.27677 53.60681, -125.277178 53.606724, -125.277602 53.606638, -125.278044 53.606551, -125.278509 53.606463, -125.278993 53.606375, -125.279515 53.606283, -125.280086 53.606184, -125.28076 53.60607, -125.281255 53.605988, -125.2818 53.6059, -125.282134 53.605848, -125.282506 53.605793, -125.283723 53.60562, -125.284161 53.605556, -125.284581 53.605492, -125.28496 53.60543, -125.285345 53.605364, -125.285734 53.605296, -125.286129 53.605224, -125.28653 53.60515, -125.287008 53.605059, -125.287405 53.604982, -125.287766 53.60491, -125.2881 53.60484, -125.288522 53.604749, -125.288922 53.604659, -125.289304 53.604569, -125.28967 53.60448, -125.29007 53.604379, -125.290463 53.604275, -125.29085 53.604168, -125.29123 53.60406, -125.291669 53.60393, -125.292061 53.60381, -125.292423 53.603694, -125.29276 53.60358, -125.292835 53.60355, -125.293037 53.603456, -125.293118 53.603423, -125.293155 53.603412, -125.293182 53.603408, -125.293192 53.603408, -125.2932 53.60341, -125.293206 53.603414, -125.293209 53.60342, -125.293211 53.60344, -125.293206 53.603469, -125.293193 53.603505, -125.293177 53.603538, -125.293165 53.603555, -125.293148 53.603573, -125.29305 53.603648, -125.29303 53.603667, -125.293015 53.603685, -125.292993 53.603723, -125.292978 53.603759, -125.292969 53.603793, -125.292967 53.603824, -125.292972 53.603852, -125.292985 53.603883, -125.293003 53.603915, -125.293041 53.603973, -125.293093 53.604047, -125.293151 53.604118, -125.293216 53.604183, -125.293285 53.604244, -125.293359 53.604298, -125.293437 53.604345, -125.293518 53.604387, -125.293603 53.604421, -125.293669 53.604448, -125.293687 53.604453, -125.293701 53.604453, -125.293713 53.604451, -125.293726 53.604445, -125.293753 53.604426, -125.293769 53.604406, -125.293772 53.604398, -125.293771 53.604391, -125.293759 53.604381, -125.293711 53.604359, -125.293694 53.604345, -125.293681 53.604328, -125.293649 53.604256, -125.293629 53.604228, -125.293604 53.604208, -125.293532 53.604162, -125.293517 53.604149, -125.293509 53.604138, -125.293507 53.604127, -125.293509 53.604116, -125.293516 53.604105, -125.293528 53.604092, -125.29356 53.604069, -125.293643 53.604021, -125.293676 53.603999, -125.293703 53.603976, -125.293717 53.603954, -125.293734 53.603904, -125.293736 53.603883, -125.293734 53.603865, -125.293728 53.603849, -125.293715 53.603831, -125.293656 53.603774, -125.293637 53.603752, -125.293593 53.603678, -125.293566 53.603615, -125.293558 53.603586, -125.293554 53.603559, -125.293554 53.603533, -125.293558 53.603508, -125.293563 53.603494, -125.293572 53.603478, -125.293625 53.603408, -125.293633 53.60339, -125.293636 53.603374, -125.293633 53.603353, -125.29361 53.603301, -125.293606 53.603279, -125.293608 53.603265, -125.293613 53.603252, -125.293622 53.603239, -125.293634 53.603227, -125.29365 53.603215, -125.293669 53.603204, -125.293719 53.603183, -125.29377 53.603167, -125.293833 53.603151, -125.294049 53.603106, -125.294119 53.60309, -125.294174 53.603075, -125.29422 53.60306, -125.294307 53.603024, -125.294413 53.602974, -125.294541 53.602909, -125.294917 53.60271, -125.295024 53.602658, -125.295109 53.602621, -125.295154 53.602605, -125.295192 53.602594, -125.295224 53.602588, -125.29525 53.602587, -125.295269 53.602592, -125.295283 53.602602, -125.29529 53.602617, -125.295291 53.602637))"
77,2023-07-29 10:30:57,2023072601,2023,150.3,Derived from satellite imagery,1690354800000,1690472351000,Being Held,JA70003000,1502549.4951,5576.201,139,d20872b6-e49a-4a2e-9862-e8cda46c89a6,4842515.78125,10017.3680222023,https://wildfiresituation.nrs.gov.bc.ca/incidents?fireYear=2023&incidentNumber=G61653,"POLYGON ((-125.259688 56.202742, -125.254548 56.202059, -125.252574 56.20094, -125.253072 56.200532, -125.251489 56.200247, -125.248524 56.199774, -125.24679 56.199309, -125.245679 56.198449, -125.244466 56.197531, -125.244378 56.196791, -125.24419 56.195879, -125.245838 56.195491, -125.247895 56.195162, -125.249126 56.195112, -125.25066 56.195349, -125.251585 56.19524, -125.254262 56.19463, -125.257645 56.19465, -125.258423 56.194781, -125.25898 56.194516, -125.261588 56.194371, -125.272911 56.195241, -125.272973 56.195848, -125.273309 56.195878, -125.274752 56.195488, -125.276192 56.195211, -125.278543 56.195623, -125.2818 56.19695, -125.282093 56.197749, -125.280337 56.198421, -125.277457 56.198917, -125.275394 56.199588, -125.273528 56.200659, -125.271872 56.201503, -125.269602 56.20223, -125.267575 56.202218, -125.266579 56.202639, -125.260545 56.202597, -125.259688 56.202742))"
78,2023-07-29 10:30:57,2023071601,2023,9.5,Non-corrected airborne GPS,1689490800000,1689624496000,Being Held,JA70003000,94702.1867,1381.7248,140,205bf87e-6e60-42cc-a903-b1b5cbed5431,314799.9140625,2520.31035967348,https://wildfiresituation.nrs.gov.bc.ca/incidents?fireYear=2023&incidentNumber=G61714,"POLYGON ((-125.155393 56.787756, -125.156545 56.787097, -125.163526 56.785532, -125.165171 56.786373, -125.163257 56.787643, -125.15862 56.788308, -125.156806 56.788014, -125.155393 56.787756))"
79,2023-07-29 10:30:57,2023061401,2023,4427.2,Non-corrected airborne GPS,1686726000000,1686784463000,Under Control,JA70003000,44271687.2248,57146.0196,153,630797b4-13fc-4124-b9dc-ecc689ce6995,136692971.273438,100429.756585692,https://wildfiresituation.nrs.gov.bc.ca/incidents?fireYear=2023&incidentNumber=G70644,"POLYGON ((-120.047657 55.390225, -120.047541 55.389715, -120.047127 55.389286, -120.0465 55.388953, -120.045861 55.388641, -120.045274 55.388306, -120.044817 55.387913, -120.044451 55.387481, -120.044088 55.387044, -120.04363 55.386626, -120.043082 55.386226, -120.042568 55.3856, -120.042744 55.385186, -120.04332 55.384848, -120.044191 55.384697, -120.045666 55.384512, -120.046517 55.384265, -120.046917 55.383889, -120.046842 55.383539, -120.046338 55.383345, -120.045706 55.383252, -120.045067 55.383196, -120.044442 55.383199, -120.043818 55.383256, -120.043239 55.383381, -120.042704 55.383509, -120.042143 55.383624, -120.041514 55.383672, -120.040898 55.38377, -120.040334 55.383957, -120.03969 55.384143, -120.03897 55.384236, -120.037859 55.384252, -120.037137 55.384315, -120.036451 55.384387, -120.035848 55.384592, -120.035514 55.384947, -120.035396 55.385352, -120.035153 55.385713, -120.0346 55.38594, -120.033928 55.386112, -120.032845 55.386335, -120.032105 55.386416, -120.031402 55.386419, -120.030721 55.386362, -120.030189 55.386197, -120.029823 55.385933, -120.0295 55.385646, -120.02918 55.385355, -120.028941 55.385036, -120.028908 55.38464, -120.028903 55.384205, -120.028829 55.383758, -120.028623 55.383312, -120.028461 55.382625, -120.028721 55.38219, -120.029176 55.381793, -120.029726 55.381438, -120.030252 55.381079, -120.030664 55.380746, -120.030783 55.38025, -120.030354 55.380205, -120.029785 55.380369, -120.028724 55.380787, -120.027951 55.381014, -120.027141 55.381141, -120.026321 55.381128, -120.025522 55.381035, -120.024719 55.380928, -120.023524 55.38073, -120.022421 55.380452, -120.021743 55.380314, -120.020799 55.380512, -120.020092 55.380968, -120.019744 55.381321, -120.019533 55.381963, -120.019328 55.382655, -120.019008 55.383355, -120.018649 55.384058, -120.018236 55.384745, -120.017772 55.385397, -120.017262 55.386057, -120.016519 55.386533, -120.015594 55.386716, -120.014576 55.386766, -120.013908 55.386831, -120.013267 55.386932, -120.012642 55.387056, -120.012024 55.387206, -120.011413 55.387362, -120.01083 55.387418, -120.010303 55.38734, -120.00984 55.387145, -120.009429 55.386893, -120.008977 55.386652, -120.008464 55.38646, -120.007889 55.386352, -120.006954 55.386237, -120.006289 55.386145, -120.005413 55.386091, -120.005128 55.385908, -120.005331 55.385444, -120.005424 55.384943, -120.004864 55.384734, -120.004117 55.384744, -120.003196 55.384782, -120.002174 55.384743, -120.001318 55.384534, -120.001205 55.3841, -120.001613 55.38358, -120.001828 55.383001, -120.001919 55.382457, -120.002088 55.382004, -120.002487 55.381613, -120.00289 55.381165, -120.00307 55.380842, -120.00323 55.380545, -120.003484 55.380282, -120.003803 55.380015, -120.004173 55.37958, -120.004289 55.379276, -120.004212 55.378828, -120.003948 55.378366, -120.003622 55.378071, -120.003139 55.377799, -120.00266 55.377528, -120.00242 55.377228, -120.002707 55.376877, -120.003607 55.3767, -120.004645 55.376335, -120.005527 55.375774, -120.006559 55.375348, -120.007967 55.375259, -120.009442 55.375233, -120.010688 55.374927, -120.011226 55.374594, -120.011403 55.374211, -120.011372 55.373819, -120.011299 55.373221, -120.011356 55.372816, -120.01144 55.372384, -120.011453 55.37168, -120.011209 55.3712, -120.010665 55.370804, -120.010066 55.37044, -120.009517 55.370106, -120.00932 55.3697, -120.00947 55.369423, -120.009953 55.36933, -120.010587 55.369412, -120.011277 55.369595, -120.012033 55.369853, -120.012854 55.37008, -120.013668 55.370238, -120.01445 55.37031, -120.015172 55.370301, -120.015821 55.370204, -120.016471 55.370085, -120.017171 55.370019, -120.017904 55.369991, -120.01858 55.369898, -120.019089 55.369686, -120.019356 55.36942, -120.019494 55.369121, -120.019622 55.368828, -120.019741 55.368522, -120.019865 55.368178, -120.019997 55.36761, -120.020023 55.36721, -120.020082 55.366856, -120.020296 55.366587, -120.020768 55.366399, -120.021258 55.366179, -120.021476 55.365882, -120.021395 55.365569, -120.021367 55.365459, -120.021147 55.365229, -120.020975 55.364987, -120.020681 55.3646, -120.020299 55.36442, -120.019973 55.364228, -120.019792 55.364036, -120.019887 55.363862, -120.020234 55.363716, -120.020797 55.363462, -120.02105 55.363239, -120.02123 55.362881, -120.021219 55.362632, -120.021107 55.362371, -120.020954 55.362098, -120.020792 55.361819, -120.020608 55.361535, -120.020381 55.361283, -120.020155 55.361108, -120.020071 55.360984, -120.020203 55.360867, -120.020608 55.360812, -120.02122 55.360797, -120.021808 55.360705, -120.022202 55.360513, -120.022301 55.360267, -120.022194 55.360029, -120.022125 55.359782, -120.022177 55.359513, -120.022214 55.359233, -120.022255 55.358966, -120.022325 55.358716, -120.022476 55.358456, -120.022503 55.35819, -120.0222 55.358026, -120.022134 55.35799, -120.021736 55.357808, -120.021586 55.357622, -120.021805 55.357429, -120.02232 55.357324, -120.022981 55.357316, -120.023641 55.35731, -120.024248 55.357237, -120.024708 55.357045, -120.024975 55.356777, -120.025108 55.356462, -120.025149 55.356126, -120.025249 55.355795, -120.025443 55.355471, -120.025712 55.355168, -120.026018 55.354873, -120.026374 55.354617, -120.026763 55.354434, -120.027207 55.354351, -120.027665 55.354339, -120.028047 55.354345, -120.028324 55.354402, -120.028509 55.35456, -120.028635 55.354796, -120.028866 55.354978, -120.029201 55.355041, -120.029677 55.354941, -120.029877 55.354675, -120.029972 55.354371, -120.029979 55.354088, -120.029927 55.353834, -120.029811 55.353678, -120.029697 55.35351, -120.029522 55.353323, -120.029206 55.353156, -120.028931 55.353, -120.028924 55.35288, -120.029274 55.35284, -120.029832 55.35282, -120.030203 55.352669, -120.030323 55.35244, -120.030332 55.352187, -120.03015 55.351932, -120.029961 55.351673, -120.029805 55.351397, -120.029715 55.351118, -120.029673 55.35083, -120.02966 55.350535, -120.029646 55.350215, -120.029595 55.349866, -120.029407 55.349434, -120.02924 55.34906, -120.029489 55.348804, -120.029916 55.348791, -120.030266 55.349064, -120.030691 55.349387, -120.030905 55.3497, -120.030935 55.350083, -120.030859 55.350488, -120.030786 55.35089, -120.03076 55.351272, -120.030835 55.35162, -120.031113 55.351898, -120.031642 55.352032, -120.032379 55.352004, -120.033205 55.351881, -120.034038 55.351726, -120.034866 55.351537, -120.035667 55.351299, -120.036085 55.351233, -120.036772 55.351244, -120.036896 55.351271, -120.037291 55.351356, -120.037914 55.351537, -120.038328 55.351591, -120.038573 55.351705, -120.03871 55.351754, -120.03885 55.351811, -120.038926 55.351839, -120.039003 55.35185, -120.039113 55.351872, -120.039206 55.351892, -120.039297 55.35192, -120.039499 55.35198, -120.039606 55.352027, -120.039698 55.352065, -120.039804 55.352104, -120.039912 55.352151, -120.039986 55.352198, -120.040154 55.352292, -120.040212 55.352347, -120.040332 55.35244, -120.040436 55.352514, -120.040497 55.35257, -120.04054 55.352625, -120.040598 55.352671, -120.040673 55.352728, -120.040734 55.352773, -120.040824 55.35283, -120.040899 55.352876, -120.040974 55.352933, -120.041033 55.352987, -120.041108 55.353034, -120.041184 55.353089, -120.04132 55.353165, -120.041438 55.353258, -120.041529 55.353296, -120.041623 55.353334, -120.041728 55.353381, -120.041806 55.353411, -120.041899 55.353448, -120.041989 55.353478, -120.042097 55.353508, -120.042191 55.353537, -120.042284 55.353557, -120.042377 55.353578, -120.042656 55.353638, -120.042734 55.353658, -120.042844 55.353679, -120.042952 55.353699, -120.043046 55.35371, -120.043139 55.35373, -120.043247 55.353752, -120.043357 55.353772, -120.043481 55.353784, -120.043609 55.353796, -120.043717 55.353799, -120.043829 55.353802, -120.043938 55.353813, -120.044031 55.353824, -120.044124 55.353844, -120.044202 55.353847, -120.044282 55.353849, -120.044376 55.35385, -120.044472 55.353844, -120.044551 55.353846, -120.044628 55.353847, -120.044753 55.353869, -120.044843 55.353925, -120.044969 55.353945, -120.045081 55.353921, -120.045114 55.353914, -120.045193 55.353907, -120.045272 55.3539, -120.045397 55.35392, -120.045503 55.353985, -120.045627 55.353998, -120.045707 55.354, -120.0458 55.354002, -120.045945 55.353988, -120.046024 55.353981, -120.046135 55.353974, -120.046231 55.353967, -120.046701 55.353799, -120.046737 55.353746, -120.046831 55.353722, -120.046976 55.353698, -120.047069 55.3537, -120.047151 55.353693, -120.047307 55.353706, -120.047449 55.353709, -120.047592 55.353686, -120.047623 55.353686, -120.047719 55.353662, -120.047832 55.353646, -120.047944 55.353622, -120.048024 55.353598, -120.048121 55.353582, -120.048233 55.353548, -120.048301 55.353497, -120.048256 55.35345, -120.048214 55.353377, -120.048189 55.353305, -120.048178 55.353223, -120.048182 55.353179, -120.048202 55.353107, -120.048256 55.353054, -120.048259 55.353001, -120.048262 55.352947, -120.048283 55.352884, -120.048287 55.352839, -120.048338 55.352786, -120.048337 55.352778, -120.048341 55.352723, -120.04844 55.352664, -120.04854 55.352612, -120.048689 55.352534, -120.048771 55.352483, -120.048822 55.35243, -120.048904 55.352369, -120.048974 55.352308, -120.049025 55.352255, -120.049059 55.352211, -120.049047 55.352157, -120.049019 55.352111, -120.048915 55.352027, -120.048839 55.351999, -120.048746 55.351979, -120.048652 55.351949, -120.048543 55.35192, -120.048453 55.35189, -120.048357 55.35187, -120.048267 55.35184, -120.04816 55.351766, -120.048118 55.351712, -120.048091 55.351667, -120.048062 55.351611, -120.04805 55.351548, -120.048024 55.351484, -120.047935 55.351393, -120.047833 55.351301, -120.047695 55.351234, -120.047591 55.351168, -120.047531 55.351123, -120.047488 55.351067, -120.047414 55.351003, -120.047324 55.350919, -120.047205 55.350835, -120.047085 55.350752, -120.047011 55.350687, -120.046951 55.350631, -120.046893 55.350559, -120.046821 55.350485, -120.046762 55.350438, -120.046719 55.350375, -120.046661 55.350309, -120.046601 55.350237, -120.046561 55.350154, -120.046504 55.350082, -120.04643 55.350007, -120.046372 55.349935, -120.046299 55.349869, -120.04624 55.349805, -120.046182 55.34975, -120.046138 55.349686, -120.04608 55.34963, -120.046021 55.349566, -120.04593 55.34951, -120.045855 55.349463, -120.045796 55.349399, -120.045739 55.349352, -120.045665 55.349288, -120.045574 55.349223, -120.045483 55.349157, -120.045394 55.349093, -120.04532 55.349028, -120.045261 55.348964, -120.045205 55.348889, -120.045131 55.348825, -120.045073 55.348753, -120.044997 55.348687, -120.044938 55.348643, -120.044909 55.348622, -120.044835 55.348558, -120.044744 55.348502, -120.044669 55.348445, -120.044595 55.348381, -120.044537 55.348325, -120.044402 55.348233, -120.044309 55.348186, -120.044218 55.348138, -120.044128 55.348091, -120.044037 55.348035, -120.043913 55.347997, -120.043805 55.347967, -120.043682 55.347937, -120.043558 55.347907, -120.043449 55.347868, -120.043375 55.347821, -120.04324 55.347727, -120.043148 55.34769, -120.043056 55.347652, -120.042887 55.347593, -120.042794 55.347574, -120.042687 55.347535, -120.042564 55.347495, -120.042455 55.347457, -120.042365 55.34741, -120.042274 55.347354, -120.042168 55.347306, -120.04206 55.347259, -120.041953 55.347212, -120.041848 55.347155, -120.041755 55.347108, -120.041682 55.347042, -120.041608 55.346978, -120.041517 55.346923, -120.041426 55.346857, -120.041353 55.346792, -120.041277 55.346736, -120.041203 55.346689, -120.041129 55.346634, -120.041039 55.346578, -120.040946 55.346521, -120.040873 55.346465, -120.040799 55.346401, -120.040738 55.346346, -120.040605 55.346253, -120.040514 55.346205, -120.040438 55.346159, -120.040348 55.346102, -120.040288 55.346047, -120.040185 55.345954, -120.04014 55.345917, -120.040081 55.345863, -120.040023 55.345798, -120.039965 55.345742, -120.039906 55.345678, -120.039847 55.345614, -120.039789 55.345558, -120.039713 55.345503, -120.039578 55.34541, -120.039488 55.345363, -120.03943 55.345308, -120.03937 55.345261, -120.039294 55.345205, -120.039218 55.345167, -120.039142 55.345121, -120.039023 55.345037, -120.038963 55.34499, -120.038811 55.344906, -120.038628 55.344829, -120.038553 55.344774, -120.038479 55.344718, -120.038404 55.344662, -120.038346 55.344607, -120.038301 55.34456, -120.038259 55.344497, -120.038214 55.34445, -120.038079 55.344358, -120.038005 55.344319, -120.037851 55.344244, -120.037776 55.344197, -120.037624 55.344113, -120.037505 55.344029, -120.037417 55.343946, -120.037311 55.343871, -120.037204 55.343824, -120.037131 55.343768, -120.037021 55.343747, -120.036942 55.343745, -120.036833 55.343715, -120.036761 55.343643, -120.036703 55.343587, -120.036612 55.343522, -120.036539 55.343439, -120.036467 55.343356, -120.036394 55.343274, -120.03632 55.3432, -120.036278 55.343127, -120.036235 55.343072, -120.036209 55.343017, -120.036166 55.342962, -120.036122 55.342898, -120.036079 55.342835, -120.036038 55.342771, -120.035994 55.342707, -120.035983 55.342653, -120.035955 55.342597, -120.035959 55.342543, -120.035979 55.342491, -120.036015 55.342428, -120.036037 55.342357, -120.036071 55.342312, -120.036106 55.34226, -120.036157 55.342207, -120.036226 55.342164, -120.036276 55.342112, -120.036376 55.34205, -120.036472 55.342008, -120.036717 55.341907, -120.036798 55.341872, -120.036898 55.341811, -120.036994 55.341778, -120.037076 55.341734, -120.03719 55.341702, -120.037288 55.341659, -120.037357 55.341589, -120.037503 55.341521, -120.03765 55.341461, -120.037764 55.341401, -120.037877 55.341358, -120.037993 55.341307, -120.038122 55.341257, -120.038204 55.341223, -120.038334 55.341172, -120.03843 55.341139, -120.038512 55.341105, -120.038592 55.341079, -120.038674 55.341055, -120.038769 55.341029, -120.038851 55.341005, -120.038931 55.340979, -120.039091 55.340938, -120.039206 55.340897, -120.039318 55.340863, -120.039416 55.340821, -120.039529 55.340779, -120.039676 55.340729, -120.039822 55.340677, -120.039903 55.340653, -120.039999 55.340628, -120.040095 55.340603, -120.040192 55.340579, -120.040271 55.340562, -120.040368 55.340538, -120.04045 55.340514, -120.040545 55.340498, -120.040625 55.340472, -120.040737 55.340448, -120.040834 55.340424, -120.040929 55.340408, -120.041044 55.340384, -120.041124 55.340358, -120.041203 55.340334, -120.041301 55.340319, -120.041396 55.340293, -120.041506 55.340287, -120.041619 55.340272, -120.041746 55.340257, -120.04184 55.34025, -120.041953 55.340235, -120.042048 55.340229, -120.042142 55.340222, -120.042238 55.340215, -120.042318 55.340199, -120.042414 55.340183, -120.042509 55.340168, -120.042606 55.340143, -120.042701 55.340128, -120.042799 55.340112, -120.042877 55.340095, -120.042972 55.340079, -120.043069 55.340055, -120.04315 55.340039, -120.043245 55.340024, -120.043341 55.340017, -120.043607 55.340051, -120.043603 55.340095, -120.043521 55.340156, -120.043422 55.340189, -120.043295 55.340213, -120.043149 55.340246, -120.043006 55.340279, -120.042877 55.340311, -120.042778 55.340371, -120.042853 55.340418, -120.042962 55.34044, -120.043088 55.34046, -120.043229 55.340464, -120.043388 55.34045, -120.043515 55.340425, -120.043646 55.340384, -120.043758 55.340333, -120.043872 55.34029, -120.043955 55.340247, -120.044069 55.340188, -120.044169 55.340126, -120.044251 55.340092, -120.044349 55.340051, -120.044445 55.340017, -120.044559 55.339974, -120.044704 55.339933, -120.044864 55.339891, -120.044946 55.339867, -120.045027 55.339851, -120.045107 55.339826, -120.045251 55.339776, -120.045399 55.339725, -120.045543 55.339665, -120.045692 55.339597, -120.045838 55.339528, -120.045985 55.339451, -120.046134 55.339383, -120.046279 55.339315, -120.046361 55.33928, -120.04646 55.339248, -120.046555 55.339222, -120.046636 55.339189, -120.046733 55.339155, -120.046815 55.339129, -120.046976 55.339071, -120.047108 55.339011, -120.047271 55.338934, -120.047415 55.338884, -120.047562 55.338825, -120.047662 55.338773, -120.047711 55.338729, -120.047794 55.338676, -120.047875 55.338634, -120.048022 55.338584, -120.048104 55.33855, -120.048201 55.338526, -120.048298 55.338491, -120.048379 55.338457, -120.04854 55.338399, -120.048637 55.338375, -120.048719 55.33834, -120.048814 55.338315, -120.048911 55.338291, -120.049006 55.338275, -120.049103 55.338251, -120.049184 55.338234, -120.04928 55.338228, -120.04936 55.338212, -120.049454 55.338205, -120.049566 55.338189, -120.04966 55.338182, -120.049773 55.338177, -120.049883 55.338171, -120.049977 55.338164, -120.050073 55.338157, -120.050152 55.33815, -120.050312 55.338145, -120.050451 55.338157, -120.050873 55.337799, -120.051549 55.337303, -120.052313 55.336473, -120.052378 55.336383, -120.053227 55.336082, -120.054099 55.33578, -120.054973 55.335475, -120.055935 55.335204, -120.056996 55.335061, -120.058122 55.335058, -120.059202 55.335051, -120.060234 55.335051, -120.061256 55.335051, -120.062247 55.335049, -120.063207 55.335037, -120.064159 55.335019, -120.065067 55.33504, -120.065957 55.335065, -120.066804 55.335065, -120.067673 55.335057, -120.068572 55.335068, -120.069499 55.335063, -120.070467 55.335051, -120.071448 55.335038, -120.072475 55.335048, -120.073562 55.335045, -120.074646 55.335035, -120.07577 55.335046, -120.076902 55.335035, -120.077997 55.335017, -120.07905 55.335054, -120.080071 55.335097, -120.081022 55.335112, -120.081887 55.335133, -120.082589 55.335144, -120.083142 55.335148, -120.083294 55.335139, -120.083586 55.335123, -120.084161 55.335078, -120.084221 55.335181, -120.08428 55.335283, -120.084353 55.335411, -120.08443 55.335543, -120.084486 55.335641, -120.084539 55.335734, -120.084618 55.33587, -120.084703 55.336017, -120.084761 55.336118, -120.08481 55.336203, -120.084615 55.336374, -120.084683 55.336514, -120.084764 55.336638, -120.084854 55.336781, -120.085188 55.336856, -120.085265 55.336989, -120.085348 55.337129, -120.085431 55.33727, -120.085527 55.337435, -120.085629 55.337607, -120.085727 55.337773, -120.085811 55.337917, -120.08592 55.338103, -120.086032 55.338294, -120.086128 55.338455, -120.086218 55.338609, -120.086318 55.338767, -120.086432 55.33894, -120.086549 55.3391, -120.086656 55.339234, -120.086753 55.339349, -120.08685 55.33946, -120.086953 55.339565, -120.087108 55.339698, -120.087237 55.339766, -120.087525 55.339782, -120.087609 55.339799, -120.087662 55.339786, -120.087735 55.339679, -120.087874 55.3395, -120.088043 55.339321, -120.088197 55.339163, -120.088358 55.339, -120.088588 55.33886, -120.088699 55.338736, -120.088823 55.338561, -120.088778 55.338445, -120.088647 55.338349, -120.088573 55.338272, -120.088482 55.338141, -120.088266 55.338072, -120.08805 55.338058, -120.087935 55.338012, -120.087823 55.337981, -120.087732 55.337909, -120.087628 55.337769, -120.087532 55.337619, -120.087486 55.337532, -120.087541 55.337433, -120.087618 55.337332, -120.087642 55.337228, -120.087526 55.33715, -120.087374 55.337121, -120.087204 55.337123, -120.08704 55.337061, -120.086941 55.336944, -120.086965 55.336787, -120.087094 55.336707, -120.087107 55.336557, -120.086877 55.336443, -120.086724 55.33635, -120.0866 55.33623, -120.0866 55.33623, -120.086546 55.336155, -120.086642 55.336145, -120.086837 55.336159, -120.087142 55.336112, -120.087382 55.335964, -120.087588 55.335858, -120.087861 55.335879, -120.088134 55.335942, -120.088323 55.336101, -120.088528 55.336184, -120.088713 55.336197, -120.088951 55.336168, -120.089132 55.336053, -120.089187 55.335898, -120.089234 55.335788, -120.089357 55.335774, -120.089611 55.335799, -120.089869 55.335826, -120.090208 55.335866, -120.090545 55.335873, -120.090781 55.335929, -120.090974 55.336036, -120.091202 55.336132, -120.091526 55.336124, -120.091884 55.336139, -120.092132 55.336167, -120.092263 55.336182, -120.092581 55.336217, -120.092813 55.336228, -120.093029 55.336249, -120.093284 55.336277, -120.093596 55.336305, -120.09389 55.336339, -120.094145 55.33639, -120.094312 55.336445, -120.094409 55.336568, -120.094617 55.336726, -120.094939 55.336827, -120.095195 55.336896, -120.095374 55.336978, -120.095537 55.33711, -120.095804 55.337304, -120.096138 55.337401, -120.096358 55.337306, -120.096492 55.337222, -120.096771 55.337187, -120.097112 55.337118, -120.097436 55.337075, -120.097748 55.337147, -120.097957 55.337307, -120.09805 55.337492, -120.098088 55.337692, -120.098082 55.337883, -120.098097 55.338092, -120.098227 55.338285, -120.098262 55.338458, -120.098259 55.338662, -120.098225 55.338878, -120.098144 55.339033, -120.098048 55.339187, -120.097953 55.339408, -120.097923 55.339555, -120.097907 55.339696, -120.097912 55.339829, -120.097931 55.340032, -120.097983 55.340265, -120.097975 55.340545, -120.097919 55.340812, -120.097812 55.341052, -120.097697 55.341276, -120.097585 55.341537, -120.097608 55.341811, -120.097597 55.342052, -120.097466 55.342319, -120.09735 55.342574, -120.097259 55.342769, -120.097071 55.342947, -120.096767 55.343131, -120.096423 55.343381, -120.096397 55.343694, -120.096605 55.343969, -120.096834 55.344181, -120.096931 55.344406, -120.09693 55.344699, -120.097055 55.345006, -120.097423 55.345188, -120.097897 55.345121, -120.098278 55.344905, -120.098641 55.344648, -120.098924 55.344345, -120.099038 55.344013, -120.099268 55.343745, -120.099651 55.343542, -120.100009 55.343316, -120.100248 55.343072, -120.100395 55.342845, -120.100503 55.342652, -120.1007 55.342452, -120.100921 55.342243, -120.101225 55.342019, -120.101476 55.341793, -120.101596 55.341672, -120.101842 55.341556, -120.102166 55.341538, -120.102531 55.341576, -120.102923 55.341584, -120.103133 55.341603, -120.103364 55.341695, -120.103343 55.341844, -120.102994 55.341977, -120.102592 55.342094, -120.102559 55.342158, -120.102942 55.342092, -120.103391 55.3422, -120.103585 55.342411, -120.103528 55.342582, -120.103368 55.342701, -120.103058 55.342804, -120.102582 55.342936, -120.102267 55.343188, -120.102233 55.34347, -120.102309 55.343707, -120.10223 55.343902, -120.101812 55.344112, -120.101275 55.344314, -120.100979 55.344614, -120.101221 55.344929, -120.101609 55.345184, -120.102026 55.345405, -120.102448 55.345506, -120.102803 55.345299, -120.102916 55.344984, -120.103038 55.344645, -120.103249 55.344328, -120.103515 55.344054, -120.103559 55.3438, -120.103412 55.343601, -120.103251 55.343429, -120.103456 55.343221, -120.103947 55.343022, -120.104294 55.342774, -120.104455 55.342525, -120.104584 55.34227, -120.104666 55.342028, -120.10474 55.341872, -120.10483 55.341609, -120.104857 55.34141, -120.104901 55.341093, -120.104876 55.340723, -120.104662 55.340542, -120.104302 55.340379, -120.103991 55.340302, -120.103822 55.340215, -120.103936 55.340072, -120.104094 55.339926, -120.104194 55.339818, -120.104336 55.339706, -120.104451 55.339601, -120.104466 55.339477, -120.104568 55.339302, -120.104748 55.339107, -120.10478 55.338912, -120.104633 55.338762, -120.104327 55.338645, -120.103958 55.338565, -120.103605 55.338551, -120.103342 55.338609, -120.103154 55.338633, -120.103108 55.338532, -120.1032 55.338397, -120.10338 55.33823, -120.103446 55.338023, -120.103401 55.337843, -120.103466 55.337723, -120.103696 55.33775, -120.103954 55.337815, -120.104282 55.337842, -120.104618 55.337883, -120.104878 55.337989, -120.105091 55.33798, -120.105155 55.337871, -120.105211 55.337735, -120.10541 55.337649, -120.105611 55.337626, -120.105808 55.337726, -120.106064 55.337816, -120.106213 55.337749, -120.106257 55.33767, -120.106294 55.337584, -120.106297 55.337443, -120.106179 55.337335, -120.105948 55.337265, -120.105795 55.337185, -120.105745 55.337096, -120.105711 55.336978, -120.105656 55.336863, -120.105547 55.33677, -120.105542 55.336687, -120.105487 55.336552, -120.105405 55.336417, -120.105361 55.336276, -120.10537 55.336149, -120.105302 55.336033, -120.105057 55.336, -120.104892 55.335926, -120.104764 55.33579, -120.104701 55.335649, -120.104611 55.335525, -120.104492 55.335415, -120.104441 55.335296, -120.104417 55.33516, -120.104281 55.335135, -120.104101 55.335214, -120.103828 55.335235, -120.103569 55.3352, -120.103314 55.335148, -120.103074 55.335078, -120.102798 55.334991, -120.102533 55.334948, -120.102262 55.334968, -120.102034 55.335022, -120.101778 55.335044, -120.101533 55.335085, -120.10132 55.335137, -120.101074 55.335135, -120.10076 55.335138, -120.100398 55.335157, -120.100021 55.335211, -120.099743 55.335218, -120.099523 55.335131, -120.099433 55.335041, -120.099408 55.334951, -120.09949 55.334843, -120.099587 55.334789, -120.099754 55.33477, -120.099886 55.334792, -120.100068 55.334782, -120.10018 55.33468, -120.100316 55.334581, -120.100454 55.334521, -120.100575 55.33443, -120.100645 55.334326, -120.100733 55.334233, -120.100824 55.334132, -120.100866 55.334013, -120.10088 55.333907, -120.100891 55.33381, -120.100739 55.33378, -120.10059 55.33382, -120.10041 55.33383, -120.100246 55.333803, -120.100095 55.333714, -120.099868 55.333609, -120.09964 55.333497, -120.099437 55.333466, -120.099231 55.333441, -120.09899 55.333402, -120.09873 55.333419, -120.098522 55.333476, -120.098351 55.333526, -120.09819 55.333548, -120.098077 55.33362, -120.098038 55.333709, -120.09794 55.333779, -120.097858 55.333818, -120.097733 55.333839, -120.097559 55.333844, -120.097402 55.333858, -120.097236 55.333866, -120.097052 55.333913, -120.096907 55.333994, -120.096779 55.334072, -120.096627 55.334068, -120.096517 55.334018, -120.096388 55.333892, -120.096269 55.333751, -120.096217 55.333678, -120.09653 55.333487, -120.096621 55.333446, -120.096847 55.3333, -120.097082 55.333162, -120.097353 55.333069, -120.097713 55.333095, -120.098074 55.333126, -120.098424 55.333107, -120.098742 55.332975, -120.098996 55.332787, -120.099273 55.332621, -120.099524 55.332499, -120.099695 55.332377, -120.099678 55.332264, -120.099562 55.33213, -120.099295 55.331807, -120.099518 55.331657, -120.099551 55.331616, -120.100304 55.331145, -120.101141 55.330618, -120.101849 55.330184, -120.102053 55.330084, -120.102529 55.329822, -120.103008 55.329506, -120.103396 55.329232, -120.103475 55.329176, -120.103918 55.328881, -120.10427 55.328638, -120.104705 55.328496, -120.105207 55.328531, -120.105777 55.328651, -120.10636 55.328707, -120.106783 55.32873, -120.107282 55.328743, -120.108097 55.328742, -120.108888 55.328743, -120.109603 55.328747, -120.110323 55.328762, -120.111081 55.328808, -120.111912 55.328847, -120.112737 55.328845, -120.113525 55.328779, -120.114308 55.328685, -120.115138 55.328623, -120.116058 55.328595, -120.117103 55.328622, -120.118118 55.32863, -120.11906 55.328644, -120.119953 55.328675, -120.120808 55.328695, -120.121587 55.328693, -120.122337 55.328701, -120.123049 55.328776, -120.123736 55.32889, -120.124419 55.328919, -120.125129 55.328781, -120.12577 55.328547, -120.126446 55.328328, -120.127197 55.328226, -120.127987 55.328232, -120.128784 55.328258, -120.129664 55.328273, -120.130618 55.328278, -120.131608 55.328276, -120.132674 55.32826, -120.133772 55.328238, -120.134861 55.328223, -120.135901 55.328219, -120.136922 55.328216, -120.137614 55.328228, -120.137654 55.328227, -120.138408 55.328238, -120.139161 55.32826, -120.139911 55.32828, -120.140268 55.328298, -120.140891 55.328301, -120.141829 55.328297, -120.142745 55.328291, -120.143672 55.328297, -120.144605 55.328303, -120.145524 55.328304, -120.146427 55.328312, -120.146631 55.32832, -120.146949 55.328317, -120.147649 55.328361, -120.148014 55.3284, -120.148176 55.328413, -120.149046 55.328423, -120.149591 55.328408, -120.149781 55.328405, -120.150389 55.328395, -120.151198 55.32838, -120.151997 55.3284, -120.152765 55.328404, -120.153548 55.328405, -120.154318 55.328403, -120.155081 55.328399, -120.155824 55.328404, -120.156526 55.328393, -120.157212 55.328396, -120.157894 55.328385, -120.158557 55.328387, -120.159183 55.328378, -120.159786 55.328382, -120.160391 55.328381, -120.160962 55.328382, -120.161554 55.328389, -120.16222 55.328385, -120.162906 55.328386, -120.163616 55.328393, -120.163874 55.328399, -120.164301 55.32841, -120.164962 55.328414, -120.165626 55.328392, -120.165803 55.328369, -120.166264 55.328307, -120.166888 55.328211, -120.167519 55.328116, -120.168069 55.32812, -120.168501 55.328165, -120.168799 55.328239, -120.169031 55.32833, -120.169246 55.328425, -120.169498 55.328603, -120.169818 55.328857, -120.170022 55.329026, -120.170211 55.329182, -120.170608 55.329526, -120.170987 55.329862, -120.171186 55.330056, -120.171302 55.330169, -120.171535 55.33046, -120.171677 55.330622, -120.171806 55.330765, -120.171991 55.330986, -120.172134 55.331226, -120.172198 55.331393, -120.172305 55.331676, -120.172475 55.331943, -120.172671 55.332188, -120.172725 55.332254, -120.172845 55.332467, -120.172937 55.332548, -120.173028 55.332707, -120.173106 55.332996, -120.173103 55.333008, -120.173067 55.33319, -120.172913 55.333232, -120.172769 55.333217, -120.172717 55.333202, -120.172561 55.333155, -120.172348 55.333031, -120.172134 55.332869, -120.171978 55.332714, -120.171847 55.332576, -120.171809 55.332445, -120.171881 55.332342, -120.171996 55.3322, -120.171979 55.332055, -120.171802 55.331942, -120.171609 55.331837, -120.171416 55.331729, -120.171219 55.331615, -120.171088 55.331461, -120.171073 55.33132, -120.17111 55.331193, -120.171198 55.331074, -120.171233 55.330954, -120.171177 55.330858, -120.171068 55.330769, -120.170922 55.330682, -120.17079 55.330618, -120.170667 55.330557, -120.170555 55.330476, -120.170397 55.330406, -120.17027 55.330346, -120.170178 55.330301, -120.170048 55.330248, -120.16997 55.330198, -120.169864 55.330136, -120.16976 55.330115, -120.169659 55.33009, -120.169511 55.330044, -120.16941 55.330005, -120.169277 55.32992, -120.169095 55.329873, -120.168901 55.329846, -120.168825 55.329793, -120.168796 55.329684, -120.168831 55.329538, -120.16878 55.329401, -120.168657 55.329255, -120.168435 55.329128, -120.168247 55.32904, -120.168115 55.328989, -120.16806 55.328966, -120.167154 55.328938, -120.167103 55.328948, -120.166994 55.328933, -120.16631 55.328912, -120.166193 55.32893, -120.165943 55.328956, -120.16569 55.328937, -120.165461 55.328957, -120.165208 55.328999, -120.164926 55.329033, -120.164704 55.329059, -120.164484 55.329092, -120.164299 55.329165, -120.164195 55.3293, -120.164169 55.329407, -120.164125 55.329405, -120.163978 55.329384, -120.163736 55.329366, -120.16356 55.329359, -120.163421 55.329388, -120.163183 55.329428, -120.162986 55.329504, -120.162876 55.329528, -120.162788 55.329531, -120.162672 55.329481, -120.162618 55.329389, -120.16251 55.329269, -120.162371 55.329164, -120.162252 55.329056, -120.162142 55.328915, -120.161993 55.328835, -120.161808 55.328829, -120.161614 55.328883, -120.161449 55.328867, -120.16134 55.328802, -120.161278 55.328758, -120.159775 55.328712, -120.159756 55.328717, -120.15959 55.328765, -120.15944 55.328816, -120.159332 55.328859, -120.159208 55.32891, -120.159047 55.328976, -120.158976 55.329041, -120.158865 55.329046, -120.158756 55.329005, -120.158629 55.328918, -120.158523 55.328793, -120.158366 55.328669, -120.15746 55.328641, -120.157406 55.32865, -120.157241 55.32867, -120.157082 55.328733, -120.156964 55.328773, -120.156818 55.328796, -120.156693 55.328811, -120.156496 55.32881, -120.15637 55.328813, -120.156188 55.328801, -120.156027 55.328791, -120.1559 55.328818, -120.155766 55.328865, -120.155591 55.328929, -120.155409 55.328967, -120.155251 55.328985, -120.155084 55.329027, -120.154978 55.329102, -120.154834 55.329162, -120.154735 55.329234, -120.154646 55.329304, -120.154506 55.329366, -120.154409 55.329447, -120.154334 55.329507, -120.154206 55.329579, -120.154147 55.329688, -120.153993 55.329736, -120.153832 55.329748, -120.153631 55.329739, -120.153447 55.329777, -120.153255 55.329776, -120.153097 55.32973, -120.152988 55.329664, -120.152907 55.329544, -120.152832 55.32941, -120.152704 55.329314, -120.152542 55.329263, -120.152374 55.329206, -120.152174 55.329104, -120.151921 55.328994, -120.15171 55.328955, -120.151457 55.32896, -120.151211 55.328979, -120.151033 55.328996, -120.15088 55.328969, -120.150699 55.328935, -120.150518 55.32888, -120.150298 55.328838, -120.150092 55.328834, -120.149888 55.328832, -120.149635 55.328845, -120.149456 55.32885, -120.149207 55.328846, -120.149091 55.328859, -120.149042 55.328925, -120.148953 55.329062, -120.14882 55.329179, -120.14861 55.329204, -120.148347 55.329186, -120.148066 55.329159, -120.147782 55.329127, -120.147557 55.329124, -120.147362 55.329106, -120.147188 55.329079, -120.147035 55.329039, -120.146787 55.328998, -120.146504 55.328966, -120.146236 55.32896, -120.146039 55.328977, -120.145909 55.329009, -120.145767 55.32904, -120.145636 55.329079, -120.145479 55.329175, -120.145343 55.329299, -120.145232 55.329385, -120.145075 55.32944, -120.144925 55.32949, -120.144896 55.329585, -120.145012 55.3297, -120.145049 55.329771, -120.144975 55.329813, -120.144816 55.329876, -120.144656 55.329934, -120.144538 55.329991, -120.144428 55.330051, -120.144294 55.330115, -120.144173 55.330198, -120.144051 55.330218, -120.143881 55.330257, -120.143788 55.330322, -120.143724 55.330402, -120.14367 55.330463, -120.143644 55.330552, -120.143559 55.330626, -120.143496 55.330658, -120.14336 55.330685, -120.143257 55.330694, -120.143146 55.330691, -120.143005 55.330674, -120.142959 55.330669, -120.142921 55.33062, -120.142879 55.330543, -120.142835 55.330446, -120.142765 55.330327, -120.142715 55.330238, -120.142655 55.330146, -120.14246 55.330109, -120.14223 55.330123, -120.142079 55.330163, -120.141956 55.330152, -120.141806 55.330115, -120.141691 55.330101, -120.141537 55.330086, -120.141365 55.330059, -120.141165 55.33003, -120.140969 55.330014, -120.140767 55.330022, -120.140613 55.330048, -120.140439 55.330097, -120.140313 55.330127, -120.140254 55.330108, -120.140215 55.330035, -120.140204 55.329954, -120.14019 55.32987, -120.140295 55.329773, -120.140393 55.329717, -120.140565 55.329657, -120.140763 55.329577, -120.140959 55.329492, -120.1412 55.329498, -120.141491 55.32958, -120.141824 55.329609, -120.142066 55.329536, -120.142109 55.329432, -120.141973 55.329352, -120.141819 55.329298, -120.141671 55.329255, -120.141546 55.329216, -120.141421 55.329176, -120.141348 55.329156, -120.141221 55.329129, -120.14112 55.32911, -120.140985 55.329074, -120.140721 55.329009, -120.140504 55.329018, -120.14029 55.329066, -120.140126 55.329123, -120.140007 55.329154, -120.139855 55.329171, -120.139631 55.329182, -120.139367 55.329209, -120.139163 55.329256, -120.13896 55.329348, -120.138812 55.329452, -120.138661 55.329566, -120.138503 55.329692, -120.138379 55.32981, -120.13833 55.329912, -120.138335 55.330032, -120.138347 55.330156, -120.13841 55.330265, -120.138459 55.33036, -120.138435 55.330458, -120.138381 55.330554, -120.138355 55.330651, -120.138249 55.330697, -120.13807 55.330663, -120.137945 55.330629, -120.137851 55.330581, -120.137747 55.330514, -120.137587 55.330411, -120.137428 55.330361, -120.137313 55.330369, -120.137215 55.330445, -120.13711 55.330542, -120.137 55.33067, -120.136992 55.330778, -120.136984 55.330881, -120.13706 55.330991, -120.137196 55.331083, -120.137228 55.331184, -120.137261 55.331252, -120.137235 55.331327, -120.137136 55.331374, -120.137044 55.33143, -120.137046 55.331499, -120.137103 55.331604, -120.137149 55.331699, -120.137089 55.33174, -120.136935 55.331773, -120.136768 55.331795, -120.136608 55.331796, -120.136477 55.331766, -120.136349 55.331741, -120.1362 55.33173, -120.136045 55.33171, -120.135907 55.331701, -120.1358 55.331692, -120.135673 55.331679, -120.135526 55.331681, -120.135392 55.33169, -120.135284 55.331703, -120.135167 55.331727, -120.13499 55.331787, -120.134853 55.33188, -120.134795 55.331985, -120.134675 55.332015, -120.134561 55.332016, -120.134443 55.332007, -120.13426 55.332004, -120.13409 55.332, -120.133953 55.332045, -120.133882 55.332082, -120.133729 55.332056, -120.133598 55.332033, -120.133492 55.332043, -120.133317 55.332026, -120.133106 55.332006, -120.132917 55.33198, -120.132765 55.332007, -120.13264 55.332047, -120.132486 55.332001, -120.132251 55.331943, -120.132105 55.331958, -120.131972 55.332011, -120.13188 55.332046, -120.131696 55.332034, -120.131534 55.331996, -120.131373 55.331973, -120.131174 55.332023, -120.130968 55.332137, -120.130769 55.332265, -120.130545 55.332367, -120.130295 55.332449, -120.130083 55.332546, -120.129985 55.33269, -120.130148 55.332814, -120.130306 55.332977, -120.13032 55.333094, -120.130399 55.333161, -120.130566 55.333219, -120.130704 55.333316, -120.130749 55.333438, -120.130861 55.333571, -120.131 55.33365, -120.131175 55.333705, -120.131306 55.333752, -120.131367 55.333837, -120.131416 55.333952, -120.131434 55.33406, -120.13138 55.334125, -120.131167 55.33421, -120.130959 55.334298, -120.130816 55.334371, -120.130719 55.334466, -120.130565 55.334615, -120.13046 55.334815, -120.130451 55.335006, -120.130354 55.335124, -120.130145 55.335219, -120.130009 55.335371, -120.129989 55.335586, -120.130083 55.335828, -120.130339 55.336016, -120.130759 55.336151, -120.131248 55.336267, -120.131586 55.336364, -120.132134 55.33649, -120.132687 55.336648, -120.133404 55.336731, -120.134052 55.336727, -120.134589 55.336752, -120.134936 55.336896, -120.135192 55.337067, -120.135532 55.337154, -120.135917 55.337183, -120.136295 55.337187, -120.13666 55.337175, -120.137034 55.337136, -120.137364 55.33708, -120.137617 55.337072, -120.137832 55.337086, -120.138109 55.337119, -120.138365 55.337172, -120.13858 55.337198, -120.138805 55.337244, -120.13908 55.337301, -120.13936 55.337327, -120.13961 55.33735, -120.13987 55.337393, -120.14012 55.33746, -120.140338 55.337535, -120.140601 55.337591, -120.140831 55.337671, -120.141057 55.337743, -120.141277 55.337775, -120.141469 55.337864, -120.141554 55.338031, -120.1416 55.338226, -120.141683 55.338384, -120.141874 55.338443, -120.142095 55.338427, -120.142321 55.338422, -120.142562 55.338406, -120.142752 55.338367, -120.142946 55.338324, -120.143154 55.338262, -120.143368 55.338186, -120.143602 55.338087, -120.143803 55.33799, -120.144001 55.337896, -120.144204 55.337834, -120.144341 55.33779, -120.144482 55.337754, -120.144708 55.337704, -120.144959 55.337701, -120.14518 55.3377, -120.145415 55.337721, -120.145613 55.337742, -120.145824 55.337743, -120.146062 55.337737, -120.146294 55.337706, -120.146561 55.337639, -120.146777 55.337569, -120.146963 55.337507, -120.147117 55.337464, -120.147278 55.337387, -120.14753 55.337341, -120.147804 55.337315, -120.148085 55.337374, -120.148378 55.337491, -120.148582 55.337571, -120.148746 55.337649, -120.148929 55.337727, -120.149112 55.337817, -120.149301 55.337928, -120.149509 55.338034, -120.149771 55.338119, -120.149911 55.338184, -120.149956 55.33826, -120.150098 55.338315, -120.150231 55.338402, -120.150295 55.338527, -120.150417 55.338667, -120.150619 55.338816, -120.150865 55.338966, -120.151137 55.339068, -120.151559 55.339091, -120.152012 55.339074, -120.152345 55.33908, -120.152468 55.339125, -120.15252 55.339182, -120.152632 55.339267, -120.15275 55.339332, -120.152844 55.339416, -120.152946 55.339509, -120.152947 55.33958, -120.152946 55.339657, -120.152919 55.339778, -120.152935 55.339942, -120.153051 55.340095, -120.153184 55.340222, -120.153281 55.340354, -120.153294 55.340513, -120.153299 55.340662, -120.153289 55.340829, -120.153269 55.341002, -120.153232 55.341155, -120.153195 55.341294, -120.153198 55.341431, -120.153183 55.341594, -120.153177 55.341758, -120.153191 55.341918, -120.153126 55.342053, -120.153059 55.342147, -120.152953 55.342261, -120.152792 55.342418, -120.152613 55.34261, -120.152456 55.342788, -120.152382 55.342949, -120.152325 55.343102, -120.152276 55.343253, -120.152304 55.343383, -120.152459 55.343517, -120.152646 55.343662, -120.152879 55.343799, -120.153146 55.343915, -120.153377 55.344005, -120.153609 55.344076, -120.153845 55.344146, -120.154048 55.344214, -120.154269 55.34426, -120.154522 55.344315, -120.154731 55.344401, -120.154974 55.344497, -120.155226 55.344572, -120.155379 55.344613, -120.155589 55.344694, -120.155669 55.34477, -120.15576 55.344897, -120.155847 55.344997, -120.156006 55.345143, -120.156207 55.345244, -120.15641 55.345348, -120.156644 55.345483, -120.156885 55.345645, -120.157089 55.345762, -120.157266 55.345871, -120.157413 55.345978, -120.157561 55.346079, -120.157732 55.346184, -120.158005 55.346329, -120.158351 55.346525, -120.158744 55.346728, -120.159148 55.346932, -120.159505 55.347108, -120.159801 55.347256, -120.160028 55.347397, -120.16024 55.347533, -120.16041 55.347676, -120.160535 55.347838, -120.160645 55.347991, -120.160751 55.348127, -120.160831 55.348272, -120.160858 55.34845, -120.160974 55.348601, -120.161178 55.348754, -120.16137 55.348935, -120.1616 55.349157, -120.16181 55.349347, -120.161993 55.349462, -120.162225 55.349532, -120.162533 55.34959, -120.162847 55.349659, -120.163222 55.349732, -120.163631 55.349751, -120.164024 55.349728, -120.164411 55.349708, -120.164761 55.349692, -120.164999 55.349687, -120.165188 55.349688, -120.165469 55.349711, -120.165674 55.349729, -120.165912 55.349765, -120.166088 55.34981, -120.166222 55.349844, -120.166442 55.349924, -120.166626 55.349975, -120.166852 55.350051, -120.167148 55.350237, -120.167464 55.350464, -120.167709 55.350711, -120.167994 55.350952, -120.168441 55.351122, -120.169086 55.351175, -120.169795 55.351161, -120.170505 55.351123, -120.171144 55.351119, -120.171792 55.351119, -120.17246 55.351174, -120.173178 55.351285, -120.173826 55.351496, -120.174509 55.351715, -120.175239 55.351925, -120.175604 55.352005, -120.175691 55.352058, -120.175795 55.352124, -120.175918 55.352189, -120.176008 55.352263, -120.176081 55.352319, -120.176295 55.352431, -120.176417 55.35248, -120.176539 55.352527, -120.176646 55.352592, -120.176859 55.352706, -120.176982 55.352762, -120.177087 55.352819, -120.177102 55.352819, -120.177212 55.352857, -120.177318 55.352906, -120.177409 55.352953, -120.177564 55.35301, -120.177656 55.353048, -120.17784 55.353107, -120.177948 55.353127, -120.178042 55.353146, -120.17812 55.353166, -120.178213 55.353186, -120.178245 55.353188, -120.178307 55.353198, -120.178402 55.353199, -120.178511 55.353212, -120.178604 55.353232, -120.178712 55.353252, -120.178837 55.353273, -120.178931 55.353302, -120.179024 55.353322, -120.179119 55.353333, -120.179212 55.353353, -120.179322 55.353364, -120.179414 55.353376, -120.179524 55.353387, -120.179618 55.353399, -120.179728 55.35341, -120.179837 55.353413, -120.179947 55.353424, -120.180293 55.353433, -120.180389 55.353426, -120.180404 55.353426, -120.180485 55.353418, -120.180562 55.35342, -120.180722 55.353416, -120.180879 55.353418, -120.180973 55.353421, -120.181145 55.353443, -120.181225 55.353444, -120.181303 55.353447, -120.181397 55.353467, -120.181704 55.353582, -120.181773 55.353615, -120.182081 55.353914, -120.182087 55.353941, -120.182077 55.354102, -120.182057 55.354165, -120.182036 55.354219, -120.182001 55.35428, -120.181981 55.354343, -120.181976 55.354405, -120.181957 55.35446, -120.181936 55.354514, -120.181917 55.354558, -120.181916 55.354602, -120.181927 55.354656, -120.181924 55.35471, -120.181935 55.354774, -120.181945 55.354837, -120.181942 55.354891, -120.181966 55.355008, -120.181962 55.355062, -120.181972 55.355125, -120.181983 55.355189, -120.182011 55.355251, -120.182041 55.355288, -120.182056 55.355298, -120.182097 55.355353, -120.182157 55.3554, -120.182277 55.355509, -120.18232 55.355556, -120.182349 55.35561, -120.182392 55.355656, -120.182438 55.355701, -120.18254 55.355786, -120.182662 55.35587, -120.182705 55.355915, -120.182749 55.355971, -120.182838 55.356035, -120.182879 55.356126, -120.182872 55.356224, -120.18287 55.35627, -120.182849 55.356322, -120.182861 55.356377, -120.182875 55.356405, -120.182889 55.356432, -120.182932 55.356478, -120.18301 55.356525, -120.183146 55.3566, -120.183286 55.356639, -120.183379 55.356669, -120.183485 55.356697, -120.183565 55.356708, -120.18366 55.35671, -120.183753 55.356713, -120.183848 55.356724, -120.183943 55.356725, -120.184035 55.356737, -120.184131 55.35674, -120.184209 55.35675, -120.184286 55.356761, -120.184443 55.356764, -120.184478 55.356765, -120.184522 55.356767, -120.184662 55.356787, -120.185041 55.356797, -120.185088 55.356797, -120.18512 55.356798, -120.185215 55.3568, -120.185324 55.356811, -120.185418 55.356814, -120.185497 55.356807, -120.185861 55.356815, -120.185955 55.356808, -120.186096 55.356821, -120.186236 55.356842, -120.186314 55.356852, -120.186411 55.356855, -120.186549 55.356885, -120.186675 55.356905, -120.186828 55.356945, -120.186923 55.356956, -120.187096 55.35696, -120.187239 55.356955, -120.187394 55.356976, -120.187568 55.35698, -120.187646 55.35699, -120.187802 55.35703, -120.187878 55.357059, -120.187971 55.357079, -120.18808 55.357109, -120.188173 55.357129, -120.188249 55.357157, -120.188344 55.357178, -120.188422 55.357188, -120.188516 55.357191, -120.18867 55.35723, -120.188811 55.35727, -120.188872 55.357289, -120.188965 55.357309, -120.189137 55.357331, -120.189231 55.357334, -120.189327 55.357344, -120.189402 55.357364, -120.189497 55.357375, -120.189591 55.357378, -120.189671 55.357388, -120.18975 55.357391, -120.189908 55.357385, -120.189985 55.357386, -120.190066 55.357379, -120.190158 55.357391, -120.190301 55.357402, -120.190503 55.357425, -120.190598 55.357419, -120.190678 55.35742, -120.190772 55.357432, -120.190913 55.357426, -120.191007 55.357428, -120.191088 55.357421, -120.191182 55.357423, -120.191261 55.357416, -120.191404 55.357401, -120.191485 55.357393, -120.19158 55.357378, -120.191802 55.357365, -120.192055 55.357354, -120.192151 55.357346, -120.192246 55.357348, -120.192388 55.357334, -120.192484 55.357327, -120.192563 55.357319, -120.192673 55.357304, -120.192755 55.35728, -120.192836 55.357262, -120.193462 55.357097, -120.193683 55.357084, -120.193795 55.35706, -120.193813 55.35706, -120.193891 55.357053, -120.193987 55.357047, -120.194156 55.357066, -120.19431 55.357004, -120.194797 55.356816, -120.195201 55.35666, -120.19611 55.35635, -120.197027 55.356116, -120.197959 55.356006, -120.198832 55.35612, -120.199493 55.356453, -120.199833 55.356937, -120.200428 55.35765, -120.200405 55.358723, -120.200267 55.359716, -120.199737 55.360576, -120.198725 55.361206, -120.197371 55.361614, -120.19595 55.361852, -120.194568 55.361908, -120.193258 55.361844, -120.191996 55.361667, -120.190685 55.361506, -120.189406 55.361693, -120.188435 55.362151, -120.187483 55.362644, -120.186359 55.362883, -120.185001 55.362819, -120.183649 55.362768, -120.182336 55.36287, -120.181149 55.363067, -120.180474 55.363225, -120.179872 55.363311, -120.178737 55.363313, -120.177407 55.363572, -120.17648 55.363789, -120.175536 55.364065, -120.174124 55.364521, -120.17271 55.364987, -120.171302 55.365467, -120.169863 55.366033, -120.168423 55.366595, -120.16694 55.36705, -120.165475 55.367254, -120.164065 55.367088, -120.162604 55.366949, -120.161276 55.367187, -120.160416 55.367797, -120.159628 55.368411, -120.158802 55.368995, -120.158031 55.369502, -120.157189 55.369819, -120.156239 55.369738, -120.155457 55.369358, -120.154952 55.36882, -120.15447 55.368236, -120.153518 55.367908, -120.152295 55.367818, -120.150977 55.367835, -120.149922 55.368025, -120.149176 55.367976, -120.148821 55.367541, -120.14899 55.366877, -120.149628 55.366145, -120.150396 55.365409, -120.150506 55.364569, -120.149688 55.364155, -120.148649 55.364347, -120.147518 55.364919, -120.146384 55.365511, -120.145203 55.366021, -120.143899 55.366415, -120.142668 55.366839, -120.141476 55.36723, -120.14031 55.36753, -120.139339 55.368003, -120.1387 55.368688, -120.138305 55.369141, -120.137514 55.369699, -120.136806 55.36981, -120.136173 55.369661, -120.135754 55.369363, -120.135573 55.368937, -120.135355 55.368469, -120.134921 55.368057, -120.133941 55.367631, -120.13315 55.367445, -120.132313 55.367341, -120.131518 55.367378, -120.13088 55.36761, -120.130372 55.368016, -120.129794 55.368437, -120.129056 55.368804, -120.12826 55.36919, -120.127467 55.36961, -120.126661 55.370002, -120.125747 55.37029, -120.124751 55.370501, -120.123814 55.370437, -120.122663 55.370055, -120.12226 55.369525, -120.12196 55.368923, -120.121436 55.368361, -120.120651 55.367924, -120.119624 55.367656, -120.118504 55.367484, -120.117376 55.367345, -120.11624 55.367225, -120.115114 55.367112, -120.114 55.367036, -120.112882 55.366999, -120.111193 55.366999, -120.109502 55.366992, -120.108339 55.367091, -120.107292 55.367363, -120.10765 55.371056, -120.107654 55.371914, -120.107501 55.372471, -120.107189 55.372977, -120.106612 55.37333, -120.105706 55.37342, -120.104718 55.373401, -120.103788 55.37331, -120.10312 55.373025, -120.102728 55.372368, -120.102601 55.371867, -120.102036 55.371412, -120.100309 55.3715, -120.099044 55.371782, -120.097118 55.372395, -120.09584 55.372871, -120.094644 55.373406, -120.093559 55.374019, -120.092652 55.374694, -120.091528 55.375767, -120.090912 55.376468, -120.090345 55.377134, -120.089504 55.378071, -120.088945 55.378677, -120.088363 55.379278, -120.087705 55.379855, -120.086966 55.380402, -120.08621 55.380949, -120.085419 55.381512, -120.084627 55.382059, -120.083783 55.382574, -120.082873 55.383039, -120.081864 55.383458, -120.080747 55.383794, -120.079582 55.384087, -120.078609 55.384535, -120.078006 55.385126, -120.077825 55.385755, -120.077959 55.386344, -120.078421 55.386858, -120.079188 55.387237, -120.080022 55.38755, -120.080876 55.387832, -120.081708 55.388069, -120.082482 55.388221, -120.083444 55.388366, -120.083891 55.388454, -120.084373 55.388778, -120.084665 55.389224, -120.08503 55.390005, -120.08522 55.390571, -120.08552 55.39117, -120.086009 55.391774, -120.086039 55.392166, -120.085685 55.392416, -120.085045 55.392408, -120.084319 55.392239, -120.083525 55.391973, -120.082705 55.391649, -120.081901 55.391293, -120.081156 55.390924, -120.080469 55.390548, -120.079758 55.390235, -120.079005 55.390065, -120.078322 55.389975, -120.077718 55.390038, -120.077307 55.39028, -120.076894 55.390572, -120.076412 55.390929, -120.075538 55.391506, -120.074657 55.392117, -120.074325 55.392895, -120.074068 55.39367, -120.07353 55.394038, -120.072855 55.394334, -120.072181 55.394581, -120.071534 55.394668, -120.071001 55.394483, -120.070594 55.394077, -120.070244 55.393572, -120.06996 55.393012, -120.06967 55.392435, -120.06925 55.391909, -120.068687 55.391468, -120.067954 55.391212, -120.067131 55.391185, -120.066471 55.391404, -120.066227 55.391792, -120.066237 55.392253, -120.06611 55.39264, -120.065782 55.392885, -120.065238 55.39297, -120.064605 55.392892, -120.063921 55.392691, -120.063151 55.392465, -120.062339 55.392221, -120.061532 55.391944, -120.060746 55.391641, -120.060008 55.39131, -120.059014 55.390791, -120.058366 55.390495, -120.057643 55.390367, -120.056845 55.390406, -120.055532 55.390558, -120.054592 55.390673, -120.053801 55.390965, -120.053251 55.391464, -120.05287 55.392025, -120.05252 55.392608, -120.052068 55.393126, -120.05148 55.393542, -120.050721 55.393706, -120.049892 55.393594, -120.049133 55.393319, -120.048467 55.392965, -120.047986 55.392541, -120.047776 55.392051, -120.047671 55.391528, -120.04763 55.390745, -120.047657 55.390225))"
80,2023-07-29 10:30:57,2023061801,2023,25065.9,Non-corrected ground GPS,1687071600000,1687129711000,Being Held,JA70003000,250658965.6853,113763.2768,154,68dbf046-3af3-4094-bb1d-201e02416eee,766915736.679688,199108.453881452,https://wildfiresituation.nrs.gov.bc.ca/incidents?fireYear=2023&incidentNumber=G70645,"MULTIPOLYGON (((-120.470413 55.183268, -120.470194 55.183217, -120.469963 55.182635, -120.469464 55.182169, -120.468584 55.182002, -120.467556 55.182104, -120.466473 55.182333, -120.465847 55.182553, -120.464646 55.182973, -120.464029 55.182982, -120.463999 55.182723, -120.463957 55.182374, -120.46276 55.18265, -120.461204 55.182967, -120.460086 55.183397, -120.459632 55.183238, -120.459784 55.182962, -120.459988 55.182592, -120.461422 55.181041, -120.461923 55.180489, -120.463123 55.179564, -120.462547 55.179261, -120.460708 55.179736, -120.458094 55.180283, -120.456541 55.180855, -120.455398 55.181641, -120.454375 55.182384, -120.454028 55.18252, -120.453525 55.182717, -120.452491 55.182626, -120.451825 55.182594, -120.451481 55.182577, -120.450837 55.182262, -120.450587 55.182002, -120.449789 55.181619, -120.448666 55.181654, -120.447584 55.181965, -120.446469 55.182298, -120.445403 55.182583, -120.444881 55.182617, -120.443887 55.182576, -120.443448 55.182956, -120.443571 55.183465, -120.443162 55.183794, -120.441692 55.183745, -120.441459 55.183446, -120.44091 55.183333, -120.44008 55.18337, -120.439108 55.18307, -120.438281 55.182821, -120.437634 55.182855, -120.436703 55.183013, -120.435232 55.183257, -120.434348 55.183265, -120.433452 55.183333, -120.432604 55.183277, -120.43177 55.183036, -120.430846 55.182917, -120.429934 55.182968, -120.429352 55.182838, -120.429519 55.182517, -120.43028 55.182312, -120.431287 55.182222, -120.432331 55.182197, -120.433312 55.182267, -120.434133 55.182196, -120.434464 55.181824, -120.433771 55.181094, -120.433707 55.18075, -120.433974 55.180332, -120.433246 55.180404, -120.432021 55.181005, -120.431271 55.181159, -120.42994 55.181028, -120.428493 55.18159, -120.427832 55.18197, -120.427537 55.182459, -120.427182 55.183178, -120.426626 55.183219, -120.426517 55.183227, -120.425429 55.18266, -120.425823 55.181582, -120.426628 55.180947, -120.426939 55.180604, -120.426482 55.180188, -120.426031 55.179848, -120.426317 55.179553, -120.427195 55.179399, -120.428195 55.179311, -120.429167 55.179306, -120.430009 55.179465, -120.430559 55.179276, -120.431862 55.178833, -120.433073 55.178337, -120.434102 55.177727, -120.434848 55.176981, -120.435225 55.176128, -120.435246 55.175227, -120.435044 55.174313, -120.434817 55.173402, -120.434806 55.172476, -120.435152 55.171569, -120.43581 55.170727, -120.436713 55.169981, -120.437712 55.169295, -120.438722 55.168623, -120.439692 55.167948, -120.440633 55.167284, -120.441528 55.166612, -120.44232 55.16592, -120.442964 55.165193, -120.443409 55.164426, -120.443579 55.163618, -120.443425 55.162807, -120.44294 55.162021, -120.442192 55.16131, -120.441377 55.160627, -120.440678 55.159927, -120.44029 55.159139, -120.440338 55.158307, -120.440856 55.157517, -120.441802 55.15683, -120.443055 55.156272, -120.444406 55.155798, -120.44579 55.155335, -120.447201 55.154864, -120.448631 55.154406, -120.450103 55.154009, -120.45234 55.153503, -120.453851 55.153188, -120.456135 55.152746, -120.457671 55.152505, -120.459221 55.152273, -120.461527 55.151848, -120.463025 55.151466, -120.464463 55.151022, -120.465838 55.150524, -120.467183 55.15001, -120.468546 55.149526, -120.469993 55.149167, -120.471494 55.149032, -120.472981 55.149077, -120.474441 55.149215, -120.475905 55.149359, -120.477428 55.149409, -120.478963 55.149341, -120.480496 55.14915, -120.48202 55.148883, -120.483539 55.148589, -120.485063 55.148284, -120.486595 55.147994, -120.488144 55.147775, -120.489695 55.14767, -120.491228 55.147691, -120.492746 55.14779, -120.494268 55.147884, -120.49584 55.147923, -120.497438 55.147863, -120.499043 55.147717, -120.50061 55.147525, -120.502169 55.147299, -120.503706 55.147065, -120.505263 55.146862, -120.506847 55.146713, -120.508431 55.146649, -120.510007 55.146685, -120.511555 55.146783, -120.513082 55.146908, -120.514592 55.147054, -120.516084 55.147217, -120.517551 55.147404, -120.518982 55.147605, -120.520354 55.147865, -120.521667 55.148187, -120.522933 55.14854, -120.524136 55.148918, -120.525271 55.149343, -120.526371 55.14979, -120.527453 55.150259, -120.528456 55.15078, -120.529369 55.15136, -120.530224 55.151967, -120.531022 55.152594, -120.531791 55.153206, -120.532595 55.153792, -120.533504 55.154296, -120.534631 55.154651, -120.535964 55.154799, -120.53743 55.154716, -120.539662 55.154358, -120.541145 55.154097, -120.543361 55.153849, -120.544818 55.153833, -120.546823 55.15415, -120.548561 55.154736, -120.549714 55.155111, -120.550981 55.155327, -120.552326 55.155305, -120.553641 55.154989, -120.554862 55.154479, -120.55607 55.153917, -120.557312 55.153366, -120.558571 55.152837, -120.559927 55.152386, -120.561376 55.152054, -120.562884 55.151826, -120.564388 55.151655, -120.565892 55.151471, -120.567384 55.151218, -120.56885 55.150871, -120.570264 55.150464, -120.571669 55.150033, -120.573075 55.14958, -120.574495 55.149144, -120.575921 55.148744, -120.577373 55.148389, -120.578815 55.148057, -120.580225 55.14772, -120.581602 55.147365, -120.58293 55.146993, -120.584238 55.14662, -120.585574 55.146266, -120.586936 55.145983, -120.588334 55.145785, -120.589742 55.145662, -120.591142 55.145598, -120.592519 55.145589, -120.593869 55.145626, -120.595214 55.145642, -120.596547 55.145561, -120.59783 55.145355, -120.599053 55.145025, -120.6002 55.144615, -120.60127 55.144148, -120.602192 55.143596, -120.602891 55.142975, -120.603386 55.142306, -120.603786 55.141648, -120.60421 55.141033, -120.604592 55.140444, -120.604698 55.139841, -120.604232 55.139298, -120.603226 55.138966, -120.601979 55.138843, -120.600677 55.138877, -120.599378 55.139011, -120.598077 55.139172, -120.596788 55.139346, -120.595508 55.139533, -120.594257 55.139699, -120.59304 55.139868, -120.591838 55.140034, -120.590698 55.140209, -120.589572 55.140422, -120.587964 55.140792, -120.586381 55.141166, -120.585383 55.141381, -120.584436 55.141456, -120.583576 55.141356, -120.582952 55.141033, -120.582758 55.140564, -120.583085 55.14008, -120.583911 55.139701, -120.584969 55.139443, -120.586077 55.139218, -120.587204 55.138969, -120.5883 55.138658, -120.589329 55.138245, -120.59021 55.137714, -120.590897 55.137081, -120.59142 55.136393, -120.591948 55.13572, -120.592618 55.13511, -120.593473 55.134593, -120.594442 55.134118, -120.595356 55.13359, -120.595984 55.132934, -120.596173 55.132188, -120.596047 55.131418, -120.595916 55.130653, -120.596071 55.129893, -120.596652 55.129188, -120.597657 55.128641, -120.598895 55.12823, -120.600193 55.127885, -120.601522 55.127575, -120.602841 55.127291, -120.604124 55.126971, -120.605363 55.126598, -120.606586 55.126237, -120.607844 55.125958, -120.609151 55.125835, -120.610486 55.125849, -120.611826 55.125892, -120.613165 55.125865, -120.614479 55.125664, -120.615721 55.125312, -120.616914 55.124881, -120.61809 55.124443, -120.619315 55.124068, -120.620567 55.123786, -120.62184 55.123588, -120.623102 55.123416, -120.624362 55.123238, -120.625614 55.123022, -120.626851 55.122764, -120.628043 55.122426, -120.629184 55.122016, -120.630261 55.121534, -120.631322 55.121049, -120.632412 55.12059, -120.633563 55.120188, -120.634805 55.119932, -120.636716 55.119886, -120.637943 55.12002, -120.639146 55.12023, -120.641001 55.120459, -120.642952 55.120221, -120.644194 55.11984, -120.64542 55.11944, -120.646685 55.119117, -120.647993 55.118925, -120.649316 55.118872, -120.650638 55.118961, -120.651906 55.119175, -120.653134 55.119456, -120.654344 55.119736, -120.655569 55.119946, -120.656818 55.120036, -120.658078 55.119954, -120.659292 55.119752, -120.6605 55.119558, -120.66173 55.11954, -120.662886 55.119767, -120.663726 55.120273, -120.66416 55.120932, -120.664378 55.121634, -120.664716 55.122336, -120.665355 55.122969, -120.666226 55.123512, -120.667222 55.123977, -120.66816 55.12443, -120.668841 55.124969, -120.669068 55.125588, -120.668853 55.126228, -120.668421 55.126867, -120.668068 55.127545, -120.667989 55.128243, -120.668284 55.12892, -120.668971 55.129524, -120.670039 55.129983, -120.671389 55.130261, -120.672898 55.1304, -120.67442 55.130506, -120.675883 55.130674, -120.67726 55.130973, -120.678472 55.131404, -120.679556 55.131902, -120.680678 55.132324, -120.681972 55.132549, -120.683402 55.132519, -120.68484 55.132263, -120.68625 55.13188, -120.687647 55.131429, -120.689024 55.130927, -120.690394 55.130395, -120.691747 55.129859, -120.693122 55.129361, -120.694535 55.128919, -120.695988 55.128531, -120.697457 55.128195, -120.698923 55.127889, -120.700394 55.127613, -120.701847 55.12737, -120.703276 55.127158, -120.705339 55.126874, -120.706644 55.126651, -120.708399 55.126122, -120.709299 55.125581, -120.710023 55.124539, -120.710207 55.123797, -120.710403 55.123086, -120.710781 55.122446, -120.711432 55.121923, -120.712447 55.1216, -120.713655 55.121562, -120.714891 55.121759, -120.716099 55.122091, -120.717335 55.122445, -120.718695 55.122693, -120.720149 55.122744, -120.72163 55.122631, -120.723136 55.122441, -120.724639 55.122264, -120.726123 55.122122, -120.727582 55.122037, -120.729009 55.122011, -120.730389 55.122003, -120.731713 55.121985, -120.732995 55.121923, -120.734208 55.121761, -120.73533 55.121423, -120.736326 55.120933, -120.737279 55.120366, -120.738242 55.119778, -120.739208 55.119196, -120.740159 55.118619, -120.741094 55.118036, -120.741917 55.117433, -120.742677 55.116799, -120.743372 55.116155, -120.744004 55.115494, -120.744658 55.11485, -120.745428 55.114268, -120.746388 55.113776, -120.747486 55.11339, -120.748648 55.113052, -120.749774 55.112706, -120.750867 55.112317, -120.751914 55.11189, -120.752947 55.111468, -120.754045 55.111127, -120.7552 55.110906, -120.756408 55.110813, -120.757638 55.110806, -120.758893 55.110852, -120.760163 55.110933, -120.761426 55.111048, -120.762689 55.111199, -120.763912 55.111409, -120.765083 55.111708, -120.766217 55.11203, -120.767347 55.112338, -120.768507 55.112566, -120.769703 55.112672, -120.77091 55.112694, -120.772129 55.112684, -120.773943 55.112776, -120.775099 55.112994, -120.776699 55.113524, -120.77781 55.113867, -120.779665 55.11425, -120.780901 55.114526, -120.782053 55.114905, -120.78306 55.115423, -120.783928 55.116032, -120.784695 55.116694, -120.785444 55.117373, -120.786218 55.118049, -120.78702 55.118722, -120.787847 55.119389, -120.78871 55.120019, -120.789643 55.120586, -120.790709 55.121053, -120.791923 55.121397, -120.793253 55.121591, -120.794692 55.121638, -120.79617 55.121604, -120.797678 55.121596, -120.799159 55.121714, -120.800563 55.121987, -120.801827 55.122412, -120.802945 55.122958, -120.804027 55.123522, -120.805265 55.123973, -120.806689 55.124267, -120.80822 55.124413, -120.809804 55.124443, -120.811395 55.124428, -120.812995 55.1244, -120.814603 55.124377, -120.816209 55.124381, -120.817784 55.124471, -120.81931 55.12467, -120.82076 55.124977, -120.822196 55.125344, -120.823626 55.125714, -120.825117 55.126036, -120.82663 55.126315, -120.828147 55.126598, -120.829602 55.126942, -120.830942 55.127376, -120.832228 55.127895, -120.833481 55.128422, -120.834766 55.128915, -120.836104 55.129375, -120.837444 55.12983, -120.838793 55.130264, -120.840185 55.130662, -120.841616 55.130997, -120.843139 55.13125, -120.844719 55.131368, -120.84633 55.131399, -120.847947 55.131398, -120.84955 55.131414, -120.851133 55.131451, -120.852717 55.131489, -120.854278 55.131506, -120.856616 55.131421, -120.858875 55.131232, -120.860342 55.131094, -120.86179 55.131016, -120.86387 55.13136, -120.864873 55.131942, -120.865602 55.132646, -120.866367 55.133342, -120.867421 55.133935, -120.8688 55.134294, -120.870346 55.134391, -120.871971 55.134381, -120.873613 55.134329, -120.875226 55.134294, -120.876834 55.134355, -120.878375 55.134612, -120.879748 55.135035, -120.881032 55.135541, -120.882308 55.13602, -120.883647 55.136447, -120.885067 55.136766, -120.886541 55.136987, -120.888017 55.137135, -120.889468 55.137254, -120.89088 55.137372, -120.892227 55.137588, -120.893366 55.137959, -120.894324 55.138416, -120.895208 55.138874, -120.896063 55.1393, -120.896864 55.139688, -120.897687 55.140041, -120.898592 55.140371, -120.899525 55.140665, -120.900562 55.14091, -120.901642 55.141141, -120.902713 55.141395, -120.90375 55.14168, -120.904733 55.141993, -120.905775 55.142254, -120.906873 55.14247, -120.907964 55.142661, -120.909059 55.142856, -120.910147 55.143073, -120.911076 55.143467, -120.911692 55.144002, -120.912103 55.144626, -120.912372 55.145288, -120.912629 55.145947, -120.912909 55.14658, -120.91319 55.14721, -120.913461 55.1479, -120.913717 55.148499, -120.913973 55.149064, -120.914202 55.149595, -120.914444 55.15003, -120.914711 55.150386, -120.915038 55.150615, -120.915424 55.150726, -120.915699 55.150928, -120.915749 55.151191, -120.915375 55.151508, -120.914758 55.151768, -120.913916 55.152012, -120.91288 55.152341, -120.911947 55.152748, -120.911515 55.152945, -120.911487 55.15307, -120.911557 55.153188, -120.911673 55.153339, -120.911573 55.153659, -120.911558 55.153892, -120.911457 55.154061, -120.911235 55.154239, -120.910928 55.154414, -120.910609 55.154469, -120.910323 55.154508, -120.910035 55.154559, -120.909914 55.154699, -120.909863 55.154758, -120.909785 55.15488, -120.909639 55.155081, -120.909556 55.15533, -120.909539 55.155448, -120.909551 55.155773, -120.909436 55.156046, -120.909223 55.156188, -120.90861 55.156446, -120.908109 55.156834, -120.907551 55.157136, -120.907371 55.157207, -120.907053 55.157333, -120.906407 55.157493, -120.905811 55.157604, -120.905368 55.157657, -120.905096 55.157759, -120.904601 55.157953, -120.90408 55.158051, -120.90366 55.158004, -120.903345 55.158037, -120.902835 55.158202, -120.90247 55.15821, -120.902024 55.158013, -120.901971 55.157999, -120.901903 55.157997, -120.901836 55.158011, -120.901145 55.158435, -120.900367 55.158853, -120.899625 55.159265, -120.898759 55.159591, -120.89787 55.159862, -120.896923 55.160025, -120.895947 55.160043, -120.894963 55.159968, -120.894 55.159896, -120.893016 55.159969, -120.892096 55.160242, -120.891314 55.160679, -120.890661 55.161197, -120.890061 55.161734, -120.889459 55.162278, -120.888813 55.16279, -120.888063 55.163235, -120.887239 55.163588, -120.886343 55.163865, -120.885387 55.164022, -120.884397 55.164083, -120.883388 55.164058, -120.882372 55.164033, -120.88134 55.164014, -120.880377 55.163875, -120.879589 55.163529, -120.879088 55.163019, -120.87876 55.162451, -120.878202 55.161645, -120.877587 55.161238, -120.876238 55.16099, -120.87473 55.161181, -120.873322 55.16161, -120.87245 55.161974, -120.871616 55.162368, -120.870801 55.162759, -120.869975 55.163151, -120.86913 55.163538, -120.868235 55.163895, -120.867291 55.164237, -120.86634 55.164592, -120.865419 55.164986, -120.864525 55.165399, -120.863621 55.165828, -120.862683 55.166255, -120.861702 55.166663, -120.86068 55.167048, -120.859643 55.167441, -120.858724 55.167914, -120.857966 55.168482, -120.857283 55.169074, -120.856541 55.169647, -120.855827 55.170211, -120.855125 55.170766, -120.85433 55.17127, -120.853415 55.171698, -120.852398 55.172061, -120.851349 55.172375, -120.850309 55.172686, -120.849302 55.173004, -120.848314 55.173318, -120.847336 55.173638, -120.846414 55.173999, -120.845564 55.174406, -120.844726 55.174829, -120.843861 55.175233, -120.842943 55.175609, -120.841977 55.175951, -120.84098 55.176284, -120.839982 55.176617, -120.838991 55.176958, -120.838023 55.177314, -120.837084 55.177694, -120.83617 55.178086, -120.835265 55.178462, -120.834343 55.178795, -120.833395 55.179036, -120.832444 55.179062, -120.831589 55.178824, -120.831082 55.178355, -120.830992 55.177759, -120.831456 55.177154, -120.832235 55.176623, -120.833137 55.176113, -120.833993 55.175582, -120.834771 55.175021, -120.835425 55.174416, -120.835847 55.173753, -120.835925 55.173049, -120.83518 55.172089, -120.834205 55.171649, -120.83243 55.171288, -120.831197 55.171151, -120.829977 55.171066, -120.82817 55.171025, -120.827009 55.171081, -120.82589 55.17124, -120.824832 55.171478, -120.823835 55.17177, -120.822888 55.172107, -120.821962 55.172449, -120.821039 55.172814, -120.82016 55.173192, -120.81931 55.17358, -120.818488 55.173984, -120.817728 55.174392, -120.817037 55.174818, -120.816395 55.175243, -120.815849 55.175695, -120.815391 55.176151, -120.815007 55.176606, -120.814599 55.177034, -120.814042 55.177332, -120.813328 55.177411, -120.812601 55.177211, -120.811986 55.17677, -120.811481 55.17618, -120.810942 55.175537, -120.810347 55.174878, -120.80971 55.174222, -120.809007 55.173574, -120.808154 55.172996, -120.807103 55.172563, -120.805889 55.172371, -120.804648 55.17248, -120.803581 55.172852, -120.802741 55.173401, -120.80211 55.174035, -120.801461 55.174656, -120.800562 55.17517, -120.799423 55.175522, -120.798169 55.175748, -120.796894 55.175952, -120.795632 55.176173, -120.794403 55.176416, -120.793248 55.176682, -120.792152 55.17698, -120.791094 55.177295, -120.790056 55.177616, -120.788966 55.177882, -120.787807 55.178065, -120.786582 55.178159, -120.785315 55.178196, -120.784065 55.178224, -120.782819 55.178271, -120.781575 55.17835, -120.780313 55.178445, -120.779064 55.178584, -120.77784 55.178791, -120.776677 55.179068, -120.77503 55.179571, -120.773935 55.179916, -120.772211 55.180242, -120.771004 55.180385, -120.769243 55.180737, -120.767675 55.181335, -120.76671 55.181757, -120.765714 55.182163, -120.764709 55.182558, -120.76372 55.182932, -120.762721 55.183288, -120.761711 55.183605, -120.760713 55.183946, -120.759861 55.18439, -120.759182 55.184924, -120.75862 55.185479, -120.75808 55.186018, -120.757561 55.186529, -120.756987 55.186991, -120.756319 55.1874, -120.7555 55.187779, -120.754618 55.188157, -120.753742 55.188541, -120.75291 55.1889, -120.752042 55.189117, -120.751089 55.189047, -120.750315 55.188659, -120.749869 55.188074, -120.749613 55.18739, -120.749401 55.186687, -120.749044 55.186022, -120.74846 55.185396, -120.74764 55.184826, -120.746643 55.184294, -120.745604 55.183746, -120.744541 55.183201, -120.743456 55.182671, -120.74233 55.182154, -120.741155 55.181663, -120.739962 55.181224, -120.738705 55.180847, -120.737378 55.180563, -120.736006 55.180403, -120.734602 55.180407, -120.733254 55.180588, -120.731993 55.180921, -120.730839 55.181387, -120.729773 55.181923, -120.728721 55.182479, -120.727683 55.183061, -120.726695 55.183661, -120.725696 55.18426, -120.724611 55.184776, -120.723396 55.185178, -120.722091 55.185469, -120.720748 55.185644, -120.719409 55.185705, -120.718084 55.185627, -120.716845 55.185375, -120.715693 55.184996, -120.714551 55.184607, -120.713349 55.184313, -120.712094 55.184321, -120.710497 55.184952, -120.709713 55.185626, -120.70856 55.186636, -120.707038 55.187384, -120.705853 55.187618, -120.704568 55.187652, -120.703287 55.187551, -120.702004 55.18747, -120.700674 55.187554, -120.69943 55.187826, -120.698276 55.188159, -120.697049 55.188393, -120.695732 55.188468, -120.694415 55.188416, -120.693128 55.188296, -120.691892 55.188136, -120.690681 55.187987, -120.689465 55.187905, -120.688225 55.187927, -120.68708 55.188095, -120.686184 55.188493, -120.685717 55.189063, -120.685843 55.189682, -120.686488 55.190202, -120.687554 55.190574, -120.688743 55.190844, -120.689984 55.191098, -120.691163 55.191418, -120.692092 55.191837, -120.692679 55.192369, -120.69289 55.192918, -120.692641 55.193393, -120.691924 55.193693, -120.690886 55.193687, -120.689828 55.193411, -120.688793 55.193004, -120.687674 55.192652, -120.686416 55.192476, -120.685048 55.192543, -120.683673 55.19283, -120.682381 55.193271, -120.681131 55.19378, -120.679889 55.194306, -120.678658 55.194829, -120.677441 55.19536, -120.676237 55.195895, -120.675038 55.196429, -120.673854 55.196965, -120.672667 55.197502, -120.671464 55.198031, -120.670271 55.198509, -120.669036 55.198908, -120.667746 55.199201, -120.666397 55.199406, -120.665024 55.199571, -120.663659 55.199723, -120.662282 55.199856, -120.660873 55.19997, -120.659449 55.200072, -120.658013 55.20016, -120.65655 55.200239, -120.655132 55.200336, -120.653161 55.200661, -120.652053 55.201064, -120.650864 55.20197, -120.650372 55.203077, -120.650175 55.203852, -120.649889 55.204605, -120.64935 55.205293, -120.648504 55.205852, -120.647431 55.206269, -120.64618 55.206494, -120.644865 55.206577, -120.643542 55.206598, -120.642211 55.206589, -120.640879 55.20662, -120.639556 55.206762, -120.638306 55.20701, -120.637155 55.207375, -120.636131 55.207857, -120.635283 55.208452, -120.634668 55.209152, -120.634292 55.209943, -120.634037 55.210749, -120.633784 55.21155, -120.633477 55.212339, -120.633135 55.213109, -120.63278 55.213885, -120.632328 55.214632, -120.631814 55.215354, -120.631266 55.216061, -120.630714 55.216757, -120.630145 55.217425, -120.629481 55.21805, -120.628622 55.218577, -120.627537 55.218952, -120.626367 55.219217, -120.625173 55.219476, -120.623971 55.219758, -120.622804 55.22008, -120.62168 55.220452, -120.620618 55.220846, -120.619604 55.221256, -120.618688 55.2217, -120.617874 55.222191, -120.617161 55.2227, -120.616533 55.223241, -120.615948 55.22379, -120.615339 55.224337, -120.614537 55.224793, -120.613491 55.22508, -120.612334 55.225167, -120.611117 55.225118, -120.609873 55.225082, -120.608608 55.225156, -120.607363 55.22537, -120.606131 55.225639, -120.604915 55.225949, -120.603738 55.22626, -120.602568 55.226537, -120.60136 55.22674, -120.600158 55.226887, -120.598387 55.227149, -120.596797 55.227558, -120.595926 55.227955, -120.59505 55.228711, -120.594895 55.22929, -120.595082 55.229874, -120.595532 55.230418, -120.596059 55.230919, -120.596367 55.231445, -120.596283 55.231966, -120.595818 55.232423, -120.595068 55.232752, -120.594199 55.233021, -120.593311 55.233303, -120.592483 55.233685, -120.591697 55.234162, -120.59086 55.234646, -120.589903 55.235077, -120.588827 55.235424, -120.587694 55.235707, -120.586564 55.236009, -120.585477 55.236375, -120.584406 55.236743, -120.58327 55.236989, -120.582059 55.237025, -120.580842 55.236845, -120.579711 55.236482, -120.578705 55.235967, -120.577784 55.235395, -120.576891 55.234808, -120.575983 55.234227, -120.574997 55.233688, -120.573901 55.23321, -120.572694 55.23281, -120.571387 55.232498, -120.570059 55.232217, -120.568692 55.231961, -120.567282 55.231767, -120.565841 55.231624, -120.564403 55.231513, -120.562961 55.231435, -120.561547 55.231398, -120.560147 55.231399, -120.558771 55.23141, -120.557402 55.231442, -120.556077 55.231555, -120.554831 55.231782, -120.553705 55.232137, -120.552681 55.232557, -120.551648 55.232921, -120.550549 55.233156, -120.549381 55.233227, -120.548162 55.233128, -120.546995 55.23285, -120.545884 55.232469, -120.544798 55.232055, -120.543717 55.231638, -120.542744 55.231183, -120.541897 55.230686, -120.541044 55.230265, -120.539604 55.230184, -120.538925 55.23058, -120.538611 55.231162, -120.538389 55.232134, -120.538381 55.232809, -120.538557 55.233504, -120.538938 55.234188, -120.539537 55.234837, -120.540265 55.235443, -120.541029 55.236029, -120.541631 55.236647, -120.541879 55.237313, -120.541729 55.23796, -120.541183 55.238536, -120.540338 55.238998, -120.539265 55.23932, -120.538046 55.239489, -120.536752 55.239556, -120.535451 55.239567, -120.534165 55.239563, -120.532877 55.239602, -120.53161 55.239773, -120.530384 55.240056, -120.529189 55.240353, -120.527994 55.240632, -120.526793 55.240854, -120.525599 55.240971, -120.524402 55.24098, -120.523223 55.240912, -120.52209 55.240807, -120.521009 55.240634, -120.520041 55.240328, -120.519277 55.239845, -120.518698 55.239266, -120.518125 55.238678, -120.517388 55.238144, -120.516447 55.237726, -120.515327 55.237475, -120.51411 55.237415, -120.512937 55.237582, -120.511903 55.237952, -120.51102 55.238431, -120.510133 55.238912, -120.509187 55.239339, -120.508234 55.239741, -120.507316 55.24016, -120.50654 55.24066, -120.505984 55.241246, -120.505644 55.241885, -120.505423 55.242525, -120.505141 55.24313, -120.504703 55.243646, -120.504012 55.244006, -120.503119 55.244099, -120.502279 55.243873, -120.501746 55.243373, -120.501558 55.242714, -120.501542 55.242012, -120.501517 55.241293, -120.501245 55.24061, -120.500534 55.240031, -120.499394 55.239691, -120.498029 55.239622, -120.495944 55.239863, -120.494573 55.240076, -120.493215 55.240281, -120.491196 55.240528, -120.489845 55.240679, -120.487797 55.240826, -120.4864 55.24082, -120.484987 55.240741, -120.483548 55.240649, -120.482077 55.240596, -120.480595 55.240555, -120.479118 55.2405, -120.477647 55.240448, -120.476182 55.240435, -120.474709 55.240457, -120.473285 55.24058, -120.471965 55.240901, -120.470861 55.241423, -120.469924 55.242058, -120.469015 55.242705, -120.468083 55.243347, -120.467152 55.243982, -120.466193 55.244586, -120.465217 55.245161, -120.464258 55.245736, -120.463379 55.246325, -120.462594 55.246935, -120.461872 55.24755, -120.461079 55.248121, -120.460114 55.248587, -120.458956 55.248897, -120.457666 55.249024, -120.456325 55.249018, -120.454963 55.248983, -120.453615 55.249002, -120.452309 55.249103, -120.451063 55.249296, -120.449889 55.249572, -120.448748 55.249876, -120.447637 55.250208, -120.446581 55.250575, -120.445585 55.250984, -120.444649 55.251426, -120.443812 55.251921, -120.443018 55.252423, -120.442212 55.252898, -120.441336 55.25331, -120.440383 55.253641, -120.439397 55.253939, -120.438428 55.25425, -120.437529 55.254623, -120.436708 55.255033, -120.435953 55.255477, -120.435294 55.25596, -120.434704 55.256474, -120.434105 55.256989, -120.433386 55.257445, -120.432544 55.257825, -120.431703 55.258193, -120.430901 55.258553, -120.430034 55.258787, -120.428667 55.258703, -120.427977 55.258283, -120.427726 55.257308, -120.427824 55.256605, -120.427859 55.255902, -120.42764 55.254825, -120.427571 55.254119, -120.42765 55.253438, -120.427633 55.252779, -120.427221 55.252157, -120.426268 55.251659, -120.425138 55.251239, -120.424074 55.250808, -120.423016 55.250366, -120.421966 55.249909, -120.420974 55.249415, -120.420043 55.248889, -120.41909 55.24838, -120.418066 55.247914, -120.417 55.247489, -120.415854 55.247112, -120.414666 55.246736, -120.41349 55.246317, -120.412372 55.245853, -120.411322 55.245368, -120.410203 55.244959, -120.408958 55.244725, -120.407645 55.244644, -120.406313 55.244598, -120.404988 55.244496, -120.403686 55.244314, -120.402393 55.244142, -120.401059 55.24406, -120.399722 55.244043, -120.398376 55.244067, -120.397062 55.244107, -120.395775 55.244133, -120.394513 55.244102, -120.393302 55.243948, -120.392231 55.243613, -120.39141 55.243086, -120.390806 55.242458, -120.390167 55.24185, -120.389319 55.241332, -120.388222 55.241002, -120.386984 55.240945, -120.385749 55.241115, -120.384588 55.241438, -120.383487 55.241807, -120.382322 55.242071, -120.381107 55.242146, -120.379894 55.242077, -120.378706 55.241945, -120.377602 55.241695, -120.376658 55.241313, -120.37599 55.240779, -120.375684 55.240133, -120.375784 55.239444, -120.376194 55.238767, -120.37671 55.238109, -120.377112 55.237437, -120.377206 55.23636, -120.376884 55.235286, -120.376255 55.234249, -120.375543 55.233606, -120.374351 55.232671, -120.373601 55.232033, -120.372838 55.231398, -120.371988 55.23079, -120.371017 55.230221, -120.369945 55.229702, -120.368736 55.229322, -120.367409 55.229136, -120.366043 55.229139, -120.364725 55.229281, -120.363457 55.22952, -120.362205 55.22978, -120.360968 55.230042, -120.359735 55.230307, -120.358496 55.230587, -120.357235 55.230836, -120.355943 55.231052, -120.354668 55.231278, -120.353438 55.231545, -120.352194 55.231788, -120.35093 55.231982, -120.349654 55.232138, -120.348354 55.232225, -120.347043 55.232212, -120.345742 55.232081, -120.344483 55.231845, -120.343305 55.231495, -120.342241 55.23102, -120.341343 55.230414, -120.34066 55.229687, -120.340086 55.2289, -120.33946 55.228106, -120.338767 55.227333, -120.338016 55.226593, -120.337228 55.225902, -120.336522 55.225248, -120.335999 55.224612, -120.335818 55.223967, -120.336141 55.223358, -120.336939 55.222922, -120.338094 55.222779, -120.339347 55.222911, -120.3406 55.223155, -120.341841 55.223412, -120.343099 55.223616, -120.34443 55.223644, -120.345807 55.223394, -120.347101 55.222954, -120.348369 55.222451, -120.349599 55.221933, -120.350796 55.221392, -120.351987 55.220844, -120.353179 55.220293, -120.354359 55.219741, -120.355604 55.219257, -120.356936 55.218863, -120.358323 55.218595, -120.360468 55.218465, -120.361876 55.218515, -120.36398 55.218693, -120.3654 55.218808, -120.367543 55.218918, -120.369698 55.21878, -120.371083 55.218483, -120.372385 55.218056, -120.373645 55.217558, -120.374879 55.217021, -120.376123 55.216476, -120.377381 55.215928, -120.378648 55.215395, -120.379987 55.214947, -120.381414 55.214641, -120.382875 55.214508, -120.384318 55.214493, -120.38578 55.214505, -120.387266 55.214473, -120.388787 55.21435, -120.390317 55.214117, -120.391838 55.213794, -120.393347 55.213411, -120.394852 55.213062, -120.396399 55.212827, -120.397961 55.21276, -120.399472 55.212883, -120.400871 55.213166, -120.402156 55.213582, -120.403311 55.214098, -120.404386 55.214666, -120.405445 55.215215, -120.406578 55.215685, -120.407872 55.215974, -120.409297 55.216006, -120.410715 55.215739, -120.411961 55.215186, -120.412989 55.21443, -120.413862 55.213586, -120.414768 55.21274, -120.415832 55.211964, -120.417049 55.211282, -120.418348 55.210687, -120.419695 55.210154, -120.421067 55.209649, -120.422416 55.209124, -120.423742 55.208598, -120.425062 55.208068, -120.426372 55.207546, -120.427653 55.207034, -120.428884 55.206507, -120.430016 55.205941, -120.431008 55.205296, -120.43179 55.204547, -120.432318 55.203721, -120.43257 55.202835, -120.432586 55.201926, -120.432513 55.201021, -120.432563 55.20014, -120.432862 55.199305, -120.433477 55.198545, -120.434788 55.197548, -120.436176 55.196592, -120.437327 55.195556, -120.437955 55.194795, -120.43854 55.194046, -120.439735 55.193105, -120.440877 55.192708, -120.442193 55.192536, -120.443559 55.192559, -120.444914 55.192733, -120.446239 55.192992, -120.447544 55.193262, -120.448836 55.193477, -120.450141 55.193643, -120.451462 55.193768, -120.45277 55.193907, -120.454011 55.194106, -120.455151 55.1944, -120.456167 55.194771, -120.457202 55.19512, -120.458357 55.195349, -120.459622 55.1954, -120.460922 55.19529, -120.462217 55.195099, -120.4635 55.194879, -120.464753 55.19464, -120.465969 55.194373, -120.467091 55.194028, -120.468115 55.193603, -120.469033 55.193109, -120.469874 55.192592, -120.470673 55.192067, -120.471437 55.191553, -120.472156 55.191053, -120.472695 55.19049, -120.472963 55.189838, -120.473099 55.189164, -120.473215 55.188488, -120.473389 55.187813, -120.47367 55.187147, -120.474082 55.186505, -120.474599 55.185915, -120.475181 55.185355, -120.475579 55.184783, -120.475533 55.184211, -120.474947 55.183752, -120.47397 55.183515, -120.47282 55.18344, -120.471613 55.183391, -120.470413 55.183268)), ((-120.916327 55.158223, -120.915786 55.158161, -120.915432 55.158209, -120.915012 55.158292, -120.914767 55.158348, -120.91458 55.158352, -120.914454 55.158429, -120.914402 55.158568, -120.914391 55.158745, -120.91439 55.158753, -120.914292 55.159017, -120.914178 55.159128, -120.91384 55.159221, -120.913671 55.159176, -120.913473 55.159176, -120.913213 55.159136, -120.912965 55.159037, -120.912722 55.158865, -120.912536 55.158766, -120.91237 55.158654, -120.91236 55.158644, -120.912191 55.158474, -120.91203 55.158273, -120.911775 55.15799, -120.91151 55.157818, -120.911218 55.157706, -120.910995 55.157577, -120.910808 55.157461, -120.910881 55.157287, -120.911208 55.157036, -120.911473 55.156961, -120.911753 55.156866, -120.912044 55.156692, -120.912338 55.156531, -120.91247 55.156481, -120.912692 55.156317, -120.91289 55.156138, -120.913125 55.156014, -120.913398 55.155927, -120.913755 55.155799, -120.914064 55.155649, -120.914454 55.155411, -120.914576 55.155328, -120.914875 55.155126, -120.915098 55.155044, -120.915595 55.154862, -120.916095 55.154709, -120.916727 55.154639, -120.917202 55.154688, -120.917684 55.154782, -120.918154 55.154919, -120.918449 55.155005, -120.918722 55.155114, -120.91902 55.155284, -120.91921 55.155414, -120.919339 55.155512, -120.919472 55.155704, -120.91968 55.155838, -120.919966 55.155916, -120.920278 55.156033, -120.920626 55.156255, -120.920967 55.156398, -120.921396 55.156613, -120.921987 55.156831, -120.922475 55.157019, -120.9229 55.157223, -120.923188 55.157426, -120.923105 55.157739, -120.922978 55.157965, -120.922892 55.15803, -120.922519 55.158069, -120.922309 55.158146, -120.921998 55.158185, -120.921694 55.158344, -120.921388 55.158507, -120.92114 55.158649, -120.921129 55.158656, -120.9208 55.158865, -120.920569 55.159065, -120.920485 55.15926, -120.920475 55.159283, -120.920402 55.159444, -120.920231 55.159647, -120.919896 55.159707, -120.919606 55.159722, -120.919332 55.159723, -120.91899 55.15964, -120.918771 55.159465, -120.918679 55.159375, -120.918669 55.159322, -120.918618 55.159069, -120.918536 55.158894, -120.918439 55.158779, -120.918197 55.158625, -120.917899 55.158493, -120.917625 55.158396, -120.917185 55.158298, -120.916839 55.158263, -120.916327 55.158223)))"
81,2023-07-29 10:30:57,2023061401,2023,37.4,Non-corrected airborne GPS,1686726000000,1686803430000,Under Control,JA70003000,373620.8272,3586.3567,163,edf56282-a8d0-4960-b3d0-0ba0fff2d263,1246180.828125,6549.96305610985,https://wildfiresituation.nrs.gov.bc.ca/incidents?fireYear=2023&incidentNumber=G60770,"POLYGON ((-124.989346 56.854988, -124.989034 56.854746, -124.988848 56.854675, -124.98826 56.854446, -124.98808 56.854365, -124.987046 56.854111, -124.986537 56.854017, -124.986096 56.853842, -124.985713 56.853639, -124.983639 56.852792, -124.982665 56.852038, -124.982032 56.851479, -124.98178 56.851365, -124.980979 56.851042, -124.979888 56.850343, -124.979057 56.849355, -124.978717 56.849079, -124.977801 56.848299, -124.977291 56.847785, -124.977108 56.847532, -124.977681 56.847085, -124.978418 56.846953, -124.979709 56.846619, -124.981079 56.84632, -124.981326 56.846275, -124.981988 56.846376, -124.982433 56.84711, -124.982736 56.847376, -124.983113 56.847905, -124.983204 56.848017, -124.98426 56.848338, -124.984512 56.848364, -124.985379 56.8489, -124.985561 56.849239, -124.986563 56.8501, -124.986848 56.850188, -124.987419 56.850346, -124.988326 56.850809, -124.988449 56.850918, -124.988418 56.851071, -124.988481 56.851689, -124.988835 56.85225, -124.989753 56.853124, -124.990069 56.853337, -124.990234 56.853442, -124.990856 56.853891, -124.99215 56.854401, -124.992565 56.854893, -124.9926 56.85501, -124.993476 56.855459, -124.994449 56.855697, -124.996105 56.856251, -124.996542 56.856381, -124.996919 56.856766, -124.996837 56.856866, -124.995768 56.857104, -124.994639 56.856811, -124.994302 56.856598, -124.994131 56.856503, -124.993725 56.856355, -124.992343 56.856117, -124.990958 56.855671, -124.990408 56.855546, -124.989625 56.855205, -124.989353 56.854994, -124.989346 56.854988))"
82,2023-07-29 10:30:57,2023072101,2023,21866.5,Processed IR image,1689922800000,1689968842000,Out of Control,JA70003000,218664960.6126,88019.488,164,59f894aa-72bb-4e38-be87-80eeec4f8ea3,672325869.882813,154386.076661275,https://wildfiresituation.nrs.gov.bc.ca/incidents?fireYear=2023&incidentNumber=G60853,"POLYGON ((-123.69971 55.358546, -123.700903 55.36168, -123.698556 55.366694, -123.695015 55.368574, -123.692114 55.371244, -123.685143 55.37306, -123.676135 55.374449, -123.671805 55.375387, -123.669789 55.375823, -123.668732 55.376409, -123.666816 55.377229, -123.663795 55.378521, -123.661379 55.379159, -123.656315 55.379969, -123.650456 55.381224, -123.649337 55.381392, -123.648607 55.381576, -123.648101 55.381704, -123.646447 55.381553, -123.639144 55.383456, -123.638991 55.383652, -123.638906 55.38376, -123.635126 55.384743, -123.633763 55.385097, -123.632905 55.385081, -123.629677 55.385921, -123.615079 55.384812, -123.612411 55.384609, -123.606766 55.386161, -123.596138 55.38908, -123.593949 55.388527, -123.593348 55.388628, -123.591146 55.388406, -123.591052 55.388158, -123.5909 55.387756, -123.588523 55.387155, -123.587416 55.387258, -123.584591 55.386845, -123.583118 55.385024, -123.581275 55.384092, -123.577841 55.38333, -123.573899 55.383017, -123.568797 55.383238, -123.565564 55.382243, -123.563247 55.381529, -123.559788 55.380666, -123.554893 55.379444, -123.557269 55.377569, -123.563013 55.37608, -123.566556 55.373588, -123.569604 55.373647, -123.571638 55.373686, -123.573109 55.373508, -123.576193 55.373134, -123.577637 55.371104, -123.57597 55.369, -123.575659 55.368608, -123.575455 55.368351, -123.57479 55.368304, -123.571831 55.370488, -123.56895 55.371393, -123.564433 55.371305, -123.561766 55.368691, -123.561961 55.365492, -123.565464 55.363639, -123.569435 55.363396, -123.571187 55.36247, -123.573895 55.361661, -123.573855 55.360604, -123.580939 55.355898, -123.582115 55.355117, -123.58264 55.354712, -123.583582 55.353008, -123.578668 55.346973, -123.577174 55.345136, -123.57708 55.345055, -123.576475 55.344528, -123.576091 55.344193, -123.578988 55.343352, -123.579936 55.343371, -123.585327 55.343117, -123.587908 55.34227, -123.592897 55.343442, -123.597699 55.342459, -123.598101 55.341033, -123.600049 55.340174, -123.602344 55.339561, -123.602424 55.33936, -123.602327 55.339348, -123.602104 55.339347, -123.601439 55.339214, -123.601216 55.339212, -123.600666 55.339079, -123.600116 55.33901, -123.599676 55.338942, -123.599128 55.338808, -123.598578 55.33874, -123.598131 55.338739, -123.597465 55.338672, -123.5968 55.338605, -123.596135 55.338474, -123.595779 55.338422, -123.595689 55.338409, -123.595138 55.338342, -123.594589 55.338211, -123.594152 55.338144, -123.593607 55.338012, -123.593167 55.337883, -123.592842 55.33769, -123.592737 55.337499, -123.592746 55.337118, -123.59297 55.336929, -123.593643 55.33674, -123.593869 55.336677, -123.594318 55.336614, -123.594893 55.336423, -123.595464 55.336295, -123.595917 55.336231, -123.596374 55.336104, -123.59683 55.336039, -123.597071 55.335785, -123.597202 55.335529, -123.597224 55.335274, -123.596922 55.334892, -123.596601 55.334702, -123.596278 55.334513, -123.595711 55.334387, -123.595277 55.334196, -123.594849 55.334069, -123.594071 55.333942, -123.590603 55.333387, -123.590553 55.333367, -123.590217 55.333304, -123.589676 55.333238, -123.589141 55.333049, -123.588709 55.332985, -123.588167 55.33292, -123.587523 55.332918, -123.587102 55.332854, -123.586566 55.332852, -123.586146 55.332726, -123.585618 55.332723, -123.585102 55.332659, -123.584577 55.332657, -123.584039 55.332655, -123.583718 55.332654, -123.583273 55.332777, -123.582936 55.332839, -123.582488 55.332901, -123.581687 55.333024, -123.581228 55.333148, -123.580887 55.33321, -123.580213 55.333208, -123.579404 55.333332, -123.578837 55.333332, -123.578153 55.33333, -123.577696 55.333392, -123.57737 55.333453, -123.576943 55.333452, -123.576409 55.33345, -123.575765 55.333447, -123.575326 55.333446, -123.574997 55.333445, -123.574572 55.333444, -123.574044 55.333503, -123.573626 55.333564, -123.572989 55.333686, -123.572563 55.333746, -123.572128 55.33387, -123.571712 55.333868, -123.571174 55.33399, -123.570748 55.33405, -123.570218 55.33411, -123.569688 55.33417, -123.569367 55.334169, -123.568623 55.334166, -123.568205 55.334101, -123.567927 55.33385, -123.567631 55.333662, -123.567565 55.333412, -123.56718 55.333162, -123.566911 55.332912, -123.566627 55.332725, -123.566362 55.332415, -123.566173 55.332229, -123.565885 55.331919, -123.56591 55.331611, -123.565945 55.331365, -123.565994 55.331058, -123.566035 55.330752, -123.566041 55.330567, -123.566155 55.33026, -123.566165 55.330015, -123.566381 55.329585, -123.566592 55.329463, -123.56672 55.329205, -123.566805 55.329032, -123.566806 55.328725, -123.566807 55.328479, -123.566808 55.328171, -123.566806 55.327925, -123.566806 55.327678, -123.5668 55.32737, -123.566797 55.327123, -123.567012 55.326816, -123.567222 55.326569, -123.56743 55.326384, -123.567638 55.326137, -123.568056 55.32589, -123.568369 55.325827, -123.568875 55.325577, -123.569176 55.325451, -123.569561 55.325206, -123.569572 55.325199, -123.569775 55.325136, -123.570181 55.325009, -123.570785 55.324817, -123.571187 55.324689, -123.571597 55.324561, -123.571802 55.324435, -123.572215 55.32437, -123.572935 55.324178, -123.573245 55.324113, -123.573865 55.323859, -123.574177 55.323607, -123.574279 55.323419, -123.574496 55.323107, -123.574713 55.32292, -123.57493 55.322671, -123.57516 55.3223, -123.575064 55.321991, -123.574968 55.321683, -123.574545 55.321498, -123.574565 55.321255, -123.574478 55.321011, -123.574508 55.320646, -123.574525 55.320402, -123.574546 55.320098, -123.574569 55.319793, -123.574583 55.319549, -123.574712 55.319245, -123.575069 55.318945, -123.575317 55.318645, -123.575662 55.318466, -123.576133 55.318108, -123.576145 55.317988, -123.576281 55.317626, -123.576178 55.31738, -123.575848 55.317316, -123.575302 55.31719, -123.57486 55.317186, -123.574201 55.317182, -123.573431 55.317115, -123.572797 55.317119, -123.572481 55.317122, -123.571855 55.317129, -123.571544 55.317133, -123.571132 55.317078, -123.570615 55.317085, -123.570201 55.31709, -123.569465 55.317095, -123.568954 55.317104, -123.568334 55.317112, -123.567811 55.317115, -123.567199 55.317125, -123.566781 55.317128, -123.566361 55.317008, -123.566049 55.317011, -123.565529 55.317015, -123.565115 55.317019, -123.564711 55.317026, -123.564004 55.316977, -123.5635 55.316924, -123.562996 55.316932, -123.562492 55.316879, -123.562089 55.316764, -123.561685 55.316647, -123.561278 55.316653, -123.559264 55.313504, -123.549643 55.311559, -123.543055 55.310031, -123.539663 55.31126, -123.533619 55.311726, -123.526848 55.30978, -123.512626 55.310073, -123.50673 55.308173, -123.502918 55.30742, -123.497784 55.303946, -123.498185 55.302951, -123.499271 55.300255, -123.508404 55.298003, -123.5171 55.296655, -123.52025 55.292127, -123.520036 55.290306, -123.519298 55.289797, -123.518908 55.289528, -123.513656 55.290257, -123.50946 55.291391, -123.505626 55.292427, -123.501378 55.292821, -123.50086 55.292869, -123.495115 55.29383, -123.493717 55.294355, -123.490587 55.295531, -123.491663 55.294279, -123.489769 55.294209, -123.485123 55.291889, -123.492897 55.290649, -123.497754 55.28392, -123.499855 55.283249, -123.507154 55.280916, -123.507147 55.280822, -123.506772 55.280286, -123.506755 55.279923, -123.506762 55.279539, -123.506768 55.279158, -123.507293 55.278765, -123.50763 55.278387, -123.508326 55.278087, -123.508861 55.277687, -123.509233 55.277379, -123.509772 55.276882, -123.510109 55.27641, -123.510767 55.276138, -123.51107 55.275692, -123.511578 55.275501, -123.51191 55.275221, -123.512753 55.274749, -123.512806 55.274627, -123.512913 55.274378, -123.513414 55.273815, -123.513752 55.273531, -123.513731 55.272886, -123.513549 55.272613, -123.512725 55.272223, -123.512421 55.272012, -123.512148 55.271497, -123.512193 55.270996, -123.51223 55.270595, -123.512277 55.270095, -123.512325 55.269568, -123.510416 55.269447, -123.502143 55.268115, -123.505722 55.265369, -123.509918 55.2626, -123.517029 55.260814, -123.519547 55.260181, -123.523613 55.259651, -123.529812 55.26291, -123.535459 55.263436, -123.536002 55.263065, -123.53647 55.262751, -123.538428 55.261439, -123.537006 55.257401, -123.537502 55.255358, -123.540505 55.257135, -123.542894 55.249387, -123.543743 55.248766, -123.544611 55.248133, -123.545399 55.247447, -123.54613 55.246748, -123.546856 55.246047, -123.547588 55.245353, -123.548342 55.244644, -123.549084 55.243924, -123.549726 55.243183, -123.550294 55.242412, -123.550805 55.241609, -123.551295 55.240793, -123.551768 55.239949, -123.552279 55.23911, -123.552792 55.238278, -123.553288 55.237451, -123.553741 55.236628, -123.5542 55.235825, -123.554638 55.23504, -123.550525 55.22957, -123.551503 55.228524, -123.551832 55.227391, -123.551643 55.226281, -123.550989 55.225298, -123.550196 55.224415, -123.549322 55.223604, -123.548322 55.222869, -123.547911 55.222586, -123.547885 55.221852, -123.547578 55.220844, -123.547343 55.219834, -123.547148 55.218815, -123.547031 55.217773, -123.546873 55.216728, -123.54668 55.215696, -123.546645 55.214647, -123.546611 55.214127, -123.546575 55.213596, -123.546599 55.212511, -123.546711 55.212132, -123.546925 55.211407, -123.54706 55.211134, -123.545552 55.207775, -123.541031 55.203406, -123.538561 55.199078, -123.539922 55.197603, -123.543228 55.199619, -123.550017 55.196956, -123.557343 55.19408, -123.557506 55.19366, -123.558213 55.191841, -123.560608 55.18568, -123.576363 55.183399, -123.583641 55.181049, -123.594193 55.179981, -123.612244 55.176529, -123.630234 55.180401, -123.641479 55.17598, -123.645322 55.176104, -123.645695 55.175873, -123.648961 55.173444, -123.652165 55.172082, -123.654765 55.170352, -123.661713 55.16906, -123.666624 55.170575, -123.671391 55.174578, -123.674849 55.179623, -123.675872 55.183555, -123.678308 55.184668, -123.683221 55.186182, -123.683078 55.18867, -123.6836 55.190458, -123.683396 55.194012, -123.685792 55.195835, -123.688833 55.197315, -123.689335 55.199458, -123.689111 55.203367, -123.688989 55.205486, -123.691336 55.205897, -123.69508 55.207124, -123.701406 55.209196, -123.703876 55.212714, -123.705834 55.215502, -123.709757 55.218686, -123.71573 55.221908, -123.721066 55.22434, -123.725784 55.225593, -123.729797 55.227222, -123.728233 55.230695, -123.720427 55.235609, -123.716811 55.239044, -123.716568 55.243319, -123.715685 55.246804, -123.712795 55.249474, -123.707191 55.251705, -123.705856 55.255853, -123.706658 55.256258, -123.70709 55.256812, -123.707225 55.257089, -123.70732 55.25764, -123.707269 55.258007, -123.707365 55.258464, -123.707429 55.258942, -123.707511 55.259516, -123.707579 55.259996, -123.707633 55.26038, -123.70754 55.260766, -123.707627 55.261438, -123.707689 55.261824, -123.707737 55.262114, -123.707953 55.2625, -123.708186 55.262982, -123.708739 55.263557, -123.70943 55.264034, -123.709936 55.264319, -123.71057 55.264596, -123.71104 55.264874, -123.711382 55.265253, -123.711438 55.26564, -123.711521 55.266221, -123.711593 55.266707, -123.71165 55.267095, -123.711717 55.267581, -123.711452 55.267971, -123.711505 55.26836, -123.711412 55.268848, -123.711798 55.269332, -123.712317 55.269621, -123.712544 55.270107, -123.712717 55.270203, -123.714021 55.270388, -123.715068 55.270685, -123.715975 55.270892, -123.717762 55.270885, -123.718456 55.270892, -123.719461 55.272752, -123.719591 55.273247, -123.719757 55.273494, -123.719831 55.273986, -123.719585 55.274149, -123.719067 55.274311, -123.718548 55.274556, -123.718491 55.274573, -123.717729 55.274801, -123.717074 55.275377, -123.71712 55.275873, -123.717334 55.276867, -123.717641 55.277364, -123.717203 55.278027, -123.715117 55.27877, -123.713828 55.279433, -123.712717 55.280258, -123.712431 55.280756, -123.712453 55.281254, -123.712314 55.281586, -123.712021 55.281835, -123.711283 55.282082, -123.71085 55.282164, -123.708864 55.282322, -123.708716 55.282239, -123.707682 55.282237, -123.707091 55.282152, -123.706795 55.282152, -123.706046 55.282149, -123.705032 55.282148, -123.704172 55.282148, -123.703598 55.282147, -123.702896 55.282147, -123.702199 55.282148, -123.701641 55.282149, -123.700947 55.282149, -123.700391 55.28215, -123.699696 55.282234, -123.699142 55.282485, -123.698731 55.282565, -123.698707 55.282585, -123.698063 55.283113, -123.698282 55.284326, -123.698335 55.285665, -123.699101 55.287088, -123.699806 55.287918, -123.700729 55.288584, -123.701216 55.288936, -123.702376 55.289437, -123.702951 55.289686, -123.703976 55.290011, -123.70452 55.290183, -123.704955 55.29035, -123.705185 55.290649, -123.706061 55.291783, -123.705838 55.292797, -123.705019 55.293728, -123.70387 55.294234, -123.702151 55.29466, -123.700711 55.295, -123.700277 55.295096, -123.69991 55.296517, -123.699694 55.299095, -123.701162 55.302226, -123.70167 55.303968, -123.702154 55.306335, -123.69991 55.30733, -123.6974 55.308443, -123.691834 55.310121, -123.687573 55.313169, -123.682064 55.315838, -123.67798 55.31803, -123.677951 55.318122, -123.677861 55.318414, -123.677861 55.318819, -123.677909 55.319128, -123.677926 55.31923, -123.677948 55.31965, -123.677876 55.320041, -123.677661 55.320417, -123.677338 55.320782, -123.676982 55.321148, -123.676638 55.321533, -123.676306 55.321906, -123.675995 55.322248, -123.675692 55.322568, -123.675391 55.322869, -123.675168 55.323191, -123.674993 55.323519, -123.674784 55.323834, -123.674434 55.324102, -123.674006 55.32434, -123.673616 55.324607, -123.673333 55.324934, -123.673329 55.324939, -123.673042 55.32527, -123.672763 55.325617, -123.672471 55.325964, -123.672146 55.326315, -123.671916 55.326703, -123.671842 55.327127, -123.671916 55.327495, -123.671927 55.32755, -123.67226 55.327955, -123.672981 55.328247, -123.673881 55.328418, -123.67467 55.328649, -123.67528 55.328978, -123.67573 55.329377, -123.676043 55.329824, -123.676271 55.33031, -123.67646 55.330823, -123.676625 55.331348, -123.676733 55.331867, -123.676872 55.332348, -123.677239 55.33278, -123.677845 55.333124, -123.678388 55.333503, -123.678727 55.333953, -123.678948 55.33443, -123.679154 55.33491, -123.679452 55.335387, -123.679532 55.335456, -123.679946 55.335809, -123.680624 55.336173, -123.681472 55.336429, -123.681976 55.336606, -123.682245 55.336701, -123.682777 55.337276, -123.683359 55.337554, -123.683232 55.33842, -123.682868 55.33883, -123.68222 55.339416, -123.682018 55.339598, -123.681793 55.340515, -123.681924 55.340977, -123.682163 55.341421, -123.682321 55.34153, -123.68327 55.342185, -123.6839 55.342534, -123.684283 55.342822, -123.684414 55.34292, -123.684709 55.343401, -123.684981 55.343901, -123.685381 55.344371, -123.685914 55.344794, -123.686489 55.345196, -123.687018 55.345627, -123.687476 55.34608, -123.687581 55.346202, -123.696243 55.347201, -123.696109 55.349532, -123.695351 55.35197, -123.695477 55.352173, -123.695267 55.35224, -123.695774 55.355362, -123.699235 55.358162, -123.69971 55.358546))"
83,2023-07-29 10:30:57,2023070801,2023,4177.7,Non-corrected airborne GPS,1688799600000,1688865829000,Being Held,JA70003000,41777007.5222,57831.6195,165,1f891b7d-26ed-44b9-b7d9-710a7069ec29,145210251.476563,107812.054728349,https://wildfiresituation.nrs.gov.bc.ca/incidents?fireYear=2023&incidentNumber=G60858,"POLYGON ((-125.83474 57.592382, -125.834856 57.592299, -125.835321 57.591967, -125.836715 57.591261, -125.837181 57.590965, -125.838186 57.590327, -125.839077 57.588978, -125.839193 57.587193, -125.838225 57.586591, -125.83687 57.586031, -125.834081 57.586093, -125.832222 57.586238, -125.829628 57.586134, -125.827769 57.585553, -125.824709 57.585491, -125.820914 57.584785, -125.818552 57.583664, -125.81313 57.584577, -125.811194 57.584474, -125.809335 57.584474, -125.808405 57.583996, -125.806004 57.583726, -125.804339 57.583145, -125.802596 57.582937, -125.800931 57.581629, -125.799769 57.581484, -125.798182 57.58084, -125.796516 57.579885, -125.795045 57.578785, -125.793418 57.577934, -125.792179 57.576937, -125.791404 57.57565, -125.791133 57.574653, -125.791133 57.573843, -125.790204 57.572846, -125.789971 57.57158, -125.789274 57.570853, -125.788732 57.570375, -125.788384 57.56944, -125.78788 57.568215, -125.787454 57.567779, -125.787106 57.56674, -125.787609 57.56564, -125.787222 57.565017, -125.78757 57.564103, -125.788035 57.563209, -125.788267 57.562171, -125.788848 57.561361, -125.789197 57.560675, -125.788384 57.560031, -125.788035 57.559553, -125.787532 57.559076, -125.787106 57.559055, -125.786409 57.559138, -125.785944 57.558993, -125.785169 57.558806, -125.78575 57.557559, -125.786176 57.556811, -125.784821 57.556811, -125.783775 57.556894, -125.782613 57.556811, -125.781413 57.556229, -125.77936 57.555897, -125.778431 57.55544, -125.777695 57.555274, -125.777192 57.5549, -125.776378 57.554235, -125.775333 57.553715, -125.77359 57.55384, -125.773319 57.552968, -125.772661 57.552344, -125.772002 57.551596, -125.771615 57.550474, -125.772196 57.549851, -125.773125 57.549373, -125.774248 57.548438, -125.775023 57.547981, -125.775062 57.547482, -125.775062 57.547149, -125.772544 57.545819, -125.771421 57.543741, -125.771266 57.542619, -125.772235 57.541663, -125.773435 57.54106, -125.774713 57.540727, -125.77634 57.540374, -125.778934 57.539958, -125.781684 57.539522, -125.784434 57.538587, -125.785731 57.537485, -125.786017 57.537444, -125.787337 57.538363, -125.786909 57.540239, -125.786338 57.542364, -125.788371 57.543378, -125.787408 57.543818, -125.787801 57.545675, -125.788835 57.547034, -125.790048 57.548029, -125.792081 57.549254, -125.794934 57.550824, -125.796575 57.552756, -125.795897 57.553484, -125.794578 57.555512, -125.793365 57.556871, -125.793258 57.558459, -125.795006 57.559186, -125.79711 57.560372, -125.798144 57.560717, -125.800784 57.561903, -125.803566 57.562936, -125.810842 57.562936, -125.814231 57.562515, -125.816549 57.563854, -125.816692 57.564524, -125.818939 57.565576, -125.821685 57.566571, -125.823076 57.566743, -125.823754 57.56703, -125.825252 57.567431, -125.829675 57.568923, -125.831887 57.569478, -125.834419 57.569574, -125.834597 57.569574, -125.837522 57.569612, -125.839092 57.56921, -125.841053 57.568464, -125.844584 57.568177, -125.848044 57.568866, -125.850256 57.56965, -125.851908 57.572829, -125.853572 57.573939, -125.857801 57.574614, -125.859015 57.575169, -125.860635 57.575097, -125.861939 57.575507, -125.866932 57.574252, -125.869857 57.573722, -125.874085 57.574035, -125.87431 57.574638, -125.876559 57.575024, -125.877189 57.576375, -125.879168 57.577774, -125.880923 57.577967, -125.882542 57.578642, -125.881598 57.579679, -125.881103 57.582043, -125.879753 57.583152, -125.875974 57.582766, -125.874625 57.582453, -125.872466 57.583682, -125.872601 57.584936, -125.870846 57.586793, -125.870315 57.587104, -125.868867 57.587951, -125.867967 57.589662, -125.870081 57.588674, -125.870261 57.589518, -125.868687 57.59053, -125.870891 57.591302, -125.873185 57.593183, -125.874096 57.593803, -125.875345 57.594653, -125.876154 57.59569, -125.877999 57.59622, -125.879888 57.598004, -125.880293 57.598944, -125.880518 57.600318, -125.880968 57.601716, -125.881328 57.602102, -125.882902 57.602945, -125.883847 57.603596, -125.883306 57.604411, -125.884508 57.605143, -125.887131 57.604367, -125.888975 57.60697, -125.88875 57.60897, -125.888762 57.60958, -125.888897 57.609809, -125.889045 57.610134, -125.889167 57.610461, -125.889277 57.610791, -125.889381 57.611126, -125.889487 57.611463, -125.88973 57.612147, -125.88986 57.612497, -125.890083 57.613071, -125.892259 57.614657, -125.895903 57.61697, -125.896857 57.61757, -125.89891 57.618504, -125.904564 57.619229, -125.907081 57.61952, -125.909637 57.620246, -125.912735 57.620951, -125.913587 57.621055, -125.916802 57.621594, -125.918235 57.622154, -125.920558 57.624373, -125.92043 57.624783, -125.920248 57.625368, -125.920519 57.626197, -125.922809 57.626395, -125.92292 57.626405, -125.924741 57.627379, -125.926367 57.627649, -125.928884 57.627732, -125.931905 57.627649, -125.934151 57.62599, -125.935545 57.624414, -125.936901 57.623004, -125.938218 57.622133, -125.940154 57.621179, -125.943097 57.620495, -125.945537 57.62037, -125.947551 57.619748, -125.949564 57.619395, -125.951346 57.619333, -125.952663 57.619872, -125.953437 57.620992, -125.955219 57.621614, -125.957 57.621366, -125.96033 57.621345, -125.962189 57.620557, -125.964823 57.620266, -125.966837 57.621179, -125.968347 57.623274, -125.968347 57.624912, -125.968308 57.626861, -125.967882 57.628976, -125.96765 57.630489, -125.967805 57.631422, -125.966566 57.632604, -125.964745 57.63362, -125.963855 57.634429, -125.961376 57.635693, -125.960408 57.636999, -125.958355 57.638243, -125.958201 57.6393, -125.955451 57.640772, -125.955257 57.643259, -125.952895 57.645394, -125.953476 57.646762, -125.950726 57.647197, -125.948867 57.648192, -125.948015 57.648544, -125.947047 57.64902, -125.946776 57.650284, -125.947899 57.65072, -125.950804 57.651818, -125.950378 57.655796, -125.950223 57.657516, -125.950262 57.65936, -125.951772 57.661866, -125.953282 57.662944, -125.955102 57.664974, -125.956961 57.667397, -125.959091 57.668681, -125.960292 57.670462, -125.960873 57.671995, -125.961647 57.673362, -125.961996 57.674604, -125.962925 57.675743, -125.963506 57.676737, -125.964862 57.678352, -125.966759 57.680216, -125.96765 57.681561, -125.968192 57.682576, -125.968657 57.685267, -125.969393 57.68653, -125.970554 57.687938, -125.969935 57.690111, -125.968231 57.69038, -125.966565 57.690235, -125.964862 57.689552, -125.962422 57.688476, -125.961608 57.687751, -125.959904 57.68711, -125.958704 57.686468, -125.957039 57.685599, -125.955451 57.68504, -125.95425 57.683984, -125.95154 57.681831, -125.949797 57.679615, -125.948441 57.678414, -125.948364 57.67711, -125.94697 57.676633, -125.941277 57.675163, -125.937249 57.674004, -125.935468 57.672554, -125.934267 57.671477, -125.932757 57.669965, -125.932176 57.668412, -125.931595 57.666983, -125.93144 57.66603, -125.931944 57.664559, -125.931131 57.662591, -125.930588 57.660603, -125.929981 57.658837, -125.929895 57.658793, -125.929863 57.658774, -125.926909 57.658054, -125.923424 57.656977, -125.921062 57.65764, -125.918932 57.66023, -125.917073 57.66284, -125.916802 57.663503, -125.917421 57.665968, -125.918932 57.667335, -125.919667 57.667977, -125.917925 57.669613, -125.916647 57.670255, -125.914943 57.670442, -125.912116 57.668246, -125.908011 57.666817, -125.904177 57.664642, -125.902318 57.662239, -125.901698 57.661307, -125.901001 57.660499, -125.900924 57.659525, -125.901079 57.658427, -125.902318 57.657101, -125.903092 57.655775, -125.90499 57.654263, -125.906423 57.653061, -125.907817 57.651922, -125.907623 57.65045, -125.906578 57.648875, -125.905184 57.64786, -125.904379 57.647306, -125.903828 57.646927, -125.901659 57.64556, -125.90005 57.644611, -125.898987 57.643984, -125.897787 57.642679, -125.89527 57.639798, -125.894805 57.638015, -125.893992 57.6359, -125.891707 57.634346, -125.89101 57.632853, -125.890119 57.631547, -125.887059 57.629308, -125.882722 57.626944, -125.88005 57.625451, -125.877068 57.623564, -125.872924 57.621179, -125.871079 57.620353, -125.86841 57.619159, -125.86727 57.618649, -125.865953 57.616865, -125.861345 57.615081, -125.856582 57.613692, -125.851934 57.613671, -125.849572 57.613443, -125.846241 57.612509, -125.845118 57.611264, -125.844861 57.611036, -125.843647 57.609958, -125.843586 57.609916, -125.842253 57.609003, -125.841401 57.608381, -125.840897 57.607385, -125.839387 57.607115, -125.838419 57.606742, -125.838419 57.606368, -125.838341 57.605829, -125.838602 57.604871, -125.838883 57.603837, -125.837915 57.603049, -125.836792 57.601783, -125.836177 57.601494, -125.836172 57.601493, -125.836056 57.601057, -125.834585 57.600538, -125.833169 57.600169, -125.830363 57.599438, -125.82955 57.599314, -125.827304 57.599085, -125.825716 57.598712, -125.824283 57.597882, -125.824748 57.596761, -125.824593 57.595807, -125.826336 57.595226, -125.829744 57.594478, -125.832842 57.593275, -125.83474 57.592382))"
84,2023-07-29 10:30:57,2023072601,2023,7293.6,Derived from satellite imagery,1690354800000,1690472499000,Out of Control,JA70003000,72935985.6121,73243.0506,166,bc49cdd7-59ca-4f11-aadd-a15dddffa90e,225764638.734375,128901.131583492,https://wildfiresituation.nrs.gov.bc.ca/incidents?fireYear=2023&incidentNumber=G60861,"POLYGON ((-124.2048 55.468814, -124.199518 55.467162, -124.191867 55.468505, -124.189316 55.467111, -124.192503 55.464924, -124.191229 55.464507, -124.189987 55.464133, -124.188625 55.464114, -124.186631 55.464144, -124.184092 55.462305, -124.185377 55.461731, -124.19062 55.461748, -124.192716 55.461778, -124.194737 55.461693, -124.194872 55.461482, -124.196148 55.460295, -124.190136 55.457351, -124.183305 55.456783, -124.178478 55.457506, -124.178307 55.457369, -124.177364 55.458058, -124.17523 55.458857, -124.172882 55.459771, -124.171707 55.460228, -124.170398 55.461335, -124.169806 55.462808, -124.167777 55.463609, -124.165821 55.462809, -124.164921 55.461848, -124.163398 55.460758, -124.16206 55.460205, -124.15912 55.460281, -124.156735 55.459712, -124.156458 55.458878, -124.15819 55.457718, -124.159276 55.456904, -124.161098 55.456042, -124.163441 55.455246, -124.166024 55.453802, -124.167637 55.452936, -124.168956 55.451592, -124.170056 55.450482, -124.171544 55.45003, -124.173626 55.450356, -124.176543 55.450755, -124.178823 55.450297, -124.179489 55.449969, -124.181877 55.44726, -124.181443 55.446028, -124.187838 55.445122, -124.189259 55.44492, -124.191538 55.440117, -124.195338 55.438393, -124.196027 55.438354, -124.19675 55.437419, -124.196804 55.436234, -124.197163 55.435232, -124.199201 55.434194, -124.200686 55.433801, -124.203645 55.43325, -124.205766 55.432688, -124.208102 55.43201, -124.209772 55.432153, -124.213116 55.432378, -124.216051 55.432361, -124.218994 55.432166, -124.221421 55.431785, -124.224586 55.431297, -124.227218 55.431038, -124.231425 55.430682, -124.233873 55.429828, -124.239127 55.429487, -124.242797 55.429406, -124.247336 55.427368, -124.25906 55.423426, -124.276971 55.426383, -124.284353 55.42515, -124.292712 55.422686, -124.294231 55.418312, -124.297162 55.414861, -124.297162 55.412951, -124.302265 55.410548, -124.30715 55.412397, -124.312794 55.412828, -124.320502 55.410055, -124.329723 55.409541, -124.334495 55.409304, -124.342602 55.406595, -124.347328 55.40378, -124.355296 55.398519, -124.358632 55.395783, -124.359558 55.39281, -124.368917 55.389942, -124.375171 55.3871, -124.384807 55.382968, -124.387958 55.381283, -124.389209 55.377019, -124.389718 55.373334, -124.386939 55.371807, -124.385688 55.371096, -124.380406 55.371228, -124.378044 55.370912, -124.376098 55.368174, -124.378229 55.367726, -124.381472 55.367516, -124.384622 55.36741, -124.388421 55.366542, -124.390645 55.365673, -124.391154 55.36454, -124.390969 55.364435, -124.390108 55.362995, -124.393024 55.360491, -124.393769 55.358727, -124.395072 55.357387, -124.396499 55.355659, -124.399787 55.358128, -124.402331 55.356787, -124.405868 55.356258, -124.408846 55.355624, -124.41232 55.356929, -124.415112 55.35647, -124.41716 55.355447, -124.420759 55.354777, -124.424171 55.355165, -124.429879 55.356399, -124.43081 55.355271, -124.434843 55.354883, -124.441047 55.354001, -124.444274 55.352026, -124.446383 55.352484, -124.452314 55.353116, -124.453054 55.354194, -124.458487 55.354815, -124.46376 55.35434, -124.467264 55.35445, -124.467875 55.353956, -124.468165 55.352677, -124.467972 55.351726, -124.466814 55.350136, -124.466236 55.349222, -124.465528 55.347394, -124.463246 55.345036, -124.461992 55.343591, -124.460802 55.341928, -124.463085 55.34158, -124.465464 55.340959, -124.467232 55.341269, -124.470254 55.342421, -124.470328 55.342466, -124.470846 55.342481, -124.473128 55.343192, -124.474596 55.344177, -124.47525 55.345437, -124.475303 55.345773, -124.476106 55.346571, -124.480382 55.347522, -124.482279 55.348235, -124.485073 55.349091, -124.487452 55.349284, -124.490842 55.349894, -124.495029 55.350684, -124.496303 55.351496, -124.498084 55.3522, -124.500746 55.353484, -124.502517 55.354473, -124.504289 55.355404, -124.505957 55.356449, -124.508232 55.357364, -124.509488 55.358687, -124.510933 55.360355, -124.511871 55.36213, -124.512945 55.362939, -124.515931 55.363657, -124.517935 55.363795, -124.520699 55.36508, -124.523175 55.366019, -124.525271 55.366385, -124.527563 55.366868, -124.527019 55.367999, -124.524875 55.368941, -124.522418 55.37017, -124.522275 55.370604, -124.5225 55.372267, -124.521053 55.373966, -124.518353 55.374514, -124.515073 55.374916, -124.513112 55.375756, -124.511665 55.375756, -124.510154 55.376341, -124.507807 55.375464, -124.506007 55.37466, -124.503853 55.372157, -124.500605 55.370093, -124.498065 55.370677, -124.495718 55.371408, -124.493307 55.372486, -124.491603 55.37435, -124.491603 55.376176, -124.48842 55.377638, -124.48469 55.37941, -124.47617 55.381547, -124.476363 55.383885, -124.47408 55.385035, -124.471155 55.386003, -124.468711 55.38688, -124.466814 55.387044, -124.463181 55.387172, -124.460577 55.387884, -124.455336 55.388195, -124.453954 55.388925, -124.450417 55.389601, -124.447331 55.389309, -124.441994 55.388779, -124.43955 55.389053, -124.437332 55.38898, -124.435692 55.390678, -124.431448 55.393144, -124.42759 55.395444, -124.42476 55.396339, -124.420002 55.397435, -124.416337 55.399114, -124.412607 55.401469, -124.4119 55.40167, -124.407785 55.402912, -124.404055 55.402583, -124.398557 55.403368, -124.397721 55.402784, -124.401772 55.400027, -124.401322 55.39769, -124.402544 55.395517, -124.403187 55.393198, -124.403637 55.391281, -124.402705 55.389875, -124.400518 55.389601, -124.39576 55.390642, -124.39457 55.391665, -124.391291 55.393746, -124.386918 55.394915, -124.381163 55.398366, -124.380906 55.400812, -124.379106 55.405504, -124.376373 55.410323, -124.369332 55.414119, -124.360619 55.416966, -124.357757 55.417094, -124.349474 55.417669, -124.341467 55.417933, -124.336456 55.417904, -124.333924 55.417904, -124.322455 55.423475, -124.316824 55.424442, -124.310819 55.430745, -124.314462 55.438444, -124.31601 55.442526, -124.317012 55.444748, -124.315737 55.447382, -124.312367 55.450017, -124.306447 55.449758, -124.296337 55.451256, -124.283221 55.454459, -124.278029 55.455595, -124.25617 55.463135, -124.249885 55.463238, -124.24943 55.461741, -124.244329 55.46298, -124.23932 55.469641, -124.227935 55.476868, -124.221377 55.475629, -124.221104 55.473306, -124.218736 55.471809, -124.210265 55.468969, -124.2048 55.468814))"
85,2023-07-29 10:30:57,2023071601,2023,1261.6,Non-corrected airborne GPS,1689490800000,1689614333000,Being Held,JA70003000,12616253.7466,25544.8755,167,411a3ea4-3a90-4065-bf29-35493c59ec83,40528508.390625,45777.520075336,https://wildfiresituation.nrs.gov.bc.ca/incidents?fireYear=2023&incidentNumber=G60882,"POLYGON ((-125.192894 56.169567, -125.191797 56.168636, -125.1907 56.167918, -125.19155 56.165505, -125.190233 56.164955, -125.186421 56.164543, -125.183979 56.164604, -125.181456 56.163138, -125.178356 56.160862, -125.179234 56.159945, -125.177835 56.158066, -125.178027 56.156875, -125.177808 56.155943, -125.176107 56.153942, -125.177643 56.151574, -125.180276 56.147815, -125.177698 56.145829, -125.182608 56.146791, -125.18568 56.146608, -125.188423 56.147617, -125.192373 56.147922, -125.197447 56.147769, -125.198736 56.146425, -125.199038 56.143919, -125.198243 56.143155, -125.191001 56.139227, -125.193058 56.139028, -125.193744 56.138616, -125.195829 56.134642, -125.200711 56.133526, -125.203838 56.132303, -125.208885 56.129506, -125.211656 56.124843, -125.214398 56.121785, -125.217855 56.118666, -125.221695 56.116128, -125.224959 56.113818, -125.22526 56.113191, -125.225974 56.109337, -125.232365 56.105758, -125.237082 56.103387, -125.246683 56.103617, -125.248082 56.105881, -125.24202 56.107869, -125.240429 56.10946, -125.24202 56.109582, -125.236698 56.110286, -125.231185 56.111402, -125.231075 56.113253, -125.231898 56.114293, -125.236534 56.114751, -125.241828 56.116036, -125.244845 56.117427, -125.247231 56.118681, -125.251702 56.119614, -125.255515 56.120241, -125.256283 56.122473, -125.256009 56.124843, -125.25535 56.12758, -125.255707 56.128986, -125.255652 56.130087, -125.255872 56.131906, -125.258697 56.133022, -125.256722 56.133985, -125.250578 56.134596, -125.246683 56.136873, -125.243611 56.138555, -125.240566 56.13747, -125.238893 56.136598, -125.237823 56.136033, -125.23818 56.134825, -125.238865 56.133985, -125.239825 56.133312, -125.240621 56.132701, -125.242541 56.131875, -125.239771 56.130637, -125.239387 56.129582, -125.237933 56.129017, -125.237192 56.130821, -125.236177 56.13481, -125.233599 56.137546, -125.229869 56.138937, -125.227263 56.142329, -125.22751 56.143705, -125.227345 56.14615, -125.215962 56.146394, -125.212698 56.146761, -125.21097 56.147494, -125.207157 56.151131, -125.203811 56.157685, -125.197639 56.159548, -125.197228 56.161412, -125.197255 56.163611, -125.196789 56.165535, -125.196926 56.168086, -125.195417 56.169048, -125.192894 56.169567))"
86,2023-07-29 10:30:57,2023070802,2023,5.3,Non-corrected airborne GPS,1688799600000,1688927782000,Under Control,JA70003000,53417.5512,947.2168,169,0029c4ba-13db-407c-b17b-0f1b99349fdd,182478.7890625,1750.9282650249,https://wildfiresituation.nrs.gov.bc.ca/incidents?fireYear=2023&incidentNumber=G61138,"POLYGON ((-125.754794 57.296114, -125.754709 57.296675, -125.754195 57.297035, -125.753856 57.297174, -125.753042 57.297367, -125.752687 57.29748, -125.752546 57.297534, -125.751266 57.297095, -125.750754 57.296584, -125.750295 57.296435, -125.749734 57.296286, -125.748772 57.296082, -125.750372 57.295681, -125.751469 57.295196, -125.753134 57.295325, -125.753248 57.295298, -125.75421 57.295726, -125.754794 57.296114))"
87,2023-07-29 10:30:57,2023071701,2023,12.3,Non-corrected airborne GPS,1689577200000,1689634855000,Out of Control,JA70003000,123083.0048,1516.933,170,f63a04ad-d912-4617-913c-1cf2652fbdd8,394198.4375,2715.10259437359,https://wildfiresituation.nrs.gov.bc.ca/incidents?fireYear=2023&incidentNumber=G61186,"POLYGON ((-123.161323 56.079237, -123.161361 56.079284, -123.159363 56.079057, -123.158027 56.078888, -123.156133 56.078285, -123.154495 56.077598, -123.153226 56.077202, -123.152724 56.076864, -123.153718 56.075463, -123.15458 56.075188, -123.155821 56.075114, -123.157014 56.075453, -123.157866 56.076198, -123.158899 56.076758, -123.159514 56.077154, -123.159874 56.077852, -123.160657 56.07856, -123.161323 56.079237))"
88,2023-07-29 10:30:57,2023071201,2023,6.3,Non-corrected airborne GPS,1689145200000,1689208948000,Being Held,JA70003000,62916.2018,1048.6817,172,1fb79ef0-5b44-4e88-92d8-84ab929320ff,196169.109375,1852.39492008662,https://wildfiresituation.nrs.gov.bc.ca/incidents?fireYear=2023&incidentNumber=G61602,"POLYGON ((-123.449968 55.552766, -123.449192 55.553354, -123.4469 55.554341, -123.445525 55.554351, -123.445401 55.553803, -123.444872 55.553244, -123.444432 55.552826, -123.443991 55.552467, -123.443797 55.551978, -123.44556 55.551858, -123.446953 55.552108, -123.448557 55.552477, -123.449968 55.552766))"
89,2023-07-29 10:30:57,2023072701,2023,584615.3,Non-corrected airborne GPS,1690441200000,1690580767000,Fire of Note,JA70003000,5846153300.6081,1049389.122,174,c2adc663-9407-468d-a7d1-1812cdaf7510,20192380368.3281,1952122.49239398,https://wildfiresituation.nrs.gov.bc.ca/incidents?fireYear=2023&incidentNumber=G80280,"MULTIPOLYGON (((-122.205077 57.157489, -122.205088 57.158517, -122.205023 57.159042, -122.204779 57.160385, -122.204626 57.160926, -122.204169 57.163494, -122.204169 57.163494, -122.20514 57.164258, -122.206115 57.165001, -122.207037 57.165731, -122.207946 57.166424, -122.208907 57.167053, -122.209881 57.167617, -122.21073 57.168184, -122.210988 57.168398, -122.211426 57.168762, -122.211939 57.16934, -122.212069 57.169519, -122.212354 57.16991, -122.212879 57.17043, -122.213622 57.170821, -122.214147 57.171018, -122.214481 57.171143, -122.215193 57.171484, -122.215276 57.171524, -122.215875 57.172054, -122.216545 57.172581, -122.217521 57.172889, -122.218613 57.17289, -122.219579 57.17256, -122.22022 57.171963, -122.220517 57.171272, -122.220699 57.17061, -122.221092 57.170015, -122.221771 57.169513, -122.222492 57.169055, -122.22308 57.168611, -122.223388 57.168167, -122.223565 57.167761, -122.223966 57.167453, -122.224666 57.16727, -122.225384 57.167105, -122.225765 57.166791, -122.225721 57.1664, -122.22529 57.166055, -122.224553 57.165819, -122.223679 57.165656, -122.222949 57.165401, -122.222588 57.165035, -122.222741 57.164672, -122.223389 57.164454, -122.224305 57.164454, -122.225266 57.164658, -122.226197 57.164967, -122.227109 57.16532, -122.22802 57.16569, -122.228921 57.16608, -122.229903 57.166407, -122.231025 57.166537, -122.232186 57.166441, -122.233351 57.166241, -122.23451 57.166072, -122.235652 57.166084, -122.236722 57.1663, -122.237634 57.16669, -122.23845 57.16715, -122.239237 57.167617, -122.24002 57.168074, -122.240811 57.168515, -122.241582 57.168948, -122.242338 57.169383, -122.243103 57.16983, -122.243897 57.170295, -122.244735 57.170787, -122.245602 57.171327, -122.246476 57.171909, -122.247376 57.172522, -122.248319 57.173156, -122.248634 57.173361, -122.249314 57.173804, -122.250223 57.174399, -122.250346 57.174479, -122.251447 57.175176, -122.25267 57.175864, -122.253858 57.176432, -122.25402 57.176432, -122.25468 57.176415, -122.25525 57.176645, -122.255685 57.176907, -122.255905 57.177341, -122.255601 57.17776, -122.255231 57.178177, -122.254934 57.178525, -122.254302 57.178934, -122.253935 57.179315, -122.253562 57.179768, -122.253386 57.180226, -122.253347 57.180617, -122.253451 57.180905, -122.254076 57.181244, -122.254846 57.181444, -122.255444 57.18139, -122.256449 57.181205, -122.257313 57.181123, -122.258086 57.181287, -122.258121 57.181609, -122.257748 57.182062, -122.257616 57.182735, -122.257571 57.183197, -122.257664 57.183591, -122.257598 57.184266, -122.25786 57.184951, -122.258616 57.185293, -122.259352 57.185849, -122.259988 57.186081, -122.260893 57.186249, -122.261518 57.186588, -122.261411 57.187012, -122.2613 57.187473, -122.2614 57.187796, -122.261752 57.188234, -122.26245 57.188503, -122.263082 57.188771, -122.263794 57.188898, -122.264084 57.189298, -122.264167 57.189799, -122.26416 57.190547, -122.263705 57.191664, -122.262833 57.192644, -122.26169 57.193579, -122.260474 57.194485, -122.25975 57.195492, -122.259811 57.196581, -122.260608 57.19759, -122.261512 57.198583, -122.26207 57.199662, -122.262109 57.200806, -122.261659 57.201932, -122.260736 57.202951, -122.259722 57.20391, -122.258861 57.204887, -122.258379 57.205938, -122.258181 57.207013, -122.258222 57.208057, -122.258643 57.209034, -122.259509 57.209841, -122.25994 57.210231, -122.259672 57.211463, -122.258969 57.21496, -122.2569 57.217636, -122.252833 57.218594, -122.249618 57.220065, -122.24862 57.22287, -122.246589 57.225157, -122.243895 57.226838, -122.242158 57.227961, -122.242356 57.229627, -122.242402 57.230996, -122.243729 57.232207, -122.2461 57.231982, -122.250775 57.232214, -122.253772 57.232983, -122.258125 57.232815, -122.264062 57.233082, -122.269459 57.233334, -122.274305 57.233667, -122.276873 57.23381, -122.277858 57.23399, -122.287994 57.234442, -122.288795 57.234877, -122.289171 57.235219, -122.2894 57.235553, -122.289511 57.236057, -122.289032 57.236668, -122.28742 57.237215, -122.285811 57.237586, -122.285015 57.237782, -122.283662 57.23822, -122.282983 57.238604, -122.282761 57.238904, -122.282882 57.239534, -122.28325 57.239982, -122.283377 57.240266, -122.283234 57.240635, -122.282386 57.240967, -122.281455 57.241137, -122.278462 57.242077, -122.278203 57.242193, -122.277167 57.242637, -122.276541 57.243016, -122.276282 57.243322, -122.276205 57.243824, -122.276229 57.244002, -122.276313 57.244361, -122.276406 57.244411, -122.276343 57.244541, -122.276361 57.244725, -122.276354 57.245101, -122.276212 57.245681, -122.276011 57.246066, -122.275614 57.246629, -122.275303 57.24725, -122.275109 57.247639, -122.275086 57.248062, -122.275145 57.248273, -122.275262 57.248479, -122.275418 57.248676, -122.275626 57.248866, -122.275866 57.249046, -122.276675 57.249581, -122.277163 57.249965, -122.27737 57.250167, -122.277724 57.250591, -122.278147 57.251248, -122.278566 57.251878, -122.279015 57.252493, -122.279362 57.252885, -122.279581 57.253072, -122.280124 57.253386, -122.280444 57.253511, -122.280782 57.253616, -122.281494 57.253771, -122.282217 57.253876, -122.283186 57.254137, -122.283674 57.254429, -122.284009 57.254792, -122.284276 57.255183, -122.284633 57.25554, -122.285184 57.255831, -122.285899 57.256023, -122.286667 57.256111, -122.287376 57.256083, -122.287951 57.255958, -122.288371 57.255745, -122.288583 57.255471, -122.288695 57.255193, -122.288728 57.25507, -122.288708 57.254832, -122.288536 57.2544, -122.288553 57.254166, -122.288742 57.25393, -122.289131 57.253732, -122.289676 57.25358, -122.289977 57.253518, -122.290586 57.253395, -122.291679 57.253028, -122.292369 57.252717, -122.293096 57.252451, -122.293605 57.252335, -122.294417 57.252294, -122.294944 57.252368, -122.295487 57.252553, -122.296095 57.252895, -122.296278 57.253037, -122.296625 57.253332, -122.297004 57.25363, -122.297448 57.25391, -122.297709 57.254028, -122.298293 57.254213, -122.298939 57.254317, -122.299973 57.254368, -122.300962 57.254246, -122.301552 57.254079, -122.302371 57.253787, -122.303099 57.253442, -122.303621 57.253024, -122.304005 57.252632, -122.304691 57.25239, -122.30587 57.252542, -122.306755 57.252871, -122.307513 57.253556, -122.30751 57.254162, -122.306964 57.25492, -122.306346 57.255431, -122.306084 57.255784, -122.306059 57.255967, -122.306456 57.256417, -122.307027 57.256545, -122.307651 57.256476, -122.30818 57.256236, -122.308855 57.255525, -122.309165 57.255167, -122.309791 57.254739, -122.310636 57.254563, -122.311241 57.254612, -122.311841 57.254789, -122.312541 57.255254, -122.312953 57.255619, -122.313402 57.255971, -122.313957 57.256277, -122.314622 57.256485, -122.315756 57.256583, -122.316972 57.256544, -122.318607 57.256475, -122.31981 57.256433, -122.32173 57.256567, -122.322787 57.256831, -122.323725 57.257208, -122.324001 57.257351, -122.324781 57.257796, -122.325492 57.258424, -122.325662 57.258897, -122.325467 57.259356, -122.324938 57.259769, -122.323679 57.260348, -122.32249 57.260723, -122.322147 57.260893, -122.320785 57.261101, -122.319924 57.261443, -122.3193 57.261935, -122.318445 57.262721, -122.317512 57.263328, -122.316435 57.263776, -122.314608 57.264388, -122.312954 57.264942, -122.311279 57.265727, -122.310157 57.265663, -122.309617 57.264983, -122.308924 57.264236, -122.307057 57.263785, -122.30521 57.264171, -122.302935 57.265616, -122.301321 57.267505, -122.300514 57.267909, -122.298866 57.268576, -122.298629 57.269396, -122.299869 57.270782, -122.300648 57.272151, -122.302668 57.272903, -122.30629 57.2736, -122.308091 57.274308, -122.31121 57.274584, -122.319262 57.275981, -122.321162 57.27654, -122.322378 57.277556, -122.322562 57.278786, -122.32165 57.280169, -122.320801 57.280743, -122.319401 57.281484, -122.317448 57.282708, -122.313742 57.284068, -122.311748 57.284898, -122.310553 57.28537, -122.309019 57.285982, -122.306833 57.28688, -122.305442 57.287487, -122.303373 57.288453, -122.30234 57.288964, -122.301263 57.289466, -122.29614 57.29151, -122.294061 57.292411, -122.293558 57.293146, -122.293998 57.293995, -122.295198 57.294762, -122.297153 57.29577, -122.298924 57.296673, -122.302359 57.298375, -122.303465 57.29899, -122.30373 57.299695, -122.303246 57.300974, -122.302994 57.301821, -122.302146 57.302331, -122.301133 57.302658, -122.299341 57.304254, -122.299233 57.305036, -122.300426 57.305889, -122.302746 57.306801, -122.303546 57.307131, -122.30408 57.307598, -122.304211 57.308168, -122.303883 57.308952, -122.303177 57.309953, -122.302944 57.310569, -122.303119 57.311346, -122.303173 57.311865, -122.30256 57.312426, -122.300791 57.312911, -122.299672 57.313283, -122.29891 57.313625, -122.29813 57.313913, -122.297258 57.314109, -122.296092 57.314303, -122.294572 57.314822, -122.293442 57.315427, -122.292376 57.315726, -122.291515 57.315732, -122.290522 57.315455, -122.290002 57.314983, -122.290314 57.31445, -122.290771 57.314242, -122.291713 57.314065, -122.29279 57.313956, -122.293712 57.313708, -122.29428 57.313286, -122.294521 57.312778, -122.294572 57.312431, -122.29421 57.311775, -122.292661 57.31103, -122.291133 57.310362, -122.28917 57.309485, -122.288334 57.309183, -122.287323 57.309023, -122.286563 57.309118, -122.286482 57.30971, -122.285995 57.310206, -122.285359 57.310781, -122.28437 57.311477, -122.283439 57.311911, -122.28213 57.312261, -122.280888 57.312296, -122.280057 57.31233, -122.279667 57.312324, -122.279234 57.312264, -122.278778 57.312155, -122.278154 57.311962, -122.277783 57.311921, -122.277511 57.311989, -122.277421 57.312272, -122.277735 57.312769, -122.277748 57.313049, -122.277324 57.313703, -122.276645 57.314116, -122.275345 57.314432, -122.274534 57.314655, -122.273912 57.315158, -122.273803 57.315661, -122.273634 57.316381, -122.273732 57.317144, -122.274241 57.317648, -122.27504 57.318057, -122.276919 57.318787, -122.277722 57.319209, -122.278092 57.319526, -122.278296 57.320163, -122.277684 57.320583, -122.276574 57.320695, -122.274309 57.320548, -122.273384 57.320544, -122.272392 57.320887, -122.272128 57.321378, -122.272271 57.321757, -122.272984 57.322343, -122.280174 57.326015, -122.279016 57.326903, -122.277495 57.327654, -122.276393 57.328127, -122.274653 57.328834, -122.272871 57.329525, -122.27107 57.330192, -122.269201 57.330833, -122.268503 57.331033, -122.267415 57.332196, -122.266145 57.332869, -122.264685 57.33324, -122.262961 57.332955, -122.262598 57.333299, -122.259144 57.333909, -122.257745 57.333842, -122.257532 57.333942, -122.256382 57.334861, -122.255799 57.335904, -122.255767 57.336999, -122.255911 57.338122, -122.255958 57.339255, -122.255969 57.340362, -122.256177 57.341099, -122.258968 57.341286, -122.26087 57.34199, -122.25968 57.34296, -122.260059 57.343562, -122.260898 57.34394, -122.262169 57.34439, -122.262191 57.345276, -122.261357 57.345961, -122.259874 57.346568, -122.258206 57.346816, -122.256078 57.346983, -122.255651 57.347383, -122.255605 57.347426, -122.255078 57.348297, -122.255122 57.349168, -122.255631 57.349715, -122.255835 57.349935, -122.256334 57.350235, -122.256445 57.35025, -122.258762 57.35008, -122.259958 57.350173, -122.259452 57.350868, -122.257606 57.351161, -122.258185 57.351521, -122.258877 57.351889, -122.259109 57.352063, -122.259376 57.352287, -122.260193 57.352247, -122.2627 57.352378, -122.26297 57.352976, -122.262579 57.353614, -122.262648 57.35403, -122.263177 57.354222, -122.263924 57.354421, -122.264539 57.354851, -122.264487 57.355382, -122.264999 57.35575, -122.265804 57.356482, -122.265194 57.357114, -122.263754 57.35792, -122.264093 57.358482, -122.264514 57.359511, -122.264761 57.360559, -122.264931 57.361622, -122.264998 57.362722, -122.26497 57.363475, -122.264791 57.36458, -122.264894 57.364653, -122.265434 57.36585, -122.265843 57.366157, -122.267102 57.366724, -122.266475 57.367533, -122.265549 57.368038, -122.26495 57.368553, -122.264795 57.369021, -122.264167 57.36983, -122.263304 57.370809, -122.261837 57.37182, -122.261703 57.372091, -122.261397 57.372872, -122.261246 57.373258, -122.260986 57.374442, -122.260836 57.375636, -122.260642 57.376814, -122.260575 57.377009, -122.260603 57.377111, -122.260982 57.377712, -122.261166 57.378072, -122.26089 57.378655, -122.260297 57.37911, -122.25948 57.379619, -122.259099 57.379791, -122.258906 57.380063, -122.258119 57.3811, -122.257187 57.382126, -122.255989 57.383089, -122.254471 57.383912, -122.252719 57.384568, -122.250914 57.38515, -122.249138 57.385786, -122.247538 57.386521, -122.246336 57.387378, -122.245891 57.388308, -122.246373 57.38916, -122.247577 57.389761, -122.249237 57.390056, -122.251056 57.390194, -122.252961 57.39034, -122.254883 57.39049, -122.25668 57.39064, -122.25689 57.390353, -122.25932 57.389064, -122.260747 57.389045, -122.261818 57.389312, -122.26256 57.389569, -122.262957 57.389994, -122.262917 57.390406, -122.262496 57.391339, -122.262807 57.391724, -122.2637 57.392151, -122.264828 57.392939, -122.265847 57.393786, -122.266553 57.394464, -122.266576 57.394467, -122.267757 57.394737, -122.268614 57.394939, -122.269328 57.395491, -122.269184 57.395841, -122.268706 57.396241, -122.268464 57.39647, -122.26847 57.396938, -122.26857 57.397101, -122.269246 57.397976, -122.270328 57.398669, -122.271749 57.399146, -122.273405 57.399356, -122.275129 57.399231, -122.27671 57.398801, -122.278183 57.398264, -122.279729 57.397851, -122.28051 57.397691, -122.281314 57.397526, -122.282958 57.397167, -122.284646 57.396753, -122.284677 57.396745, -122.286439 57.396255, -122.288156 57.395648, -122.289715 57.394912, -122.291114 57.394066, -122.292415 57.393163, -122.293209 57.392568, -122.293207 57.392446, -122.293166 57.391736, -122.293339 57.391091, -122.29407 57.390344, -122.294858 57.39013, -122.296417 57.390065, -122.297277 57.389371, -122.298238 57.388396, -122.298756 57.387389, -122.298805 57.386388, -122.298224 57.385475, -122.297068 57.384767, -122.295617 57.384209, -122.294287 57.383559, -122.293311 57.382761, -122.292264 57.381982, -122.291611 57.381086, -122.291567 57.380136, -122.292066 57.379254, -122.292913 57.37849, -122.294017 57.377856, -122.295136 57.377231, -122.29626 57.376592, -122.297527 57.376046, -122.298889 57.375655, -122.299362 57.375555, -122.300323 57.374516, -122.301341 57.37419, -122.304351 57.374806, -122.30541 57.37519, -122.306642 57.376052, -122.307082 57.376522, -122.307635 57.376708, -122.308437 57.377052, -122.309502 57.377672, -122.310375 57.378394, -122.311112 57.379171, -122.311758 57.379968, -122.312411 57.380783, -122.313273 57.381563, -122.314433 57.382224, -122.314773 57.38234, -122.314763 57.38247, -122.315537 57.3826, -122.319329 57.383237, -122.323155 57.383582, -122.32756 57.383526, -122.328169 57.383395, -122.329694 57.38311, -122.331217 57.382859, -122.332761 57.382634, -122.334306 57.382423, -122.335796 57.38219, -122.337236 57.38195, -122.338559 57.38167, -122.339755 57.381322, -122.340841 57.380906, -122.341854 57.380436, -122.342826 57.379953, -122.342869 57.379932, -122.342893 57.379842, -122.34291 57.379666, -122.343478 57.378323, -122.345676 57.378266, -122.347246 57.377896, -122.349899 57.377675, -122.352879 57.377462, -122.354129 57.378147, -122.354891 57.379349, -122.355572 57.380254, -122.355844 57.380782, -122.355985 57.380849, -122.357103 57.381553, -122.358016 57.382373, -122.358737 57.383252, -122.359298 57.384159, -122.359719 57.3851, -122.359994 57.386069, -122.360138 57.387024, -122.360185 57.38796, -122.360158 57.388885, -122.360079 57.389807, -122.359994 57.390576, -122.362056 57.394163, -122.366807 57.395889, -122.375239 57.396578, -122.382471 57.396731, -122.390636 57.397958, -122.395645 57.401345, -122.397749 57.404132, -122.392852 57.407078, -122.388529 57.407712, -122.38249 57.409158, -122.378916 57.410516, -122.373375 57.412579, -122.365794 57.413259, -122.362511 57.41724, -122.354366 57.419948, -122.354334 57.420277, -122.354023 57.421378, -122.352119 57.42188, -122.349456 57.421695, -122.349135 57.421686, -122.345421 57.42292, -122.334478 57.424577, -122.335502 57.425625, -122.336457 57.426603, -122.337488 57.427658, -122.338211 57.428398, -122.337095 57.429446, -122.333307 57.433003, -122.328173 57.429629, -122.328131 57.429627, -122.328029 57.429614, -122.32793 57.429595, -122.327837 57.429569, -122.32775 57.429538, -122.327672 57.4295, -122.325615 57.428389, -122.324839 57.428345, -122.322767 57.428832, -122.322749 57.428836, -122.322692 57.428847, -122.320434 57.429244, -122.320346 57.429257, -122.320257 57.429264, -122.320166 57.429266, -122.320076 57.429263, -122.319603 57.429231, -122.319331 57.429441, -122.319138 57.430281, -122.319042 57.431277, -122.318697 57.432709, -122.318632 57.433373, -122.318536 57.434369, -122.319046 57.435493, -122.319166 57.436384, -122.318723 57.436705, -122.317467 57.436891, -122.316676 57.436536, -122.314726 57.435372, -122.313155 57.434551, -122.312171 57.434157, -122.311438 57.433907, -122.311162 57.434109, -122.310821 57.434833, -122.310809 57.434855, -122.310526 57.43535, -122.311276 57.436694, -122.312598 57.438272, -122.313791 57.438834, -122.316665 57.43934, -122.316759 57.43936, -122.316847 57.439385, -122.316928 57.439416, -122.317003 57.439453, -122.317068 57.439493, -122.317124 57.439538, -122.318574 57.440858, -122.318619 57.440906, -122.318654 57.440956, -122.318677 57.441008, -122.318688 57.441062, -122.318841 57.442595, -122.318841 57.442643, -122.318833 57.442686, -122.318291 57.444631, -122.318271 57.444684, -122.318239 57.444734, -122.318196 57.444782, -122.318142 57.444828, -122.318079 57.444869, -122.318008 57.444906, -122.317928 57.444938, -122.3148 57.446056, -122.31471 57.446084, -122.314614 57.446106, -122.314514 57.446121, -122.314412 57.446129, -122.314308 57.446131, -122.31173 57.446079, -122.310854 57.446785, -122.310746 57.446882, -122.310708 57.447021, -122.310633 57.447796, -122.30879 57.448624, -122.308606 57.448789, -122.307498 57.450736, -122.307461 57.450788, -122.307413 57.450838, -122.307353 57.450884, -122.307282 57.450925, -122.307203 57.450962, -122.307116 57.450993, -122.307023 57.451017, -122.306924 57.451036, -122.306822 57.451047, -122.306718 57.451052, -122.306614 57.451049, -122.306511 57.45104, -122.306411 57.451024, -122.306316 57.451001, -122.304999 57.450632, -122.301775 57.450918, -122.299652 57.451941, -122.299571 57.451975, -122.299484 57.452003, -122.299391 57.452026, -122.299293 57.452042, -122.299192 57.452052, -122.29909 57.452055, -122.298988 57.452051, -122.298887 57.452041, -122.29879 57.452024, -122.298697 57.452001, -122.29861 57.451971, -122.298531 57.451937, -122.29846 57.451897, -122.298398 57.451853, -122.298347 57.451805, -122.298308 57.451754, -122.29828 57.451701, -122.298041 57.451108, -122.296232 57.450591, -122.294968 57.450799, -122.294891 57.45081, -122.294812 57.450817, -122.289319 57.451133, -122.289224 57.451136, -122.28913 57.451133, -122.289036 57.451123, -122.288945 57.451109, -122.288858 57.451089, -122.288776 57.451063, -122.288699 57.451033, -122.28863 57.450998, -122.285807 57.449422, -122.284388 57.449568, -122.282829 57.449806, -122.282816 57.449808, -122.282797 57.449811, -122.281248 57.450013, -122.281165 57.450022, -122.281067 57.450026, -122.279896 57.450037, -122.279796 57.450035, -122.279697 57.450026, -122.279601 57.45001, -122.279508 57.449989, -122.279422 57.449962, -122.279342 57.449929, -122.277475 57.449069, -122.276358 57.448787, -122.275203 57.449457, -122.274689 57.450174, -122.27465 57.45022, -122.274601 57.450263, -122.274544 57.450304, -122.274479 57.45034, -122.274407 57.450373, -122.270919 57.451758, -122.270839 57.451786, -122.270754 57.451809, -122.270664 57.451826, -122.270571 57.451838, -122.268746 57.452014, -122.267561 57.45282, -122.267508 57.452852, -122.267449 57.452882, -122.267385 57.452909, -122.26563 57.453569, -122.265545 57.453597, -122.265455 57.453619, -122.265361 57.453635, -122.265263 57.453646, -122.265164 57.45365, -122.265065 57.453647, -122.264 57.453587, -122.261872 57.453686, -122.26158 57.454279, -122.260833 57.455856, -122.260805 57.455904, -122.260768 57.45595, -122.260721 57.455993, -122.260665 57.456033, -122.260601 57.45607, -122.260531 57.456102, -122.260454 57.45613, -122.260371 57.456154, -122.257537 57.456849, -122.255037 57.45751, -122.254951 57.45753, -122.254861 57.457544, -122.254768 57.457553, -122.254675 57.457556, -122.254581 57.457553, -122.254488 57.457545, -122.254398 57.457531, -122.253091 57.45729, -122.252078 57.457489, -122.250101 57.459299, -122.25009 57.459309, -122.248458 57.46072, -122.2484 57.460764, -122.248332 57.460804, -122.248257 57.460839, -122.248174 57.46087, -122.248084 57.460894, -122.24799 57.460913, -122.247893 57.460925, -122.247793 57.460931, -122.247693 57.460931, -122.247594 57.460924, -122.247496 57.460911, -122.247403 57.460891, -122.247314 57.460866, -122.247232 57.460835, -122.244971 57.459875, -122.241835 57.459614, -122.239795 57.460494, -122.239715 57.460524, -122.239629 57.46055, -122.239538 57.460569, -122.239443 57.460583, -122.239346 57.460591, -122.239247 57.460592, -122.23915 57.460587, -122.239053 57.460577, -122.238029 57.460426, -122.235168 57.46151, -122.235093 57.461535, -122.235013 57.461556, -122.234929 57.461573, -122.234842 57.461584, -122.234754 57.46159, -122.234664 57.461592, -122.233508 57.461574, -122.230884 57.461883, -122.230791 57.461891, -122.230697 57.461893, -122.230604 57.46189, -122.230512 57.461881, -122.230422 57.461867, -122.230336 57.461847, -122.228472 57.461352, -122.226815 57.461672, -122.226727 57.461686, -122.226637 57.461695, -122.226546 57.461699, -122.224479 57.461717, -122.223306 57.461893, -122.22079 57.462526, -122.220695 57.462546, -122.220597 57.46256, -122.220497 57.462567, -122.219719 57.462598, -122.219629 57.462599, -122.21954 57.462594, -122.219452 57.462585, -122.219366 57.462571, -122.219284 57.462551, -122.217331 57.462025, -122.217241 57.461997, -122.217159 57.461963, -122.217085 57.461924, -122.217021 57.461881, -122.216367 57.461376, -122.21445 57.460615, -122.212743 57.460823, -122.197814 57.461234, -122.189099 57.462028, -122.171621 57.463017, -122.154509 57.463817, -122.142939 57.464393, -122.136173 57.46614, -122.128904 57.46964, -122.126675 57.47344, -122.129075 57.475851, -122.141653 57.477619, -122.149864 57.477563, -122.162104 57.475632, -122.172005 57.474462, -122.182972 57.473814, -122.182648 57.474709, -122.182631 57.474756, -122.182799 57.475685, -122.183191 57.476285, -122.18423 57.477076, -122.185164 57.477532, -122.186737 57.478165, -122.187784 57.478603, -122.189189 57.479368, -122.189358 57.47952, -122.190204 57.480284, -122.19059 57.480892, -122.190631 57.480957, -122.190892 57.481653, -122.191203 57.482682, -122.191547 57.483703, -122.191811 57.484384, -122.192275 57.485377, -122.193168 57.486242, -122.194006 57.486736, -122.195487 57.487329, -122.197178 57.487799, -122.199055 57.488122, -122.200373 57.488274, -122.202405 57.488429, -122.204482 57.488563, -122.20588 57.488682, -122.207279 57.488796, -122.209447 57.48904, -122.21088 57.489243, -122.212904 57.489671, -122.214101 57.490093, -122.215537 57.490902, -122.216725 57.491813, -122.217641 57.492784, -122.218186 57.493423, -122.219268 57.494323, -122.220214 57.494817, -122.22133 57.4952, -122.2226 57.495449, -122.224587 57.495583, -122.226589 57.495444, -122.227859 57.495168, -122.229563 57.49455, -122.230673 57.494115, -122.232508 57.493634, -122.234507 57.493488, -122.23648 57.493688, -122.238442 57.494045, -122.24039 57.49436, -122.241692 57.494526, -122.243597 57.494745, -122.244855 57.494899, -122.246673 57.495188, -122.247847 57.495442, -122.249496 57.495922, -122.250538 57.496286, -122.25156 57.496651, -122.252592 57.496978, -122.254188 57.497409, -122.255156 57.497713, -122.256321 57.498279, -122.257137 57.498923, -122.257543 57.499628, -122.257385 57.500147, -122.256449 57.500904, -122.255614 57.501361, -122.254729 57.501803, -122.253828 57.50224, -122.25244 57.502868, -122.251484 57.503254, -122.250028 57.503817, -122.249 57.50415, -122.247343 57.50453, -122.246163 57.504698, -122.24438 57.504877, -122.242646 57.505089, -122.241559 57.505295, -122.240142 57.505779, -122.239235 57.506539, -122.239177 57.507083, -122.239134 57.507484, -122.239805 57.508456, -122.240519 57.50908, -122.241106 57.509551, -122.241671 57.510004, -122.242499 57.510613, -122.2439 57.511468, -122.243928 57.511482, -122.245486 57.512261, -122.246117 57.512542, -122.246594 57.512754, -122.24828 57.513457, -122.249348 57.51397, -122.250675 57.514867, -122.25135 57.515531, -122.251846 57.51624, -122.252341 57.517325, -122.252643 57.518439, -122.252653 57.518486, -122.252717 57.518798, -122.252797 57.519187, -122.252964 57.519932, -122.253375 57.521029, -122.253898 57.52173, -122.255167 57.522626, -122.2569 57.523296, -122.258207 57.523643, -122.260177 57.524054, -122.262264 57.524385, -122.263671 57.524577, -122.2651 57.524731, -122.267289 57.524859, -122.268895 57.524814, -122.269516 57.524705, -122.269607 57.524692, -122.2697 57.524685, -122.269795 57.524683, -122.269889 57.524687, -122.269981 57.524697, -122.270071 57.524712, -122.270114 57.524722, -122.27089 57.52463, -122.272801 57.524121, -122.273849 57.523612, -122.275072 57.522694, -122.276134 57.521709, -122.277311 57.520779, -122.27817 57.520209, -122.278354 57.520126, -122.278408 57.519913, -122.278427 57.51986, -122.278459 57.519809, -122.278501 57.51976, -122.278555 57.519714, -122.278618 57.519672, -122.27869 57.519634, -122.27877 57.519602, -122.278857 57.519574, -122.278949 57.519553, -122.279046 57.519537, -122.279145 57.519528, -122.279245 57.519525, -122.279689 57.519528, -122.279758 57.519497, -122.281515 57.518934, -122.282715 57.518596, -122.284474 57.518107, -122.286175 57.517569, -122.287904 57.517124, -122.289134 57.516995, -122.291048 57.517048, -122.292342 57.517168, -122.293605 57.517269, -122.294657 57.517342, -122.297192 57.517448, -122.297287 57.517455, -122.29738 57.517467, -122.29747 57.517486, -122.297555 57.51751, -122.297635 57.517539, -122.2977 57.517569, -122.2987 57.517647, -122.300606 57.51779, -122.302487 57.517911, -122.303727 57.518019, -122.305535 57.518273, -122.306329 57.518482, -122.306497 57.518279, -122.308594 57.519362, -122.309502 57.519826, -122.31111 57.520353, -122.313076 57.520453, -122.314436 57.520341, -122.316407 57.520145, -122.317697 57.520011, -122.319111 57.519889, -122.319711 57.519838, -122.320183 57.519841, -122.321012 57.519847, -122.321145 57.519848, -122.322598 57.519994, -122.324028 57.520282, -122.326064 57.520903, -122.32797 57.521674, -122.329207 57.522222, -122.33098 57.523081, -122.331235 57.523211, -122.33215 57.523677, -122.33388 57.524589, -122.335263 57.525346, -122.3356 57.52553, -122.336786 57.526132, -122.338717 57.52691, -122.340899 57.5274, -122.342419 57.527569, -122.344729 57.527613, -122.346203 57.527509, -122.347596 57.527285, -122.348934 57.527016, -122.350258 57.526753, -122.351019 57.526619, -122.352239 57.526405, -122.353578 57.526226, -122.354928 57.526079, -122.356838 57.525815, -122.358544 57.525391, -122.359829 57.524753, -122.36035 57.524206, -122.360438 57.523386, -122.360016 57.52291, -122.359232 57.522562, -122.358218 57.522323, -122.356512 57.522011, -122.355424 57.521655, -122.355088 57.521467, -122.354509 57.521143, -122.353634 57.520121, -122.353433 57.51897, -122.353638 57.518212, -122.354334 57.517102, -122.355153 57.516009, -122.356053 57.514934, -122.356861 57.514276, -122.357996 57.513752, -122.359366 57.513423, -122.360911 57.513241, -122.362495 57.513153, -122.36488 57.513084, -122.367266 57.513015, -122.368879 57.512968, -122.37125 57.512986, -122.3728 57.513115, -122.375082 57.513474, -122.376589 57.513756, -122.378078 57.514052, -122.378098 57.514055, -122.379573 57.514315, -122.381842 57.514643, -122.384159 57.514801, -122.38643 57.514778, -122.388584 57.514567, -122.39048 57.514123, -122.392126 57.513538, -122.393128 57.513137, -122.39466 57.512625, -122.395758 57.512359, -122.397552 57.512115, -122.399306 57.511792, -122.400399 57.511516, -122.402003 57.511148, -122.403047 57.510956, -122.4072 57.511516, -122.408108 57.511884, -122.408992 57.512258, -122.410307 57.51278, -122.411641 57.513198, -122.412575 57.513338, -122.413492 57.51333, -122.414727 57.513013, -122.415377 57.512669, -122.41612 57.512105, -122.416691 57.51149, -122.416996 57.511046, -122.417192 57.51059, -122.417506 57.50991, -122.417709 57.509253, -122.417749 57.50881, -122.417614 57.508158, -122.417348 57.507532, -122.417142 57.507121, -122.417 57.506472, -122.417192 57.505789, -122.417244 57.50568, -122.417527 57.505101, -122.417606 57.504647, -122.417424 57.503977, -122.417269 57.503499, -122.417297 57.502783, -122.417702 57.50234, -122.41865 57.501813, -122.419426 57.501547, -122.420627 57.501241, -122.421473 57.501086, -122.422326 57.50099, -122.423702 57.500857, -122.425148 57.500625, -122.426137 57.50042, -122.427666 57.500105, -122.429181 57.49976, -122.430158 57.499498, -122.431063 57.499204, -122.432313 57.498678, -122.433297 57.498048, -122.434079 57.49734, -122.434545 57.496862, -122.435182 57.496115, -122.43559 57.495617, -122.435967 57.495077, -122.436476 57.494252, -122.43702 57.493419, -122.43765 57.492575, -122.43815 57.492025, -122.438991 57.491209, -122.44014 57.490536, -122.441061 57.490196, -122.442557 57.489804, -122.443532 57.489542, -122.444943 57.489085, -122.446281 57.488575, -122.44717 57.48822, -122.448546 57.487774, -122.450026 57.487433, -122.451044 57.487256, -122.452579 57.487009, -122.453593 57.486858, -122.455124 57.486645, -122.456612 57.486424, -122.4576 57.486295, -122.459026 57.486081, -122.459936 57.48587, -122.460774 57.485559, -122.461491 57.485168, -122.462523 57.484536, -122.463352 57.484214, -122.464847 57.484023, -122.465937 57.484129, -122.467594 57.484559, -122.469188 57.485117, -122.470777 57.48566, -122.471596 57.485862, -122.475637 57.486141, -122.475798 57.486196, -122.475909 57.486191, -122.477539 57.485939, -122.478511 57.485691, -122.479972 57.485338, -122.480919 57.4851, -122.482255 57.484675, -122.483161 57.48435, -122.484462 57.483781, -122.485256 57.483375, -122.486421 57.482749, -122.487597 57.482149, -122.488818 57.481608, -122.489667 57.481292, -122.490551 57.480973, -122.491451 57.480694, -122.492858 57.480287, -122.493832 57.480024, -122.495357 57.47969, -122.496424 57.479529, -122.498009 57.479388, -122.499046 57.479378, -122.500569 57.479382, -122.502012 57.479271, -122.503223 57.478816, -122.504034 57.478034, -122.50473 57.477147, -122.505263 57.476555, -122.505836 57.475985, -122.506767 57.475166, -122.507792 57.474388, -122.508527 57.473885, -122.509646 57.473175, -122.510705 57.472455, -122.511695 57.47172, -122.512315 57.471219, -122.512908 57.470707, -122.513757 57.469916, -122.514313 57.469397, -122.515233 57.468663, -122.515886 57.468197, -122.516509 57.46774, -122.517192 57.467329, -122.518357 57.466771, -122.519236 57.466481, -122.52019 57.466245, -122.521713 57.466107, -122.523323 57.466238, -122.524831 57.466551, -122.525727 57.46681, -122.526958 57.467265, -122.527781 57.467529, -122.529151 57.46777, -122.530048 57.467858, -122.530938 57.467895, -122.53192 57.467859, -122.53222 57.467848, -122.533057 57.467775, -122.534304 57.467551, -122.535121 57.467355, -122.536368 57.467045, -122.537188 57.466796, -122.538329 57.466331, -122.538368 57.46631, -122.539033 57.465952, -122.539655 57.465535, -122.54045 57.464854, -122.540982 57.464074, -122.541189 57.463526, -122.541607 57.462716, -122.542125 57.462238, -122.543216 57.461682, -122.544555 57.461363, -122.545473 57.461229, -122.546838 57.460985, -122.547762 57.4608, -122.549181 57.460654, -122.550647 57.460574, -122.552144 57.460486, -122.553659 57.460388, -122.554659 57.460331, -122.555123 57.460307, -122.556079 57.460244, -122.565269 57.459641, -122.566108 57.459792, -122.566775 57.460126, -122.567953 57.460482, -122.568916 57.460549, -122.569877 57.460481, -122.569896 57.460477, -122.571362 57.460194, -122.572348 57.459971, -122.573362 57.459813, -122.575977 57.460314, -122.583885 57.461828, -122.588948 57.463889, -122.600676 57.468647, -122.61253 57.474579, -122.614154 57.475293, -122.614335 57.475454, -122.615284 57.476301, -122.615803 57.47704, -122.616268 57.477779, -122.616875 57.478898, -122.617272 57.479618, -122.617939 57.480662, -122.618387 57.481305, -122.619117 57.482242, -122.619666 57.482817, -122.620678 57.483564, -122.621819 57.484171, -122.622722 57.484783, -122.622992 57.485253, -122.622696 57.485995, -122.621592 57.486565, -122.620585 57.486801, -122.618952 57.486995, -122.617322 57.487203, -122.615807 57.487586, -122.614943 57.488011, -122.614103 57.488854, -122.613786 57.489497, -122.613661 57.490129, -122.613589 57.490495, -122.613659 57.491499, -122.614235 57.492487, -122.615366 57.493359, -122.616881 57.494089, -122.618011 57.494486, -122.619841 57.495048, -122.621088 57.495419, -122.622747 57.496087, -122.624114 57.496913, -122.624858 57.497508, -122.625573 57.498479, -122.625675 57.499159, -122.62542 57.499846, -122.624481 57.500783, -122.623163 57.501638, -122.621759 57.502489, -122.621102 57.502937, -122.620394 57.503419, -122.619111 57.504385, -122.618271 57.505054, -122.617035 57.50606, -122.616244 57.506745, -122.615075 57.507778, -122.615065 57.507787, -122.614234 57.508485, -122.613388 57.50917, -122.612017 57.510188, -122.610663 57.511215, -122.609383 57.512299, -122.608644 57.513063, -122.607989 57.513854, -122.607448 57.514661, -122.606859 57.515908, -122.606575 57.516747, -122.606297 57.517577, -122.606058 57.518267, -122.606012 57.518401, -122.605336 57.519579, -122.604675 57.520268, -122.604653 57.52029, -122.603325 57.521229, -122.602294 57.521785, -122.601157 57.522279, -122.599953 57.522689, -122.598654 57.523015, -122.596638 57.523344, -122.594617 57.523629, -122.59259 57.523942, -122.591248 57.524205, -122.589284 57.524659, -122.587361 57.525171, -122.586259 57.525454, -122.586335 57.525903, -122.586338 57.525959, -122.586328 57.526015, -122.586305 57.526069, -122.58627 57.526122, -122.586223 57.526171, -122.586164 57.526218, -122.586096 57.526259, -122.586018 57.526297, -122.585933 57.526328, -122.585841 57.526354, -122.585743 57.526373, -122.585642 57.526386, -122.585539 57.526392, -122.585435 57.526391, -122.585332 57.526383, -122.585232 57.526368, -122.585136 57.526347, -122.585045 57.526319, -122.584152 57.526005, -122.584108 57.526017, -122.58278 57.526353, -122.581417 57.526648, -122.579311 57.526983, -122.577106 57.527191, -122.575626 57.527278, -122.573393 57.527414, -122.571943 57.527591, -122.569859 57.527984, -122.567862 57.528425, -122.565919 57.528907, -122.564067 57.529447, -122.56235 57.53009, -122.560759 57.530822, -122.559382 57.53163, -122.558262 57.532556, -122.557661 57.533213, -122.556861 57.534223, -122.556359 57.534892, -122.555879 57.535549, -122.555323 57.536535, -122.555133 57.537213, -122.555301 57.538233, -122.555715 57.538903, -122.556666 57.539846, -122.557504 57.540412, -122.558881 57.541223, -122.560154 57.542135, -122.561296 57.543181, -122.561983 57.543942, -122.56291 57.545125, -122.563475 57.54594, -122.563962 57.546773, -122.564397 57.547604, -122.564913 57.548845, -122.565154 57.54969, -122.565287 57.55095, -122.565249 57.551603, -122.565212 57.552233, -122.56516 57.55271, -122.564554 57.553594, -122.564899 57.554968, -122.564994 57.555049, -122.565029 57.556106, -122.565129 57.556982, -122.565451 57.558277, -122.565739 57.559142, -122.565874 57.559446, -122.566312 57.560435, -122.567177 57.561698, -122.567933 57.562512, -122.568747 57.563317, -122.569931 57.564425, -122.570015 57.564504, -122.570144 57.56464, -122.570775 57.565309, -122.571636 57.566551, -122.571837 57.567125, -122.571926 57.567381, -122.571893 57.568296, -122.571881 57.568651, -122.571586 57.569484, -122.571207 57.57032, -122.571087 57.570588, -122.570632 57.571597, -122.570066 57.572904, -122.569569 57.574212, -122.569257 57.575103, -122.568992 57.575987, -122.568693 57.577316, -122.56857 57.578632, -122.568566 57.578677, -122.568598 57.579592, -122.568679 57.580501, -122.568679 57.580508, -122.568705 57.580646, -122.568936 57.581893, -122.569222 57.58282, -122.569617 57.583727, -122.569799 57.584048, -122.57038 57.585076, -122.571314 57.586397, -122.572002 57.587251, -122.573002 57.588502, -122.573959 57.589768, -122.574853 57.591017, -122.575633 57.592284, -122.577353 57.594307, -122.578277 57.595033, -122.579727 57.596099, -122.580689 57.596786, -122.581622 57.597472, -122.583021 57.598439, -122.583837 57.598951, -122.584447 57.599334, -122.585908 57.600184, -122.587426 57.600979, -122.588495 57.601453, -122.589514 57.601879, -122.590083 57.602116, -122.591113 57.602544, -122.592667 57.603172, -122.593693 57.603569, -122.595264 57.604148, -122.596368 57.604485, -122.598082 57.604886, -122.599893 57.605059, -122.601722 57.605001, -122.603483 57.604691, -122.604575 57.604396, -122.606135 57.603875, -122.607203 57.603556, -122.608322 57.603297, -122.610115 57.603113, -122.611333 57.603123, -122.613143 57.603325, -122.614315 57.603541, -122.615476 57.603807, -122.617098 57.604336, -122.618104 57.604764, -122.619427 57.605518, -122.620578 57.606355, -122.621306 57.606933, -122.622563 57.607713, -122.623493 57.608136, -122.624543 57.608495, -122.626242 57.608911, -122.627462 57.609041, -122.629271 57.608927, -122.629306 57.608915, -122.630834 57.608375, -122.632047 57.607612, -122.632838 57.607095, -122.634083 57.606355, -122.635019 57.605947, -122.636663 57.60544, -122.63841 57.605026, -122.639581 57.604758, -122.641264 57.604311, -122.642372 57.604003, -122.643521 57.603708, -122.644767 57.60346, -122.646788 57.60327, -122.648936 57.603202, -122.651088 57.603183, -122.653238 57.603133, -122.655396 57.603117, -122.656846 57.603138, -122.658971 57.603152, -122.660349 57.603204, -122.662351 57.60333, -122.663672 57.603448, -122.664083 57.603517, -122.665551 57.603764, -122.666738 57.604072, -122.667858 57.604451, -122.669425 57.605069, -122.670926 57.605654, -122.671873 57.606048, -122.673235 57.606633, -122.674102 57.607023, -122.674939 57.60756, -122.675168 57.607706, -122.676176 57.608411, -122.67696 57.608842, -122.677739 57.609268, -122.67846 57.609687, -122.678825 57.60992, -122.678848 57.609921, -122.680063 57.610268, -122.68077 57.610612, -122.681346 57.611319, -122.681195 57.611819, -122.680283 57.612458, -122.679198 57.613123, -122.678459 57.614048, -122.678145 57.614678, -122.674256 57.615771, -122.672171 57.617867, -122.671492 57.620789, -122.672025 57.621933, -122.67208 57.622213, -122.671301 57.622883, -122.670229 57.623629, -122.669439 57.624112, -122.668569 57.624632, -122.668596 57.6249, -122.667143 57.627012, -122.665548 57.628328, -122.662323 57.628654, -122.661072 57.62878, -122.657238 57.629136, -122.655403 57.630785, -122.656528 57.632397, -122.658978 57.633363, -122.663836 57.633373, -122.66796 57.63212, -122.673389 57.630448, -122.675896 57.628363, -122.676342 57.627378, -122.677524 57.626836, -122.678879 57.626321, -122.681122 57.625737, -122.682706 57.625463, -122.684307 57.625218, -122.686701 57.624867, -122.689107 57.62455, -122.691556 57.624283, -122.69321 57.624112, -122.695694 57.623871, -122.697319 57.623715, -122.698934 57.62356, -122.700517 57.623407, -122.702829 57.623179, -122.705031 57.622947, -122.706439 57.622791, -122.708503 57.622549, -122.709832 57.622382, -122.711864 57.622129, -122.713253 57.621993, -122.715364 57.6219, -122.717471 57.621753, -122.719529 57.620885, -122.72028 57.620766, -122.725513 57.61886, -122.72788 57.618353, -122.730668 57.617857, -122.732036 57.619135, -122.732532 57.62073, -122.733229 57.622443, -122.737444 57.622547, -122.740913 57.621502, -122.743309 57.620657, -122.745981 57.621514, -122.75053 57.622644, -122.756775 57.623701, -122.760665 57.622666, -122.760168 57.621071, -122.756069 57.619614, -122.751147 57.61791, -122.749769 57.616746, -122.745535 57.616867, -122.741052 57.617435, -122.737664 57.61509, -122.734409 57.613653, -122.734737 57.612305, -122.733648 57.610243, -122.732128 57.608283, -122.732289 57.606411, -122.734997 57.606392, -122.737364 57.609055, -122.738342 57.609813, -122.741043 57.611518, -122.743639 57.612442, -122.746554 57.612673, -122.748907 57.612007, -122.750254 57.610651, -122.751323 57.608995, -122.752204 57.607829, -122.754708 57.610082, -122.754075 57.611767, -122.753922 57.614155, -122.754461 57.61531, -122.755878 57.61619, -122.757288 57.616503, -122.762691 57.615872, -122.765724 57.615225, -122.770407 57.61466, -122.77226 57.614432, -122.775587 57.615074, -122.782958 57.6161, -122.78399 57.616554, -122.784281 57.617353, -122.783898 57.618267, -122.783432 57.618862, -122.782539 57.619719, -122.78193 57.620306, -122.781109 57.621197, -122.780605 57.621801, -122.779973 57.622735, -122.779492 57.623699, -122.779252 57.624355, -122.779041 57.625326, -122.778989 57.625981, -122.778922 57.62694, -122.77882 57.627572, -122.778634 57.628197, -122.778187 57.629109, -122.777864 57.629708, -122.777489 57.630629, -122.77724 57.631585, -122.777208 57.632231, -122.777231 57.633219, -122.777322 57.634158, -122.77762 57.635073, -122.777972 57.635649, -122.778737 57.63644, -122.779417 57.636881, -122.780626 57.637446, -122.781985 57.637885, -122.782868 57.638149, -122.783697 57.638387, -122.784726 57.638768, -122.785126 57.639075, -122.788152 57.639731, -122.791846 57.641142, -122.793118 57.64231, -122.79235 57.643315, -122.792058 57.643697, -122.792725 57.645189, -122.794189 57.645904, -122.795517 57.64658, -122.796218 57.649384, -122.797901 57.65066, -122.798645 57.651423, -122.799328 57.652123, -122.797658 57.652907, -122.796931 57.653053, -122.795732 57.653274, -122.793908 57.65362, -122.792737 57.653877, -122.791065 57.654302, -122.790023 57.654625, -122.789076 57.654989, -122.787786 57.65558, -122.786598 57.656171, -122.785735 57.656498, -122.784356 57.65689, -122.783425 57.657112, -122.782135 57.657451, -122.781904 57.657542, -122.781726 57.65794, -122.782058 57.660034, -122.780701 57.661558, -122.779223 57.66228, -122.776737 57.663495, -122.772651 57.665274, -122.769681 57.666916, -122.768459 57.667822, -122.769558 57.668708, -122.772458 57.669479, -122.776529 57.669338, -122.780357 57.669774, -122.782232 57.669668, -122.783901 57.669574, -122.78505 57.668546, -122.785236 57.668436, -122.785976 57.667843, -122.787089 57.666922, -122.788342 57.666063, -122.789174 57.665495, -122.78997 57.664924, -122.790743 57.664374, -122.791946 57.663655, -122.792871 57.663347, -122.794446 57.663254, -122.795453 57.663493, -122.796276 57.663912, -122.797034 57.664765, -122.797201 57.665738, -122.79715 57.666704, -122.797228 57.66761, -122.79796 57.668436, -122.799409 57.669011, -122.800641 57.669178, -122.80262 57.66903, -122.804481 57.668538, -122.806315 57.667979, -122.807534 57.667611, -122.809425 57.667099, -122.811322 57.666609, -122.812622 57.666304, -122.813931 57.666069, -122.815311 57.665914, -122.816703 57.665868, -122.818125 57.665831, -122.819535 57.665774, -122.820926 57.665622, -122.822288 57.665394, -122.823604 57.665051, -122.824868 57.664628, -122.826095 57.664148, -122.827288 57.663636, -122.828434 57.6631, -122.829559 57.662529, -122.830631 57.661944, -122.831703 57.661347, -122.832739 57.660734, -122.833706 57.660089, -122.834598 57.659423, -122.835494 57.658741, -122.83634 57.658056, -122.837175 57.657386, -122.837952 57.65673, -122.838721 57.656114, -122.839462 57.655495, -122.840181 57.654896, -122.840847 57.654322, -122.841421 57.653753, -122.841841 57.653155, -122.842002 57.652531, -122.841934 57.651895, -122.841841 57.651622, -122.84057 57.650875, -122.841618 57.649725, -122.840358 57.647094, -122.840777 57.644617, -122.839058 57.642428, -122.835951 57.641675, -122.833276 57.64082, -122.834396 57.640055, -122.838468 57.639361, -122.843356 57.639026, -122.846903 57.639562, -122.850586 57.641007, -122.855543 57.642369, -122.860127 57.643156, -122.866462 57.643193, -122.875323 57.640802, -122.878588 57.639636, -122.880567 57.638491, -122.88177 57.638408, -122.882359 57.637464, -122.884018 57.637842, -122.885832 57.638902, -122.885683 57.639528, -122.88551 57.640251, -122.886031 57.64162, -122.889176 57.64192, -122.892577 57.641661, -122.894503 57.641367, -122.898501 57.641574, -122.901828 57.642218, -122.905808 57.64265, -122.910071 57.642184, -122.912877 57.641459, -122.915032 57.640944, -122.91759 57.640664, -122.920478 57.640249, -122.921652 57.64008, -122.926071 57.640296, -122.928206 57.641132, -122.929143 57.641498, -122.933287 57.642499, -122.936872 57.642582, -122.939696 57.64163, -122.943354 57.64081, -122.945297 57.64029, -122.949138 57.639813, -122.952118 57.639543, -122.953483 57.639421, -122.955478 57.640231, -122.959505 57.643279, -122.959809 57.646583, -122.961349 57.64856, -122.967044 57.649127, -122.973177 57.647755, -122.975404 57.649902, -122.9764 57.652325, -122.9789 57.659837, -122.980457 57.663323, -122.982332 57.667392, -122.986436 57.674507, -122.99066 57.679088, -122.990977 57.686427, -122.986346 57.691079, -122.98304 57.69487, -122.981492 57.696974, -122.981169 57.696956, -122.972753 57.698502, -122.961702 57.700937, -122.951058 57.698414, -122.943461 57.697764, -122.941121 57.697871, -122.940352 57.697933, -122.938821 57.698099, -122.93806 57.698201, -122.935034 57.698666, -122.934275 57.698778, -122.9297 57.699301, -122.928152 57.699447, -122.927379 57.69953, -122.926612 57.699617, -122.923581 57.700005, -122.922092 57.700191, -122.920613 57.700347, -122.916129 57.700651, -122.91463 57.700705, -122.910196 57.700671, -122.905967 57.700838, -122.904622 57.701015, -122.901477 57.701704, -122.90096 57.701872, -122.902431 57.703632, -122.905185 57.706577, -122.904976 57.709133, -122.902348 57.711952, -122.892883 57.71045, -122.889788 57.711658, -122.888979 57.7142, -122.888821 57.716116, -122.886455 57.715741, -122.881124 57.714975, -122.876219 57.714859, -122.876506 57.715005, -122.876877 57.715459, -122.87694 57.715713, -122.876994 57.715986, -122.877067 57.716276, -122.877426 57.716901, -122.877718 57.717226, -122.878435 57.717885, -122.878798 57.718223, -122.879099 57.718575, -122.879299 57.718952, -122.879387 57.71977, -122.879053 57.720588, -122.878397 57.721334, -122.877472 57.721968, -122.876416 57.722526, -122.875924 57.722818, -122.875527 57.723143, -122.875265 57.723508, -122.875162 57.723905, -122.875233 57.724318, -122.875461 57.724729, -122.875823 57.725112, -122.876314 57.725462, -122.877597 57.726058, -122.880881 57.726694, -122.885335 57.726694, -122.888898 57.726456, -122.889785 57.726373, -122.890669 57.726285, -122.8933 57.726021, -122.894163 57.725935, -122.895021 57.72585, -122.895876 57.725763, -122.89757 57.725596, -122.899238 57.72543, -122.900887 57.725283, -122.903295 57.725022, -122.904053 57.724906, -122.904798 57.724759, -122.905502 57.724572, -122.906167 57.724358, -122.907337 57.723848, -122.908278 57.723254, -122.909532 57.72269, -122.910001 57.722612, -122.910494 57.722626, -122.910977 57.722753, -122.911422 57.722958, -122.91178 57.723253, -122.912017 57.723623, -122.912177 57.724463, -122.912142 57.724913, -122.911724 57.726257, -122.9108 57.727497, -122.91038 57.727872, -122.908853 57.728869, -122.90768 57.729447, -122.906477 57.730016, -122.904211 57.731281, -122.900879 57.73376, -122.898153 57.735822, -122.896032 57.737092, -122.894313 57.73796, -122.89055 57.739427, -122.887214 57.740462, -122.886521 57.740653, -122.883055 57.741589, -122.880326 57.742339, -122.878949 57.742701, -122.877586 57.743026, -122.874957 57.743517, -122.874339 57.743632, -122.871367 57.744208, -122.868724 57.744773, -122.868259 57.744896, -122.867846 57.745031, -122.867536 57.745187, -122.867333 57.745365, -122.867183 57.745773, -122.867706 57.746424, -122.868378 57.746836, -122.868997 57.747554, -122.868697 57.748088, -122.867352 57.748714, -122.866786 57.748883, -122.864976 57.74934, -122.864355 57.749471, -122.862411 57.749665, -122.861753 57.749666, -122.860436 57.749627, -122.859779 57.749605, -122.859123 57.749587, -122.857818 57.749557, -122.856522 57.749539, -122.855881 57.74955, -122.854625 57.749654, -122.852279 57.750086, -122.851733 57.750228, -122.850777 57.75061, -122.849925 57.751468, -122.849849 57.752163, -122.849971 57.752521, -122.8509 57.753539, -122.8523 57.754439, -122.852739 57.754745, -122.853397 57.75543, -122.853763 57.756887, -122.853101 57.757861, -122.851654 57.758577, -122.849856 57.759078, -122.847934 57.75945, -122.846617 57.75966, -122.843249 57.760127, -122.841946 57.760325, -122.839443 57.760765, -122.838845 57.760894, -122.837224 57.761401, -122.835623 57.762356, -122.835056 57.762921, -122.834501 57.763486, -122.834205 57.763767, -122.833615 57.764341, -122.833348 57.764645, -122.833117 57.764965, -122.832932 57.765301, -122.83269 57.766016, -122.832623 57.766388, -122.832574 57.767152, -122.832619 57.767926, -122.832702 57.76871, -122.83284 57.77028, -122.832875 57.771064, -122.832945 57.771858, -122.833225 57.773882, -122.833223 57.774688, -122.833079 57.775485, -122.83296 57.775885, -122.832651 57.776684, -122.832266 57.777484, -122.830771 57.779858, -122.829994 57.781045, -122.829494 57.782311, -122.82858 57.784481, -122.828061 57.785348, -122.82775 57.785772, -122.826585 57.78698, -122.82505 57.788049, -122.823827 57.788639, -122.823178 57.788883, -122.821822 57.789204, -122.82144 57.789163, -122.819579 57.789034, -122.817753 57.789019, -122.81607 57.789202, -122.814878 57.789694, -122.814223 57.790378, -122.814108 57.790563, -122.813753 57.791137, -122.812817 57.79176, -122.811508 57.791981, -122.810163 57.791841, -122.808884 57.791451, -122.807438 57.791, -122.805742 57.790677, -122.803858 57.79053, -122.801928 57.790394, -122.800069 57.790071, -122.798368 57.789579, -122.796699 57.789021, -122.795542 57.788673, -122.79374 57.788247, -122.792053 57.787864, -122.791043 57.787501, -122.79022 57.787064, -122.789241 57.786334, -122.788764 57.785798, -122.788145 57.784975, -122.787193 57.784211, -122.785684 57.78373, -122.783872 57.783717, -122.782024 57.783913, -122.780088 57.784063, -122.778109 57.78404, -122.776145 57.783853, -122.774115 57.783734, -122.772043 57.783779, -122.769981 57.783983, -122.767925 57.784259, -122.765847 57.784554, -122.763748 57.784839, -122.761576 57.78506, -122.75934 57.785143, -122.757083 57.785046, -122.754862 57.784818, -122.752642 57.784524, -122.750369 57.784238, -122.748039 57.784015, -122.745683 57.783721, -122.743401 57.783301, -122.741178 57.782799, -122.738925 57.782272, -122.736558 57.781821, -122.734073 57.781526, -122.731491 57.781446, -122.728926 57.781491, -122.726352 57.78153, -122.723809 57.781441, -122.721327 57.781205, -122.71885 57.780894, -122.716334 57.780539, -122.713829 57.780134, -122.711331 57.779688, -122.709665 57.779364, -122.707988 57.779013, -122.705491 57.778373, -122.703892 57.777878, -122.702285 57.777391, -122.699819 57.776718, -122.697304 57.776133, -122.694928 57.775497, -122.6932 57.774555, -122.692222 57.773401, -122.691478 57.772168, -122.690372 57.770992, -122.688917 57.769931, -122.685559 57.76709, -122.686001 57.765906, -122.686413 57.764701, -122.686864 57.763486, -122.686888 57.76342, -122.686754 57.76137, -122.686595 57.760999, -122.684797 57.759827, -122.679689 57.756498, -122.676237 57.75481, -122.67518 57.753183, -122.67649 57.751936, -122.688013 57.749368, -122.690934 57.746156, -122.692461 57.744952, -122.69353 57.744565, -122.695528 57.745374, -122.694162 57.747686, -122.69399 57.748164, -122.693305 57.750079, -122.693201 57.752425, -122.693339 57.752569, -122.693537 57.753213, -122.693632 57.754263, -122.693669 57.755368, -122.693707 57.756125, -122.693781 57.757287, -122.693854 57.75807, -122.693994 57.759246, -122.69413 57.760431, -122.694142 57.761613, -122.694074 57.762744, -122.694238 57.763683, -122.694913 57.764229, -122.695894 57.764222, -122.69675 57.763734, -122.697442 57.762995, -122.697818 57.762121, -122.697908 57.761151, -122.697866 57.760138, -122.698233 57.759172, -122.69935 57.758485, -122.700931 57.758198, -122.702647 57.758294, -122.704193 57.758713, -122.705379 57.759426, -122.706279 57.760275, -122.707327 57.761021, -122.708278 57.761729, -122.70867 57.762523, -122.708631 57.763365, -122.708593 57.764267, -122.709035 57.765156, -122.710143 57.765901, -122.711729 57.766433, -122.713571 57.766641, -122.715444 57.766523, -122.717347 57.766446, -122.719176 57.76674, -122.720648 57.767444, -122.721965 57.768275, -122.72345 57.769034, -122.725273 57.769543, -122.727329 57.769675, -122.729382 57.769421, -122.731243 57.768848, -122.732765 57.767986, -122.734071 57.766995, -122.735338 57.765976, -122.736602 57.764942, -122.737785 57.763866, -122.738742 57.762699, -122.739267 57.761409, -122.739302 57.760052, -122.73895 57.758704, -122.738887 57.757411, -122.739722 57.756332, -122.741118 57.75549, -122.742637 57.754673, -122.744226 57.753841, -122.745748 57.753098, -122.728482 57.749865, -122.721398 57.748206, -122.713205 57.74652, -122.708728 57.740475, -122.707374 57.736881, -122.698168 57.727751, -122.686757 57.724796, -122.686205 57.723891, -122.678597 57.722812, -122.666452 57.721913, -122.661779 57.721973, -122.660968 57.72229, -122.660755 57.722796, -122.660728 57.722846, -122.660691 57.722893, -122.660645 57.722938, -122.660589 57.72298, -122.660524 57.723018, -122.660452 57.723052, -122.660373 57.723081, -122.660289 57.723105, -122.660199 57.723124, -122.660106 57.723137, -122.660043 57.723144, -122.656127 57.723609, -122.656032 57.723617, -122.655935 57.72362, -122.655839 57.723616, -122.655743 57.723607, -122.655651 57.723591, -122.655563 57.723571, -122.655479 57.723544, -122.655402 57.723513, -122.655332 57.723478, -122.653425 57.722391, -122.653368 57.722355, -122.653319 57.722316, -122.652898 57.721945, -122.650844 57.722105, -122.650807 57.722136, -122.650746 57.72218, -122.650676 57.72222, -122.650597 57.722255, -122.650511 57.722285, -122.650418 57.722309, -122.650321 57.722326, -122.648275 57.722622, -122.646268 57.722955, -122.646167 57.722968, -122.646064 57.722974, -122.64596 57.722974, -122.645857 57.722967, -122.645757 57.722953, -122.64566 57.722932, -122.645569 57.722905, -122.645485 57.722873, -122.645409 57.722835, -122.643617 57.721823, -122.641835 57.721342, -122.640311 57.720956, -122.638951 57.72098, -122.638855 57.720978, -122.638761 57.720971, -122.638669 57.720959, -122.63858 57.720941, -122.638495 57.720917, -122.63687 57.720402, -122.636842 57.720393, -122.636134 57.720148, -122.634807 57.720613, -122.634731 57.720636, -122.634651 57.720656, -122.634568 57.72067, -122.634483 57.72068, -122.634396 57.720685, -122.632845 57.720734, -122.631102 57.720835, -122.630058 57.721224, -122.629968 57.721253, -122.629872 57.721276, -122.629772 57.721292, -122.629669 57.721302, -122.629564 57.721304, -122.629459 57.7213, -122.629357 57.721288, -122.629257 57.72127, -122.629163 57.721246, -122.629075 57.721215, -122.628995 57.721179, -122.628924 57.721138, -122.628864 57.721092, -122.628814 57.721043, -122.628777 57.72099, -122.628751 57.720936, -122.628739 57.72088, -122.62874 57.720824, -122.628824 57.720184, -122.628831 57.720149, -122.62894 57.719756, -122.629022 57.719069, -122.629024 57.719055, -122.629111 57.718565, -122.629061 57.717204, -122.628328 57.715992, -122.628305 57.715945, -122.628291 57.715897, -122.628288 57.715848, -122.628294 57.715799, -122.628311 57.71575, -122.628337 57.715703, -122.628797 57.715018, -122.62647 57.71476, -122.626382 57.714748, -122.626296 57.71473, -122.626215 57.714708, -122.626139 57.714681, -122.626069 57.71465, -122.626006 57.714615, -122.624228 57.713519, -122.623313 57.71304, -122.622233 57.712999, -122.621557 57.713871, -122.621514 57.713918, -122.621461 57.713962, -122.621399 57.714003, -122.621328 57.714039, -122.62125 57.714071, -122.621166 57.714098, -122.621076 57.714119, -122.620982 57.714135, -122.620886 57.714144, -122.620788 57.714148, -122.620689 57.714145, -122.620593 57.714136, -122.620498 57.714122, -122.61792 57.71363, -122.617825 57.713608, -122.617737 57.713581, -122.617655 57.713548, -122.617582 57.713509, -122.617517 57.713467, -122.617463 57.71342, -122.61742 57.713371, -122.617389 57.713319, -122.617369 57.713265, -122.617363 57.71321, -122.617368 57.713156, -122.617386 57.713102, -122.617416 57.71305, -122.617458 57.713, -122.617511 57.712953, -122.617574 57.71291, -122.618725 57.712217, -122.619013 57.711399, -122.618442 57.710218, -122.618433 57.710197, -122.618427 57.710181, -122.618254 57.709633, -122.616777 57.708901, -122.616704 57.70886, -122.616642 57.708815, -122.616591 57.708766, -122.616551 57.708714, -122.616524 57.70866, -122.61651 57.708604, -122.616509 57.708548, -122.616522 57.708492, -122.616547 57.708438, -122.616585 57.708385, -122.616634 57.708336, -122.616695 57.70829, -122.616766 57.708249, -122.616847 57.708212, -122.616935 57.708182, -122.617029 57.708157, -122.618739 57.707787, -122.619179 57.706579, -122.619204 57.706527, -122.61924 57.706478, -122.619287 57.70643, -122.619345 57.706386, -122.619412 57.706346, -122.619487 57.706311, -122.61957 57.706281, -122.619659 57.706256, -122.619753 57.706237, -122.61985 57.706224, -122.61995 57.706217, -122.62005 57.706217, -122.620149 57.706223, -122.620247 57.706236, -122.622097 57.706536, -122.623007 57.706393, -122.622729 57.704844, -122.622328 57.704409, -122.619661 57.704581, -122.619573 57.704584, -122.619503 57.704583, -122.616186 57.704462, -122.615685 57.705243, -122.615645 57.705295, -122.615592 57.705344, -122.615529 57.705389, -122.615455 57.705429, -122.615372 57.705465, -122.615282 57.705494, -122.615185 57.705517, -122.615084 57.705534, -122.61498 57.705543, -122.614874 57.705546, -122.614769 57.705541, -122.614665 57.705529, -122.614565 57.705511, -122.614471 57.705485, -122.614383 57.705454, -122.614303 57.705417, -122.614232 57.705375, -122.614172 57.705329, -122.614123 57.705278, -122.614087 57.705225, -122.613769 57.704656, -122.611945 57.703466, -122.611888 57.703425, -122.611841 57.70338, -122.611803 57.703332, -122.611776 57.703282, -122.61176 57.703232, -122.611755 57.70318, -122.611761 57.703128, -122.611778 57.703078, -122.612028 57.702522, -122.610775 57.701761, -122.60926 57.701746, -122.609178 57.701743, -122.609097 57.701736, -122.609017 57.701724, -122.607052 57.701385, -122.606158 57.7016, -122.605783 57.70199, -122.606089 57.702605, -122.606109 57.702657, -122.606117 57.70271, -122.606114 57.702762, -122.606099 57.702815, -122.606072 57.702866, -122.606035 57.702914, -122.605987 57.702961, -122.60593 57.703003, -122.605863 57.703042, -122.605788 57.703077, -122.605706 57.703106, -122.605618 57.703131, -122.605526 57.703149, -122.60543 57.703162, -122.603189 57.703382, -122.603061 57.703537, -122.603081 57.70429, -122.603076 57.704346, -122.603058 57.704401, -122.603027 57.704455, -122.602983 57.704506, -122.602928 57.704554, -122.602862 57.704598, -122.602787 57.704637, -122.602702 57.704671, -122.602611 57.704699, -122.602514 57.70472, -122.602412 57.704735, -122.601035 57.704888, -122.601021 57.705185, -122.601013 57.705237, -122.600993 57.705288, -122.600963 57.705337, -122.600922 57.705385, -122.600871 57.705429, -122.600811 57.70547, -122.600742 57.705507, -122.600383 57.705679, -122.60031 57.70571, -122.600232 57.705737, -122.600148 57.705759, -122.60006 57.705775, -122.599969 57.705787, -122.599876 57.705793, -122.598265 57.705848, -122.597043 57.706196, -122.59743 57.706685, -122.597464 57.706736, -122.597486 57.70679, -122.597496 57.706845, -122.597493 57.7069, -122.597478 57.706954, -122.59745 57.707007, -122.59741 57.707058, -122.597359 57.707106, -122.597297 57.70715, -122.597226 57.707189, -122.597146 57.707224, -122.597059 57.707253, -122.596966 57.707277, -122.596868 57.707294, -122.596767 57.707304, -122.596664 57.707308, -122.596562 57.707305, -122.59646 57.707296, -122.596362 57.707279, -122.596268 57.707257, -122.59618 57.707229, -122.596099 57.707195, -122.596026 57.707156, -122.59521 57.70666, -122.595202 57.706655, -122.595153 57.706621, -122.59392 57.705683, -122.592679 57.704921, -122.592625 57.704883, -122.592578 57.704843, -122.59254 57.7048, -122.59251 57.704755, -122.592489 57.704709, -122.592478 57.704662, -122.592401 57.7041, -122.591846 57.703789, -122.591814 57.703771, -122.591758 57.703731, -122.591308 57.703377, -122.591258 57.703332, -122.591218 57.703284, -122.591189 57.703234, -122.591171 57.703183, -122.591164 57.703131, -122.591168 57.703079, -122.591183 57.703028, -122.59121 57.702978, -122.591248 57.702929, -122.591295 57.702884, -122.592033 57.702266, -122.590527 57.701716, -122.587887 57.701761, -122.587786 57.70176, -122.587686 57.701752, -122.587588 57.701737, -122.587494 57.701717, -122.587406 57.70169, -122.587324 57.701658, -122.58725 57.701621, -122.587185 57.70158, -122.58573 57.700529, -122.584773 57.700494, -122.58467 57.700487, -122.584568 57.700472, -122.584471 57.700452, -122.58438 57.700425, -122.584295 57.700392, -122.584219 57.700353, -122.584152 57.70031, -122.584096 57.700263, -122.584051 57.700213, -122.584019 57.700159, -122.583999 57.700104, -122.583992 57.700049, -122.583998 57.699993, -122.584104 57.699521, -122.583702 57.698399, -122.58369 57.698352, -122.583687 57.698304, -122.583694 57.698257, -122.58371 57.69821, -122.583735 57.698165, -122.584402 57.697161, -122.583498 57.696287, -122.582605 57.696157, -122.582516 57.696142, -122.582432 57.696121, -122.582352 57.696095, -122.582278 57.696065, -122.582211 57.696031, -122.582152 57.695992, -122.5821 57.695951, -122.582058 57.695907, -122.58137 57.69508, -122.579243 57.693999, -122.577522 57.693493, -122.577436 57.693464, -122.577356 57.693429, -122.577286 57.69339, -122.577225 57.693346, -122.577174 57.693298, -122.577134 57.693248, -122.577107 57.693195, -122.577091 57.693141, -122.577088 57.693087, -122.577097 57.693032, -122.57734 57.692182, -122.57711 57.692024, -122.576046 57.691806, -122.575953 57.691783, -122.575866 57.691754, -122.575785 57.69172, -122.575714 57.691681, -122.575651 57.691638, -122.575599 57.69159, -122.575559 57.69154, -122.57553 57.691488, -122.575513 57.691434, -122.575508 57.691379, -122.575516 57.691324, -122.575537 57.691271, -122.57557 57.691219, -122.576134 57.690475, -122.576169 57.690435, -122.57621 57.690397, -122.576259 57.690362, -122.577536 57.689517, -122.57599 57.688775, -122.575915 57.688733, -122.57587 57.688703, -122.57411 57.687384, -122.567294 57.686104, -122.563425 57.685501, -122.563327 57.685482, -122.563234 57.685457, -122.563148 57.685426, -122.56307 57.685389, -122.561437 57.684527, -122.561372 57.684488, -122.561316 57.684446, -122.56127 57.684401, -122.561233 57.684353, -122.560905 57.683839, -122.55967 57.683692, -122.559576 57.683678, -122.559486 57.683658, -122.5594 57.683632, -122.559321 57.683601, -122.559249 57.683566, -122.559186 57.683526, -122.557072 57.682046, -122.557021 57.682006, -122.556978 57.681962, -122.556944 57.681917, -122.556919 57.681869, -122.556905 57.681821, -122.5569 57.681772, -122.556906 57.681723, -122.557266 57.680048, -122.555868 57.677808, -122.555842 57.677757, -122.55526 57.676261, -122.552356 57.674954, -122.549261 57.674091, -122.549186 57.674067, -122.549115 57.674039, -122.54905 57.674007, -122.547865 57.673355, -122.545537 57.672292, -122.545516 57.672282, -122.545506 57.672277, -122.543527 57.671278, -122.541034 57.671827, -122.540614 57.672081, -122.540544 57.672118, -122.540465 57.672151, -122.54038 57.672179, -122.54029 57.672201, -122.540195 57.672218, -122.540097 57.672228, -122.539998 57.672232, -122.539899 57.672229, -122.5398 57.672221, -122.539705 57.672206, -122.539613 57.672185, -122.539527 57.672159, -122.539447 57.672127, -122.539374 57.67209, -122.538094 57.671361, -122.536107 57.671012, -122.536009 57.670991, -122.535917 57.670963, -122.535832 57.67093, -122.535756 57.670892, -122.535689 57.670848, -122.535633 57.6708, -122.535588 57.670749, -122.535556 57.670696, -122.535537 57.67064, -122.535531 57.670584, -122.535537 57.670528, -122.535558 57.670473, -122.53559 57.670419, -122.535635 57.670369, -122.537375 57.668687, -122.536182 57.667312, -122.534679 57.667726, -122.534582 57.667749, -122.534481 57.667765, -122.534378 57.667774, -122.534272 57.667776, -122.534168 57.667771, -122.534065 57.667759, -122.533966 57.667741, -122.533872 57.667715, -122.533784 57.667684, -122.533705 57.667647, -122.531516 57.666492, -122.529055 57.667071, -122.528729 57.667752, -122.528697 57.667804, -122.528654 57.667854, -122.5286 57.667901, -122.528535 57.667943, -122.528461 57.667981, -122.528379 57.668015, -122.52829 57.668042, -122.528196 57.668063, -122.528097 57.668079, -122.527996 57.668087, -122.527893 57.668089, -122.527791 57.668084, -122.527691 57.668073, -122.527594 57.668055, -122.527501 57.668031, -122.527415 57.668, -122.527337 57.667965, -122.527267 57.667925, -122.527207 57.66788, -122.527158 57.667832, -122.526056 57.666585, -122.524934 57.666422, -122.524835 57.666404, -122.524741 57.666379, -122.524653 57.666348, -122.524573 57.666312, -122.524502 57.666271, -122.524441 57.666225, -122.522641 57.664671, -122.521594 57.66459, -122.521516 57.664582, -122.521413 57.664565, -122.520293 57.664334, -122.51783 57.666038, -122.517762 57.66608, -122.517685 57.666116, -122.5176 57.666148, -122.517509 57.666173, -122.517412 57.666193, -122.517312 57.666205, -122.51721 57.666212, -122.517107 57.666211, -122.517005 57.666204, -122.516905 57.66619, -122.516809 57.66617, -122.516719 57.666143, -122.516635 57.666111, -122.51656 57.666074, -122.516493 57.666032, -122.516437 57.665986, -122.516392 57.665936, -122.516358 57.665884, -122.516337 57.66583, -122.516328 57.665775, -122.516274 57.664634, -122.515526 57.664107, -122.514353 57.664261, -122.514267 57.66427, -122.514179 57.664274, -122.514092 57.664273, -122.514004 57.664267, -122.513105 57.664181, -122.510619 57.665417, -122.510539 57.665452, -122.510452 57.665482, -122.510358 57.665505, -122.51026 57.665523, -122.510159 57.665533, -122.510056 57.665537, -122.509952 57.665534, -122.509035 57.665477, -122.508943 57.665468, -122.508852 57.665454, -122.508766 57.665435, -122.506843 57.664935, -122.506754 57.664908, -122.506672 57.664876, -122.506597 57.664838, -122.506532 57.664796, -122.506477 57.66475, -122.505775 57.664074, -122.505738 57.664034, -122.505708 57.663992, -122.505687 57.663948, -122.505674 57.663904, -122.505457 57.662805, -122.505169 57.662077, -122.502425 57.662046, -122.501397 57.662536, -122.501316 57.66257, -122.501227 57.662599, -122.501133 57.662621, -122.501034 57.662637, -122.500932 57.662647, -122.500829 57.662649, -122.500726 57.662645, -122.500625 57.662634, -122.500526 57.662617, -122.500433 57.662593, -122.500346 57.662564, -122.500266 57.662528, -122.50016 57.662475, -122.500099 57.662441, -122.500045 57.662404, -122.499999 57.662365, -122.49996 57.662322, -122.49897 57.661072, -122.497752 57.66047, -122.49769 57.660436, -122.497635 57.660398, -122.497588 57.660358, -122.497549 57.660315, -122.497518 57.66027, -122.497497 57.660223, -122.497444 57.660071, -122.497432 57.660019, -122.497431 57.659967, -122.497441 57.659916, -122.497462 57.659865, -122.497494 57.659816, -122.497537 57.659769, -122.497589 57.659725, -122.497651 57.659685, -122.497721 57.659649, -122.497798 57.659617, -122.497881 57.65959, -122.49797 57.659569, -122.499157 57.659328, -122.499995 57.658889, -122.500078 57.658851, -122.50015 57.658825, -122.501691 57.658333, -122.501762 57.658313, -122.501837 57.658296, -122.501914 57.658283, -122.501994 57.658275, -122.502357 57.658245, -122.502124 57.657514, -122.500467 57.657629, -122.500368 57.657633, -122.499667 57.657637, -122.497483 57.657804, -122.494751 57.658599, -122.493275 57.659473, -122.493235 57.659495, -122.493194 57.659515, -122.491363 57.660342, -122.491324 57.660359, -122.4913 57.660368, -122.489263 57.661124, -122.489225 57.661137, -122.488395 57.661411, -122.487274 57.663352, -122.487237 57.663404, -122.487188 57.663454, -122.487128 57.6635, -122.487057 57.663541, -122.486977 57.663578, -122.48689 57.663609, -122.486796 57.663633, -122.484267 57.664197, -122.482502 57.665157, -122.482979 57.665804, -122.484711 57.666445, -122.484743 57.666458, -122.487642 57.667656, -122.487721 57.667693, -122.487791 57.667735, -122.48785 57.667781, -122.487898 57.667831, -122.487934 57.667884, -122.487957 57.667939, -122.487967 57.667995, -122.487964 57.668051, -122.487948 57.668107, -122.487082 57.670219, -122.486643 57.671546, -122.487523 57.672869, -122.48755 57.67292, -122.487567 57.672972, -122.487571 57.673024, -122.487565 57.673077, -122.487546 57.673128, -122.487517 57.673178, -122.487477 57.673226, -122.487426 57.673271, -122.487366 57.673313, -122.487298 57.673351, -122.487221 57.673384, -122.484116 57.674574, -122.484039 57.6746, -122.483956 57.674622, -122.48387 57.674639, -122.483781 57.67465, -122.48369 57.674657, -122.483598 57.674658, -122.481583 57.67462, -122.480564 57.675336, -122.48055 57.675345, -122.480523 57.675362, -122.478806 57.676392, -122.478612 57.677891, -122.480871 57.679477, -122.482332 57.680012, -122.48241 57.680044, -122.48248 57.680081, -122.482542 57.680122, -122.482594 57.680167, -122.482636 57.680215, -122.482667 57.680265, -122.482687 57.680316, -122.482696 57.680369, -122.482693 57.680422, -122.482678 57.680474, -122.482653 57.680525, -122.481001 57.683149, -122.482801 57.684311, -122.482861 57.684354, -122.48291 57.684401, -122.482948 57.684451, -122.482975 57.684503, -122.48299 57.684556, -122.482994 57.684609, -122.482985 57.684663, -122.482964 57.684716, -122.482932 57.684766, -122.482888 57.684815, -122.482834 57.68486, -122.481175 57.686083, -122.480906 57.687235, -122.481263 57.68779, -122.48129 57.687843, -122.481305 57.687898, -122.481307 57.687953, -122.481246 57.688749, -122.481238 57.688794, -122.481221 57.688839, -122.481196 57.688882, -122.481163 57.688924, -122.48084 57.689279, -122.480841 57.689285, -122.482175 57.690398, -122.482224 57.690444, -122.482262 57.690494, -122.482289 57.690546, -122.482304 57.690599, -122.482307 57.690653, -122.482298 57.690706, -122.482277 57.690759, -122.482245 57.69081, -122.482201 57.690858, -122.482147 57.690903, -122.482083 57.690945, -122.480951 57.691595, -122.481123 57.692037, -122.481137 57.692087, -122.48114 57.692137, -122.481132 57.692188, -122.481114 57.692238, -122.481086 57.692286, -122.481047 57.692332, -122.481445 57.693838, -122.481452 57.693881, -122.481452 57.693924, -122.481444 57.693966, -122.481429 57.694008, -122.480887 57.695182, -122.480963 57.695858, -122.480964 57.695906, -122.480955 57.695954, -122.480936 57.696001, -122.480908 57.696046, -122.480871 57.69609, -122.480765 57.696201, -122.480711 57.696249, -122.480647 57.696292, -122.480574 57.696332, -122.480492 57.696366, -122.480402 57.696394, -122.480307 57.696416, -122.480207 57.696432, -122.480105 57.696441, -122.480001 57.696444, -122.479897 57.696439, -122.479796 57.696428, -122.479697 57.69641, -122.479604 57.696385, -122.479517 57.696355, -122.479438 57.696319, -122.479367 57.696278, -122.479307 57.696233, -122.479257 57.696184, -122.479219 57.696132, -122.479194 57.696078, -122.479057 57.695689, -122.479055 57.695684, -122.478815 57.694958, -122.4784 57.694492, -122.478041 57.694463, -122.477566 57.695305, -122.477642 57.695744, -122.477644 57.695751, -122.477646 57.695783, -122.477653 57.696577, -122.478244 57.697469, -122.478847 57.697489, -122.479258 57.697366, -122.479339 57.697345, -122.479425 57.697328, -122.479513 57.697317, -122.479602 57.697311, -122.479693 57.697309, -122.479783 57.697313, -122.481584 57.697447, -122.481682 57.697458, -122.481778 57.697474, -122.481869 57.697497, -122.481954 57.697525, -122.482032 57.697559, -122.482103 57.697598, -122.482164 57.69764, -122.482215 57.697686, -122.482255 57.697736, -122.482285 57.697787, -122.482302 57.69784, -122.482308 57.697894, -122.482301 57.697947, -122.482283 57.698, -122.481504 57.699663, -122.481479 57.699707, -122.481446 57.69975, -122.481301 57.69991, -122.481277 57.699935, -122.48075 57.700434, -122.480693 57.700481, -122.480626 57.700524, -122.48055 57.700562, -122.480455 57.700603, -122.480865 57.701768, -122.483844 57.704124, -122.483884 57.704154, -122.483938 57.7042, -122.483981 57.70425, -122.484013 57.704301, -122.484032 57.704355, -122.48404 57.704409, -122.484035 57.704464, -122.484017 57.704517, -122.483988 57.704569, -122.483947 57.704619, -122.483895 57.704666, -122.483833 57.704709, -122.483761 57.704748, -122.483681 57.704782, -122.483595 57.70481, -122.483502 57.704833, -122.483405 57.704849, -122.483305 57.704859, -122.483203 57.704863, -122.483101 57.70486, -122.483001 57.70485, -122.482904 57.704834, -122.482811 57.704812, -122.482723 57.704783, -122.480937 57.704125, -122.48012 57.70385, -122.477967 57.704735, -122.477892 57.704763, -122.477811 57.704786, -122.477727 57.704804, -122.476285 57.705068, -122.476189 57.705082, -122.476091 57.70509, -122.475992 57.705092, -122.475893 57.705087, -122.475796 57.705076, -122.475701 57.70506, -122.475612 57.705037, -122.475527 57.705009, -122.47545 57.704976, -122.47538 57.704938, -122.47532 57.704896, -122.475269 57.704851, -122.475228 57.704802, -122.474931 57.704382, -122.4749 57.70433, -122.474882 57.704276, -122.474876 57.704221, -122.474883 57.704166, -122.474902 57.704112, -122.474934 57.70406, -122.474978 57.70401, -122.475032 57.703963, -122.475097 57.703921, -122.475171 57.703882, -122.475253 57.703849, -122.475342 57.703822, -122.476518 57.70351, -122.476133 57.703175, -122.473184 57.703014, -122.473076 57.703004, -122.473024 57.702995, -122.473007 57.702993, -122.472956 57.702984, -122.47286 57.702965, -122.472768 57.702939, -122.472684 57.702908, -122.472607 57.702871, -122.47254 57.70283, -122.472482 57.702784, -122.472435 57.702735, -122.4724 57.702683, -122.472378 57.70263, -122.472367 57.702575, -122.472369 57.70252, -122.472384 57.702466, -122.472402 57.702423, -122.472766 57.701479, -122.471492 57.700872, -122.471384 57.700822, -122.470032 57.700499, -122.469396 57.701093, -122.46955 57.702601, -122.46955 57.702653, -122.469538 57.702705, -122.469515 57.702755, -122.469482 57.702804, -122.468658 57.703815, -122.468613 57.703862, -122.468558 57.703906, -122.468494 57.703947, -122.468421 57.703983, -122.468341 57.704014, -122.468254 57.70404, -122.468163 57.70406, -122.468067 57.704074, -122.467969 57.704083, -122.46787 57.704085, -122.467772 57.70408, -122.467674 57.70407, -122.46758 57.704053, -122.46749 57.704031, -122.467406 57.704003, -122.465581 57.70332, -122.465504 57.703287, -122.465434 57.70325, -122.465374 57.703208, -122.465322 57.703163, -122.465281 57.703115, -122.465251 57.703064, -122.465232 57.703013, -122.465225 57.70296, -122.465229 57.702907, -122.465384 57.702107, -122.464295 57.701112, -122.464256 57.701073, -122.464225 57.701031, -122.464202 57.700988, -122.46395 57.700414, -122.462128 57.699943, -122.462048 57.699919, -122.461973 57.699891, -122.461905 57.699859, -122.461843 57.699822, -122.461789 57.699783, -122.460649 57.698832, -122.460069 57.698375, -122.456463 57.697991, -122.45559 57.698275, -122.455502 57.698299, -122.45541 57.698318, -122.455314 57.698332, -122.455215 57.698339, -122.45237 57.698449, -122.452265 57.69845, -122.452161 57.698443, -122.449804 57.698218, -122.449706 57.698206, -122.449611 57.698187, -122.449522 57.698162, -122.449439 57.698132, -122.449363 57.698097, -122.449296 57.698057, -122.449238 57.698013, -122.44919 57.697966, -122.449153 57.697916, -122.448762 57.697273, -122.447829 57.696937, -122.447105 57.696716, -122.446735 57.696672, -122.445374 57.697287, -122.445294 57.69732, -122.445207 57.697346, -122.445115 57.697367, -122.445019 57.697382, -122.44492 57.697391, -122.44482 57.697394, -122.44472 57.69739, -122.444622 57.697379, -122.444527 57.697363, -122.444436 57.697341, -122.44435 57.697313, -122.443256 57.696903, -122.422695 57.693858, -122.421615 57.694045, -122.421575 57.694052, -122.421517 57.694059, -122.418537 57.69437, -122.416654 57.694819, -122.414938 57.69552, -122.414866 57.695547, -122.414789 57.695569, -122.414707 57.695587, -122.413968 57.695726, -122.412438 57.697021, -122.412376 57.697066, -122.412305 57.697107, -122.412224 57.697143, -122.412136 57.697173, -122.412042 57.697197, -122.411942 57.697215, -122.41184 57.697226, -122.411735 57.69723, -122.410413 57.697233, -122.410307 57.69723, -122.410203 57.69722, -122.410102 57.697203, -122.410006 57.697179, -122.409917 57.697149, -122.409835 57.697113, -122.409762 57.697072, -122.4097 57.697026, -122.409649 57.696976, -122.40961 57.696924, -122.409584 57.696869, -122.40957 57.696813, -122.40957 57.696757, -122.409584 57.6967, -122.40961 57.696646, -122.409649 57.696593, -122.410427 57.695715, -122.410575 57.695287, -122.41024 57.694427, -122.408354 57.693906, -122.406753 57.694077, -122.405865 57.695212, -122.40547 57.696022, -122.406477 57.696597, -122.406738 57.69672, -122.406811 57.696759, -122.406874 57.696802, -122.406927 57.69685, -122.406968 57.6969, -122.406998 57.696952, -122.407016 57.697007, -122.407021 57.697062, -122.407013 57.697116, -122.406993 57.69717, -122.40639 57.698391, -122.40636 57.698441, -122.406318 57.698489, -122.406267 57.698533, -122.406205 57.698575, -122.406136 57.698612, -122.406058 57.698645, -122.405974 57.698672, -122.405885 57.698694, -122.405791 57.69871, -122.405695 57.698721, -122.405596 57.698725, -122.405498 57.698723, -122.402811 57.698584, -122.400595 57.70032, -122.400088 57.700809, -122.401254 57.701405, -122.401313 57.701439, -122.401378 57.701486, -122.402598 57.702505, -122.403819 57.702804, -122.405983 57.703213, -122.408389 57.703595, -122.408449 57.703606, -122.408533 57.703626, -122.409701 57.703947, -122.409787 57.703974, -122.409866 57.704006, -122.409938 57.704044, -122.41 57.704085, -122.410053 57.70413, -122.410096 57.704179, -122.410128 57.704229, -122.410148 57.704281, -122.410156 57.704335, -122.410194 57.705155, -122.410191 57.705208, -122.410176 57.705261, -122.410149 57.705313, -122.41011 57.705362, -122.409416 57.706125, -122.409367 57.706172, -122.409307 57.706215, -122.409238 57.706254, -122.409161 57.706289, -122.409077 57.706318, -122.408987 57.706342, -122.408892 57.70636, -122.408794 57.706372, -122.408694 57.706377, -122.408593 57.706376, -122.408494 57.706368, -122.408397 57.706354, -122.408303 57.706335, -122.408215 57.706309, -122.408133 57.706278, -122.408059 57.706241, -122.407037 57.705679, -122.405843 57.70601, -122.405755 57.706031, -122.405662 57.706047, -122.405567 57.706057, -122.404547 57.706126, -122.404171 57.707228, -122.404421 57.707459, -122.404466 57.707506, -122.404499 57.707556, -122.404522 57.707608, -122.404533 57.70766, -122.404598 57.708332, -122.404807 57.708873, -122.406762 57.708535, -122.406862 57.708521, -122.406964 57.708514, -122.407067 57.708514, -122.407169 57.70852, -122.407269 57.708533, -122.407365 57.708552, -122.407456 57.708578, -122.407541 57.708609, -122.407618 57.708646, -122.407685 57.708687, -122.407743 57.708733, -122.40779 57.708782, -122.407825 57.708834, -122.407849 57.708887, -122.408146 57.709831, -122.408186 57.709905, -122.408209 57.70996, -122.408218 57.710015, -122.408215 57.710071, -122.408199 57.710126, -122.408171 57.710179, -122.40813 57.71023, -122.408078 57.710278, -122.408015 57.710323, -122.407942 57.710362, -122.40786 57.710397, -122.407772 57.710426, -122.407677 57.710449, -122.407577 57.710465, -122.407475 57.710475, -122.406221 57.710552, -122.405898 57.710974, -122.405854 57.711022, -122.4058 57.711068, -122.405736 57.711109, -122.405663 57.711146, -122.405582 57.711179, -122.405495 57.711206, -122.405402 57.711227, -122.40481 57.711339, -122.404385 57.711734, -122.4042 57.712544, -122.404182 57.712595, -122.404155 57.712644, -122.404116 57.712691, -122.404068 57.712736, -122.404011 57.712777, -122.403945 57.712815, -122.403872 57.712848, -122.403792 57.712877, -122.403706 57.7129, -122.403616 57.712918, -122.401442 57.713281, -122.401357 57.713292, -122.401271 57.713299, -122.401184 57.713301, -122.401097 57.713298, -122.401011 57.71329, -122.399943 57.713165, -122.39985 57.713151, -122.399761 57.713131, -122.399677 57.713106, -122.399599 57.713077, -122.399527 57.713042, -122.399463 57.713004, -122.399408 57.712962, -122.399365 57.712924, -122.397392 57.712254, -122.397313 57.712224, -122.39724 57.712188, -122.397176 57.712149, -122.397121 57.712105, -122.397076 57.712059, -122.397041 57.71201, -122.397017 57.711959, -122.397005 57.711907, -122.397004 57.711855, -122.397014 57.711802, -122.397036 57.711751, -122.397069 57.711702, -122.397659 57.710952, -122.396892 57.710481, -122.396156 57.7103, -122.396063 57.710273, -122.395977 57.71024, -122.395899 57.710202, -122.395831 57.710158, -122.394412 57.709128, -122.392142 57.708617, -122.3906 57.708442, -122.390539 57.708493, -122.390478 57.708538, -122.390407 57.708579, -122.390326 57.708614, -122.390239 57.708644, -122.390145 57.708668, -122.390046 57.708686, -122.389944 57.708696, -122.38984 57.7087, -122.386398 57.708716, -122.386297 57.708713, -122.386198 57.708704, -122.386101 57.708688, -122.386009 57.708667, -122.385922 57.708639, -122.385842 57.708607, -122.38577 57.708569, -122.385707 57.708527, -122.384905 57.707926, -122.383827 57.707571, -122.380737 57.706729, -122.380652 57.706702, -122.380574 57.70667, -122.380502 57.706634, -122.38044 57.706593, -122.380387 57.706549, -122.380344 57.706501, -122.380311 57.706452, -122.38029 57.7064, -122.38028 57.706348, -122.380282 57.706295, -122.380096 57.705359, -122.379443 57.70491, -122.378247 57.704732, -122.37815 57.704714, -122.378058 57.70469, -122.377972 57.70466, -122.377893 57.704625, -122.377823 57.704585, -122.377106 57.70412, -122.377045 57.704075, -122.376995 57.704026, -122.376957 57.703974, -122.37693 57.703921, -122.376917 57.703866, -122.376916 57.70381, -122.376928 57.703755, -122.376953 57.703701, -122.37699 57.703649, -122.377039 57.7036, -122.377098 57.703555, -122.377168 57.703514, -122.377247 57.703477, -122.377333 57.703447, -122.377426 57.703422, -122.378125 57.703263, -122.377818 57.702733, -122.376966 57.702742, -122.376863 57.702739, -122.376762 57.70273, -122.376664 57.702714, -122.37657 57.702692, -122.376481 57.702664, -122.374948 57.702107, -122.374865 57.702073, -122.374791 57.702033, -122.374726 57.701989, -122.374673 57.701941, -122.374631 57.70189, -122.374601 57.701836, -122.374584 57.701781, -122.37458 57.701725, -122.374636 57.700606, -122.374572 57.700536, -122.372712 57.700192, -122.372625 57.700173, -122.372542 57.700149, -122.372465 57.70012, -122.372395 57.700087, -122.372332 57.700049, -122.371211 57.699306, -122.371156 57.699265, -122.371111 57.699222, -122.371075 57.699176, -122.371048 57.699129, -122.371031 57.69908, -122.371025 57.69903, -122.371017 57.698725, -122.371022 57.698673, -122.371037 57.698622, -122.371064 57.698572, -122.371101 57.698524, -122.371148 57.698479, -122.371204 57.698437, -122.371804 57.698041, -122.371809 57.696804, -122.371574 57.696797, -122.370497 57.696942, -122.370403 57.696951, -122.370308 57.696955, -122.370213 57.696953, -122.370119 57.696945, -122.370027 57.696932, -122.369939 57.696913, -122.369855 57.696889, -122.369776 57.69686, -122.367663 57.695979, -122.367639 57.695969, -122.366795 57.695589, -122.363083 57.695862, -122.352608 57.691212, -122.332352 57.68787, -122.324901 57.687558, -122.312302 57.682786, -122.302359 57.677798, -122.297295 57.675472, -122.295429 57.674616, -122.28631 57.671254, -122.278161 57.667318, -122.26883 57.660521, -122.264926 57.656247, -122.261359 57.651568, -122.260396 57.640846, -122.260079 57.640689, -122.259523 57.640482, -122.257851 57.640162, -122.257767 57.640143, -122.257687 57.64012, -122.257613 57.640092, -122.257544 57.640059, -122.257483 57.640023, -122.257429 57.639983, -122.254955 57.637929, -122.251571 57.63605, -122.251503 57.636007, -122.251445 57.635959, -122.251399 57.635909, -122.251365 57.635855, -122.249836 57.632825, -122.248932 57.632444, -122.248861 57.63241, -122.248798 57.632372, -122.248743 57.632331, -122.2458 57.629841, -122.24359 57.628988, -122.243511 57.628953, -122.24344 57.628914, -122.243379 57.62887, -122.243329 57.628823, -122.243289 57.628773, -122.243261 57.62872, -122.243246 57.628666, -122.243242 57.628612, -122.243412 57.62522, -122.242752 57.624467, -122.240503 57.622938, -122.236321 57.621989, -122.232378 57.624445, -122.232322 57.624477, -122.232268 57.624503, -122.228151 57.626273, -122.226579 57.627066, -122.225515 57.627864, -122.224666 57.628612, -122.224408 57.629544, -122.224387 57.629598, -122.224353 57.629651, -122.224307 57.629701, -122.22425 57.629747, -122.224183 57.629789, -122.224107 57.629827, -122.224022 57.629859, -122.223931 57.629885, -122.223835 57.629906, -122.223734 57.629919, -122.223631 57.629926, -122.223527 57.629926, -122.223424 57.629919, -122.223324 57.629906, -122.219917 57.629322, -122.216918 57.629174, -122.216898 57.629172, -122.216793 57.629162, -122.214632 57.628872, -122.214532 57.628855, -122.214436 57.628831, -122.214347 57.628801, -122.214266 57.628766, -122.214193 57.628725, -122.214131 57.628679, -122.21408 57.62863, -122.214041 57.628578, -122.214014 57.628523, -122.214 57.628467, -122.214 57.628411, -122.214012 57.628355, -122.214038 57.6283, -122.215222 57.626353, -122.2154 57.625163, -122.215314 57.624404, -122.204787 57.618083, -122.198816 57.616404, -122.199862 57.610457, -122.197386 57.607796, -122.190592 57.608474, -122.186197 57.609099, -122.180849 57.611207, -122.172884 57.611639, -122.166143 57.610972, -122.158047 57.612406, -122.153878 57.615559, -122.154121 57.619339, -122.154664 57.623329, -122.156869 57.626969, -122.14979 57.638348, -122.149756 57.638394, -122.149734 57.638418, -122.137761 57.650394, -122.136394 57.653473, -122.132053 57.654146, -122.123702 57.655799, -122.117443 57.658432, -122.115174 57.661518, -122.119164 57.66437, -122.125142 57.667672, -122.12903 57.670051, -122.128516 57.671207, -122.133126 57.679204, -122.134789 57.682061, -122.135577 57.683425, -122.141333 57.68427, -122.149929 57.684781, -122.150028 57.68479, -122.150124 57.684806, -122.150216 57.684827, -122.150302 57.684854, -122.150382 57.684887, -122.150454 57.684924, -122.15214 57.685912, -122.152202 57.685953, -122.152255 57.685998, -122.152298 57.686046, -122.152329 57.686097, -122.15235 57.686148, -122.152359 57.686201, -122.152465 57.688154, -122.152463 57.688203, -122.152451 57.688252, -122.152429 57.688299, -122.152397 57.688345, -122.152356 57.688389, -122.152307 57.68843, -122.152249 57.688468, -122.147589 57.691227, -122.14428 57.69455, -122.155685 57.698239, -122.156064 57.698244, -122.156153 57.698248, -122.156241 57.698256, -122.156326 57.69827, -122.156409 57.698288, -122.158134 57.698733, -122.162145 57.69521, -122.162256 57.694154, -122.162267 57.694102, -122.16229 57.69405, -122.162324 57.694001, -122.162369 57.693954, -122.162423 57.69391, -122.162487 57.693869, -122.166096 57.691855, -122.166163 57.691822, -122.166236 57.691792, -122.166315 57.691768, -122.166398 57.691747, -122.166485 57.691732, -122.166575 57.691722, -122.173395 57.691161, -122.173489 57.691156, -122.173583 57.691157, -122.173676 57.691164, -122.173767 57.691175, -122.178329 57.691916, -122.178421 57.691934, -122.178509 57.691958, -122.178591 57.691987, -122.178666 57.692021, -122.178733 57.692059, -122.178791 57.692102, -122.180225 57.693296, -122.182703 57.694949, -122.183964 57.694846, -122.184064 57.694841, -122.184164 57.694843, -122.184263 57.694851, -122.18436 57.694865, -122.184453 57.694885, -122.184541 57.694911, -122.184622 57.694943, -122.184696 57.69498, -122.186397 57.695929, -122.186428 57.695947, -122.187674 57.696723, -122.187733 57.696765, -122.187783 57.696811, -122.187823 57.696859, -122.187851 57.69691, -122.187868 57.696962, -122.187874 57.697014, -122.187868 57.697067, -122.187339 57.699447, -122.187605 57.700459, -122.188442 57.701458, -122.188478 57.70151, -122.188503 57.701564, -122.188514 57.70162, -122.188512 57.701676, -122.188498 57.701731, -122.188471 57.701785, -122.188431 57.701836, -122.186905 57.703522, -122.186854 57.703571, -122.186791 57.703616, -122.186719 57.703657, -122.186637 57.703692, -122.186548 57.703722, -122.186453 57.703745, -122.186353 57.703762, -122.186249 57.703772, -122.186144 57.703776, -122.18604 57.703772, -122.185937 57.703761, -122.180169 57.702952, -122.18008 57.702937, -122.18007 57.702935, -122.175914 57.702048, -122.173814 57.701798, -122.172319 57.701713, -122.16963 57.702252, -122.167874 57.702832, -122.163963 57.705621, -122.164321 57.709208, -122.164321 57.709261, -122.164309 57.709313, -122.164285 57.709364, -122.164251 57.709413, -122.164206 57.70946, -122.164151 57.709504, -122.164087 57.709543, -122.164015 57.709579, -122.163936 57.70961, -122.160113 57.710918, -122.160049 57.710938, -122.159981 57.710955, -122.159911 57.710969, -122.15235 57.71223, -122.147498 57.714019, -122.144949 57.713167, -122.135706 57.708265, -122.130412 57.703816, -122.125477 57.695499, -122.121379 57.693189, -122.11023 57.694424, -122.105062 57.695979, -122.098021 57.698836, -122.092438 57.704565, -122.092974 57.714284, -122.108228 57.723192, -122.113433 57.72657, -122.111159 57.727408, -122.108373 57.743332, -122.108363 57.743371, -122.108345 57.743413, -122.107558 57.744889, -122.107115 57.747744, -122.1071 57.7478, -122.107072 57.747854, -122.107031 57.747906, -122.106979 57.747954, -122.106916 57.747999, -122.106842 57.748039, -122.10676 57.748074, -122.106671 57.748104, -122.104551 57.748702, -122.104813 57.751369, -122.104813 57.751417, -122.104802 57.751467, -122.102355 57.759207, -122.103559 57.762876, -122.105139 57.765056, -122.108161 57.767322, -122.108212 57.767366, -122.108254 57.767413, -122.108286 57.767462, -122.109613 57.770014, -122.109632 57.770058, -122.109642 57.770102, -122.109643 57.770147, -122.109637 57.770192, -122.108172 57.776181, -122.108156 57.776228, -122.10813 57.776274, -122.108096 57.776318, -122.108053 57.776359, -122.096875 57.785967, -122.095986 57.789073, -122.095981 57.789086, -122.095959 57.789135, -122.095234 57.790413, -122.095207 57.790454, -122.095172 57.790494, -122.095129 57.790532, -122.09508 57.790567, -122.091921 57.792616, -122.091853 57.792656, -122.091777 57.79269, -122.091694 57.792719, -122.091605 57.792743, -122.091511 57.792762, -122.091414 57.792774, -122.091314 57.79278, -122.091215 57.792779, -122.091116 57.792773, -122.091019 57.79276, -122.090925 57.792741, -122.090837 57.792716, -122.090755 57.792686, -122.09068 57.792651, -122.090613 57.792612, -122.090555 57.792568, -122.089172 57.791379, -122.082627 57.788117, -122.067734 57.787178, -122.061152 57.789021, -122.061065 57.789042, -122.060974 57.789058, -122.06088 57.789068, -122.060785 57.789072, -122.060689 57.789071, -122.060595 57.789064, -122.060502 57.789051, -122.060413 57.789032, -122.05366 57.787401, -122.049799 57.791433, -122.058831 57.797228, -122.065322 57.798848, -122.066797 57.798045, -122.066867 57.798011, -122.066944 57.797981, -122.067027 57.797956, -122.067115 57.797937, -122.067206 57.797922, -122.0673 57.797913, -122.067395 57.79791, -122.069763 57.79791, -122.069867 57.797914, -122.069969 57.797924, -122.070068 57.797941, -122.070162 57.797964, -122.070251 57.797993, -122.070755 57.798184, -122.070835 57.798219, -122.070905 57.798258, -122.070967 57.798301, -122.071018 57.798348, -122.071058 57.798398, -122.071087 57.79845, -122.071104 57.798503, -122.071108 57.798557, -122.0711 57.798612, -122.07108 57.798665, -122.071048 57.798716, -122.071005 57.798765, -122.07095 57.798811, -122.070886 57.798853, -122.070813 57.798891, -122.068951 57.799736, -122.068013 57.800333, -122.067944 57.800372, -122.067867 57.800406, -122.067783 57.800435, -122.067693 57.800459, -122.067599 57.800476, -122.067501 57.800488, -122.067401 57.800493, -122.063523 57.800575, -122.058979 57.802354, -122.058993 57.805323, -122.058987 57.805377, -122.05897 57.805429, -122.058941 57.80548, -122.0589 57.805529, -122.05885 57.805575, -122.058789 57.805618, -122.058719 57.805656, -122.056171 57.806896, -122.056089 57.806931, -122.055999 57.80696, -122.055903 57.806983, -122.055803 57.807, -122.055699 57.80701, -122.055594 57.807013, -122.055489 57.807009, -122.055386 57.806998, -122.055286 57.80698, -122.055191 57.806955, -122.055103 57.806925, -122.055022 57.806889, -122.05495 57.806848, -122.054889 57.806802, -122.054839 57.806753, -122.054801 57.8067, -122.054775 57.806646, -122.054763 57.80659, -122.054763 57.806534, -122.055088 57.803962, -122.053452 57.803425, -122.053374 57.803396, -122.053303 57.803363, -122.053239 57.803325, -122.053183 57.803284, -122.053137 57.803239, -122.050725 57.800595, -122.050694 57.800555, -122.048882 57.797938, -122.041952 57.795958, -122.041867 57.79593, -122.041789 57.795897, -122.041719 57.795859, -122.041658 57.795817, -122.041606 57.795772, -122.041565 57.795723, -122.041535 57.795673, -122.041516 57.795621, -122.041509 57.795568, -122.041487 57.794518, -122.040193 57.787255, -122.04019 57.7872, -122.040199 57.787146, -122.04022 57.787093, -122.040253 57.787041, -122.040298 57.786992, -122.040353 57.786947, -122.040419 57.786905, -122.040493 57.786867, -122.042711 57.785885, -122.045965 57.78022, -122.045995 57.780177, -122.046034 57.780135, -122.04608 57.780096, -122.048727 57.778085, -122.048792 57.778042, -122.048866 57.778004, -122.048949 57.77797, -122.049038 57.777942, -122.049133 57.777921, -122.049233 57.777905, -122.049335 57.777897, -122.049439 57.777895, -122.049542 57.7779, -122.049643 57.777911, -122.049741 57.77793, -122.052086 57.778455, -122.057258 57.776487, -122.04849 57.776637, -122.045345 57.774112, -122.045823 57.771004, -122.045204 57.767958, -122.042805 57.764978, -122.038444 57.762574, -122.031468 57.759754, -122.026076 57.757526, -122.020262 57.754874, -122.016154 57.752515, -122.011149 57.750231, -122.004519 57.749142, -121.99707 57.7487, -121.989564 57.748151, -121.979476 57.74757, -121.969533 57.747466, -121.962188 57.747723, -121.952329 57.749139, -121.945057 57.750531, -121.935073 57.752111, -121.92841 57.751961, -121.921981 57.751308, -121.913839 57.750809, -121.906304 57.750913, -121.898882 57.751806, -121.894167 57.752718, -121.88744 57.754286, -121.880799 57.754178, -121.876249 57.752082, -121.873506 57.749099, -121.869867 57.744979, -121.865929 57.742461, -121.863577 57.740896, -121.858355 57.739813, -121.849827 57.739862, -121.848847 57.741366, -121.84881 57.741414, -121.848763 57.741459, -121.848706 57.741501, -121.848641 57.741539, -121.848568 57.741573, -121.848489 57.741602, -121.848403 57.741626, -121.848313 57.741645, -121.802117 57.74966, -121.80202 57.749673, -121.80192 57.74968, -121.80182 57.749681, -121.80172 57.749676, -121.801623 57.749664, -121.801528 57.749646, -121.774583 57.743532, -121.745081 57.76235, -121.746636 57.763467, -121.755755 57.769085, -121.755817 57.769128, -121.755868 57.769175, -121.755909 57.769224, -121.755938 57.769276, -121.755955 57.769329, -121.75596 57.769383, -121.755953 57.769437, -121.755934 57.76949, -121.755903 57.769541, -121.75586 57.769591, -121.755807 57.769637, -121.755744 57.769679, -121.753513 57.770999, -121.745602 57.77781, -121.745543 57.777854, -121.745476 57.777894, -121.7454 57.777929, -121.745316 57.777959, -121.745227 57.777983, -121.745133 57.778002, -121.745035 57.778014, -121.744935 57.77802, -121.744835 57.77802, -121.744735 57.778014, -121.744637 57.778001, -121.744543 57.777982, -121.744454 57.777957, -121.744371 57.777926, -121.744296 57.777891, -121.744229 57.777851, -121.744171 57.777807, -121.744124 57.77776, -121.743202 57.776691, -121.74141 57.77607, -121.737939 57.777044, -121.737343 57.777325, -121.73726 57.777359, -121.73717 57.777388, -121.737073 57.777411, -121.736972 57.777426, -121.736868 57.777435, -121.736763 57.777437, -121.736658 57.777432, -121.736555 57.77742, -121.736456 57.777401, -121.736362 57.777376, -121.734202 57.776704, -121.731674 57.777589, -121.731729 57.778628, -121.731726 57.778683, -121.731709 57.778738, -121.731681 57.778792, -121.73164 57.778843, -121.731587 57.778891, -121.731524 57.778935, -121.731451 57.778974, -121.731369 57.779009, -121.73128 57.779038, -121.731186 57.77906, -121.731086 57.779077, -121.730984 57.779086, -121.73088 57.779089, -121.730776 57.779085, -121.730674 57.779074, -121.730575 57.779057, -121.730481 57.779033, -121.730393 57.779003, -121.730313 57.778968, -121.726614 57.777111, -121.720683 57.77594, -121.718189 57.776092, -121.718093 57.776095, -121.712096 57.77608, -121.699604 57.777179, -121.690078 57.779954, -121.689982 57.779978, -121.689882 57.779995, -121.689778 57.780005, -121.689672 57.780009, -121.686674 57.779998, -121.681391 57.78068, -121.677429 57.78205, -121.677378 57.782066, -121.677346 57.782075, -121.673509 57.783093, -121.673416 57.783114, -121.67332 57.783129, -121.67322 57.783138, -121.67312 57.78314, -121.67302 57.783136, -121.672921 57.783126, -121.672825 57.783109, -121.672734 57.783087, -121.669167 57.78206, -121.667353 57.781983, -121.66725 57.781975, -121.667149 57.781961, -121.667053 57.78194, -121.666962 57.781913, -121.666878 57.781879, -121.666803 57.781841, -121.66071 57.778339, -121.654364 57.77816, -121.633921 57.779688, -121.633816 57.779692, -121.633712 57.779689, -121.633609 57.77968, -121.633508 57.779663, -121.633413 57.77964, -121.633323 57.779611, -121.633241 57.779577, -121.633168 57.779537, -121.633105 57.779492, -121.633052 57.779444, -121.633011 57.779393, -121.631172 57.776612, -121.631145 57.776562, -121.631129 57.776511, -121.631125 57.77646, -121.631131 57.776408, -121.631148 57.776357, -121.631394 57.775814, -121.628749 57.771939, -121.628721 57.771889, -121.628704 57.771838, -121.628699 57.771786, -121.628704 57.771734, -121.628721 57.771682, -121.628749 57.771632, -121.628788 57.771584, -121.628837 57.771539, -121.634254 57.767145, -121.634312 57.767103, -121.63438 57.767065, -121.634455 57.767031, -121.634537 57.767002, -121.634625 57.766979, -121.634718 57.766961, -121.646927 57.765033, -121.651824 57.761706, -121.652974 57.760797, -121.653036 57.760753, -121.653108 57.760715, -121.653187 57.760681, -121.653274 57.760652, -121.653367 57.760629, -121.653464 57.760613, -121.653564 57.760603, -121.653666 57.760599, -121.653767 57.760602, -121.675019 57.761903, -121.67512 57.761913, -121.675217 57.761929, -121.675311 57.761951, -121.675398 57.76198, -121.675478 57.762013, -121.685399 57.766728, -121.694362 57.762428, -121.693515 57.75583, -121.685088 57.755476, -121.675332 57.752352, -121.673713 57.748683, -121.677617 57.746172, -121.683998 57.743462, -121.690115 57.740383, -121.694573 57.736406, -121.698461 57.730746, -121.699189 57.724937, -121.697624 57.720445, -121.696364 57.716178, -121.697147 57.711906, -121.699519 57.707996, -121.70117 57.7048, -121.701211 57.702127, -121.700897 57.696907, -121.702137 57.691894, -121.703284 57.686631, -121.704648 57.681429, -121.705682 57.675988, -121.705991 57.669327, -121.705363 57.66486, -121.70368 57.659347, -121.701577 57.654299, -121.699815 57.648617, -121.698081 57.643995, -121.693614 57.638656, -121.689215 57.636904, -121.688491 57.636615, -121.683831 57.63623, -121.676115 57.637003, -121.671675 57.638165, -121.662062 57.641437, -121.651254 57.645963, -121.642212 57.649817, -121.63463 57.652973, -121.628079 57.655427, -121.619601 57.658821, -121.61331 57.661385, -121.601581 57.667077, -121.596309 57.670569, -121.590784 57.6757, -121.586448 57.681314, -121.581854 57.688368, -121.579324 57.692299, -121.576015 57.697438, -121.572354 57.701709, -121.565215 57.703342, -121.556723 57.704252, -121.549352 57.703558, -121.546638 57.697379, -121.544797 57.692678, -121.542 57.686495, -121.540135 57.683483, -121.536574 57.679255, -121.533347 57.676618, -121.527626 57.674657, -121.525787 57.674509, -121.521062 57.676423, -121.52072 57.679798, -121.525142 57.684425, -121.527549 57.687673, -121.529175 57.693856, -121.529304 57.700039, -121.529126 57.705412, -121.527427 57.713377, -121.522978 57.71682, -121.52154 57.717321, -121.514796 57.719986, -121.507114 57.723242, -121.500805 57.725979, -121.492798 57.729971, -121.486631 57.73336, -121.481554 57.736623, -121.476449 57.741002, -121.473283 57.744729, -121.47171 57.748854, -121.470796 57.753059, -121.468385 57.758298, -121.467406 57.761418, -121.466934 57.765582, -121.466485 57.769825, -121.466222 57.770724, -121.465563 57.772973, -121.463735 57.775913, -121.461646 57.777472, -121.460048 57.776357, -121.460006 57.776325, -121.459987 57.776308, -121.458911 57.775309, -121.458867 57.775262, -121.458834 57.775212, -121.458811 57.775161, -121.458801 57.775108, -121.458801 57.775055, -121.458814 57.775003, -121.458838 57.774952, -121.458872 57.774903, -121.458896 57.774875, -121.458496 57.773937, -121.457172 57.773043, -121.455847 57.773006, -121.453977 57.773874, -121.453186 57.77462, -121.45313 57.774666, -121.453064 57.774708, -121.452989 57.774745, -121.452906 57.774777, -121.452816 57.774804, -121.452721 57.774824, -121.452621 57.774838, -121.45252 57.774846, -121.452417 57.774847, -121.452315 57.774841, -121.44979 57.774616, -121.449693 57.774604, -121.4496 57.774587, -121.449512 57.774563, -121.449429 57.774535, -121.449353 57.774501, -121.449285 57.774463, -121.449226 57.77442, -121.449176 57.774375, -121.449137 57.774326, -121.449109 57.774276, -121.449092 57.774224, -121.449087 57.774171, -121.449094 57.774118, -121.449112 57.774067, -121.449203 57.773868, -121.449228 57.773824, -121.449261 57.773782, -121.449302 57.773742, -121.450505 57.772689, -121.450169 57.772456, -121.450142 57.772435, -121.446571 57.769646, -121.444358 57.770067, -121.442409 57.771381, -121.442345 57.77142, -121.442273 57.771454, -121.442193 57.771484, -121.442108 57.771509, -121.439591 57.772142, -121.439508 57.77216, -121.439422 57.772173, -121.439334 57.772181, -121.439245 57.772185, -121.434934 57.772219, -121.43431 57.772719, -121.433809 57.773442, -121.435667 57.774666, -121.435726 57.77471, -121.435775 57.774758, -121.435812 57.774809, -121.435838 57.774862, -121.435852 57.774916, -121.435853 57.77497, -121.435842 57.775025, -121.435818 57.775078, -121.435783 57.775129, -121.435736 57.775177, -121.435678 57.775222, -121.435611 57.775264, -121.435535 57.7753, -121.435451 57.775331, -121.43536 57.775357, -121.433389 57.775833, -121.432736 57.77715, -121.432444 57.777966, -121.432418 57.778019, -121.432381 57.77807, -121.432333 57.778118, -121.432273 57.778163, -121.432204 57.778203, -121.432127 57.778239, -121.432041 57.778269, -121.43195 57.778294, -121.431853 57.778312, -121.412168 57.781375, -121.410842 57.782447, -121.410624 57.783551, -121.410617 57.787138, -121.410888 57.787303, -121.412566 57.788127, -121.414017 57.788629, -121.414098 57.788661, -121.414172 57.788698, -121.414237 57.788739, -121.414292 57.788785, -121.414336 57.788833, -121.414369 57.788884, -121.414773 57.789651, -121.414795 57.789703, -121.414804 57.789756, -121.414802 57.78981, -121.414787 57.789862, -121.414314 57.791087, -121.414288 57.79114, -121.414249 57.791191, -121.414199 57.791239, -121.414138 57.791283, -121.414067 57.791323, -121.413988 57.791358, -121.413901 57.791388, -121.413809 57.791412, -121.413711 57.791429, -121.41361 57.79144, -121.413508 57.791445, -121.408289 57.791502, -121.408191 57.7915, -121.408093 57.791492, -121.407998 57.791478, -121.407907 57.791458, -121.407821 57.791432, -121.407741 57.791402, -121.407668 57.791366, -121.407604 57.791327, -121.407549 57.791283, -121.407503 57.791236, -121.407469 57.791187, -121.407445 57.791136, -121.407008 57.789886, -121.401988 57.788196, -121.400822 57.78907, -121.400302 57.790014, -121.400872 57.790418, -121.400931 57.790465, -121.400977 57.790516, -121.401012 57.79057, -121.401033 57.790625, -121.401041 57.790682, -121.401036 57.790738, -121.401017 57.790794, -121.400986 57.790848, -121.400941 57.7909, -121.400885 57.790948, -121.400818 57.790992, -121.400206 57.791345, -121.399988 57.7915, -121.400847 57.792468, -121.402311 57.793203, -121.402378 57.793241, -121.402436 57.793282, -121.402485 57.793327, -121.402523 57.793375, -121.402552 57.793425, -121.402569 57.793476, -121.402575 57.793527, -121.40257 57.793579, -121.402135 57.795662, -121.402125 57.795697, -121.402102 57.795746, -121.40118 57.79732, -121.403323 57.797411, -121.405449 57.796965, -121.405615 57.796349, -121.405634 57.796301, -121.405662 57.796253, -121.405701 57.796208, -121.405748 57.796165, -121.405804 57.796125, -121.405868 57.796089, -121.407267 57.795378, -121.40734 57.795345, -121.40742 57.795317, -121.407505 57.795293, -121.407595 57.795275, -121.407688 57.795263, -121.407783 57.795257, -121.407879 57.795256, -121.407975 57.795261, -121.408069 57.795272, -121.408159 57.795288, -121.409358 57.795549, -121.409819 57.795615, -121.410438 57.794976, -121.410492 57.794928, -121.410556 57.794884, -121.41063 57.794844, -121.410713 57.79481, -121.410803 57.794782, -121.410899 57.79476, -121.410999 57.794744, -121.411102 57.794735, -121.411207 57.794733, -121.411311 57.794738, -121.411413 57.794749, -121.411512 57.794768, -121.411606 57.794792, -121.411693 57.794823, -121.414569 57.795979, -121.414642 57.796012, -121.414708 57.796049, -121.414765 57.79609, -121.414813 57.796134, -121.414851 57.796181, -121.41488 57.79623, -121.414903 57.796279, -121.414921 57.796335, -121.414927 57.796392, -121.414919 57.796448, -121.414898 57.796504, -121.414864 57.796557, -121.414817 57.796608, -121.414759 57.796656, -121.41469 57.796699, -121.414612 57.796737, -121.414525 57.796769, -121.414431 57.796796, -121.414331 57.796816, -121.414228 57.796829, -121.414122 57.796835, -121.414016 57.796834, -121.413911 57.796825, -121.413809 57.79681, -121.412145 57.796502, -121.409418 57.797054, -121.409405 57.797056, -121.408482 57.797234, -121.408422 57.798585, -121.408785 57.799235, -121.410386 57.800137, -121.410453 57.80018, -121.410509 57.800226, -121.410554 57.800276, -121.410587 57.800328, -121.410608 57.800382, -121.410616 57.800436, -121.410612 57.800491, -121.410595 57.800546, -121.410566 57.800599, -121.410525 57.800649, -121.410472 57.800697, -121.410409 57.80074, -121.410337 57.800779, -121.410256 57.800814, -121.410167 57.800842, -121.410073 57.800865, -121.409975 57.800881, -121.409873 57.800891, -121.40977 57.800894, -121.406951 57.800879, -121.40686 57.800876, -121.40677 57.800867, -121.406682 57.800854, -121.406597 57.800835, -121.406517 57.800812, -121.405605 57.800512, -121.403836 57.80061, -121.398599 57.799737, -121.392651 57.797903, -121.386123 57.796005, -121.378917 57.794139, -121.372459 57.793428, -121.365917 57.793559, -121.358301 57.794839, -121.352604 57.79689, -121.34892 57.798054, -121.346023 57.800372, -121.345496 57.803321, -121.34559 57.805297, -121.345183 57.807309, -121.344904 57.809329, -121.345397 57.812123, -121.345634 57.813817, -121.344684 57.815487, -121.340603 57.817194, -121.338062 57.817489, -121.333435 57.822637, -121.325567 57.823001, -121.319814 57.820876, -121.320369 57.816408, -121.320664 57.815848, -121.318546 57.815337, -121.314677 57.813201, -121.313791 57.810332, -121.314789 57.80737, -121.316654 57.804448, -121.318912 57.80118, -121.3205 57.798579, -121.321207 57.796647, -121.320916 57.794313, -121.318944 57.791449, -121.316669 57.789541, -121.313952 57.787102, -121.313593 57.783976, -121.312978 57.780976, -121.309823 57.779734, -121.305435 57.779332, -121.301593 57.778698, -121.300183 57.777127, -121.301713 57.775479, -121.304658 57.774138, -121.307804 57.771999, -121.308531 57.769269, -121.308201 57.76727, -121.30833 57.764344, -121.30972 57.761419, -121.313199 57.758975, -121.316152 57.757758, -121.319117 57.755702, -121.321919 57.753558, -121.323466 57.751787, -121.323544 57.749815, -121.322003 57.747169, -121.319173 57.744706, -121.31686 57.742966, -121.313333 57.740991, -121.308966 57.740792, -121.305762 57.741194, -121.300817 57.741377, -121.295868 57.741682, -121.290995 57.74212, -121.286228 57.743077, -121.28128 57.745292, -121.278549 57.746764, -121.272383 57.749256, -121.26532 57.750775, -121.259717 57.751224, -121.256031 57.751369, -121.250585 57.751443, -121.211832 57.737126, -121.211812 57.737179, -121.211781 57.737232, -121.211738 57.737281, -121.211683 57.737328, -121.211619 57.737371, -121.205325 57.741048, -121.20525 57.741087, -121.205167 57.74112, -121.205076 57.741148, -121.20498 57.741169, -121.20488 57.741184, -121.204777 57.741192, -121.204673 57.741194, -121.204569 57.741188, -121.204467 57.741176, -121.20437 57.741157, -121.204277 57.741132, -121.202354 57.740525, -121.202279 57.740498, -121.202209 57.740467, -121.202146 57.740432, -121.20209 57.740394, -121.201227 57.739726, -121.199552 57.738841, -121.198911 57.73887, -121.195505 57.74023, -121.195972 57.741647, -121.197954 57.742715, -121.198021 57.742756, -121.198078 57.7428, -121.198125 57.742848, -121.198161 57.742899, -121.198185 57.742952, -121.198196 57.743006, -121.198196 57.74306, -121.198183 57.743114, -121.198158 57.743166, -121.198122 57.743217, -121.198074 57.743265, -121.198016 57.743309, -121.197948 57.74335, -121.197872 57.743385, -121.197788 57.743416, -121.197697 57.743441, -121.197602 57.74346, -121.194561 57.743954, -121.193977 57.744842, -121.19394 57.74489, -121.193893 57.744935, -121.193837 57.744976, -121.193772 57.745014, -121.192055 57.745911, -121.191975 57.745948, -121.191887 57.745979, -121.191792 57.746004, -121.191693 57.746022, -121.191589 57.746034, -121.191484 57.746039, -121.191378 57.746036, -121.190036 57.74596, -121.189936 57.745951, -121.189839 57.745936, -121.189746 57.745914, -121.189658 57.745887, -121.189577 57.745854, -121.189505 57.745817, -121.189441 57.745775, -121.189387 57.745729, -121.189344 57.74568, -121.189312 57.745629, -121.189292 57.745576, -121.189284 57.745522, -121.189289 57.745468, -121.189305 57.745414, -121.190062 57.743638, -121.189121 57.742912, -121.189069 57.742866, -121.189028 57.742818, -121.188997 57.742767, -121.188978 57.742715, -121.188971 57.742662, -121.188962 57.742201, -121.185952 57.741332, -121.184178 57.741712, -121.184089 57.741728, -121.183997 57.741738, -121.183903 57.741743, -121.182577 57.741772, -121.180361 57.741955, -121.178224 57.743434, -121.178157 57.743475, -121.178082 57.743511, -121.177998 57.743543, -121.177908 57.743568, -121.175634 57.744123, -121.175874 57.746157, -121.177408 57.747445, -121.177458 57.747494, -121.177496 57.747546, -121.177522 57.7476, -121.17792 57.748712, -121.177933 57.748768, -121.177932 57.748824, -121.177919 57.74888, -121.177892 57.748935, -121.177852 57.748987, -121.177801 57.749037, -121.177738 57.749082, -121.177665 57.749123, -121.177583 57.749159, -121.177493 57.749189, -121.177397 57.749213, -121.177296 57.74923, -121.177192 57.74924, -121.177086 57.749243, -121.176981 57.749239, -121.176877 57.749228, -121.176776 57.74921, -121.176681 57.749185, -121.173875 57.748332, -121.172301 57.748255, -121.170842 57.748239, -121.170853 57.749139, -121.171457 57.749887, -121.171491 57.749939, -121.171514 57.749992, -121.171525 57.750046, -121.171523 57.750101, -121.171508 57.750155, -121.171482 57.750207, -121.170909 57.751109, -121.170883 57.751144, -121.170662 57.751415, -121.170614 57.751465, -121.170554 57.751512, -121.170484 57.751554, -121.170405 57.751591, -121.170317 57.751623, -121.170223 57.751648, -121.170123 57.751667, -121.17002 57.751679, -121.169915 57.751684, -121.167788 57.751716, -121.166482 57.752675, -121.166473 57.752681, -121.165825 57.753139, -121.166478 57.753974, -121.166512 57.754026, -121.166534 57.75408, -121.166543 57.754135, -121.166539 57.75419, -121.166523 57.754245, -121.166494 57.754298, -121.165724 57.755442, -121.165206 57.756223, -121.165168 57.756271, -121.165119 57.756317, -121.16506 57.75636, -121.164992 57.756398, -121.164916 57.756432, -121.164834 57.756461, -121.164745 57.756485, -121.164652 57.756503, -121.16308 57.756751, -121.162996 57.756762, -121.162911 57.756768, -121.162825 57.756769, -121.162739 57.756766, -121.162654 57.756758, -121.162468 57.756735, -121.160096 57.757026, -121.159131 57.758126, -121.159091 57.758166, -121.159044 57.758203, -121.15899 57.758238, -121.15893 57.75827, -121.158335 57.758552, -121.158256 57.758585, -121.15817 57.758613, -121.158079 57.758635, -121.157984 57.758651, -121.157886 57.758662, -121.157786 57.758665, -121.157467 57.758667, -121.156151 57.759215, -121.157203 57.760562, -121.157418 57.76081, -121.157452 57.760855, -121.158038 57.761789, -121.160007 57.762215, -121.160098 57.762238, -121.160184 57.762267, -121.160262 57.762301, -121.160332 57.76234, -121.160393 57.762384, -121.160443 57.76243, -121.160483 57.76248, -121.160833 57.763006, -121.163225 57.763703, -121.16331 57.763731, -121.163389 57.763766, -121.163459 57.763804, -121.16352 57.763848, -121.16357 57.763894, -121.16361 57.763944, -121.163639 57.763996, -121.163655 57.764049, -121.16366 57.764103, -121.163652 57.764156, -121.163632 57.764209, -121.163601 57.764261, -121.163558 57.764309, -121.163504 57.764355, -121.163441 57.764397, -121.161294 57.765655, -121.161256 57.766456, -121.161248 57.766509, -121.161229 57.76656, -121.161198 57.76661, -121.161156 57.766658, -121.161105 57.766702, -121.161044 57.766743, -121.160974 57.76678, -121.160897 57.766813, -121.160813 57.76684, -121.158638 57.767455, -121.158786 57.768075, -121.158791 57.768104, -121.158814 57.768307, -121.158814 57.768359, -121.158803 57.768411, -121.15878 57.768461, -121.158747 57.76851, -121.158704 57.768557, -121.158651 57.7686, -121.158588 57.76864, -121.158518 57.768676, -121.157582 57.769098, -121.157082 57.769831, -121.157685 57.770621, -121.157701 57.770643, -121.157976 57.771067, -121.158003 57.77112, -121.158019 57.771175, -121.158021 57.771231, -121.158011 57.771286, -121.157988 57.77134, -121.157952 57.771392, -121.157905 57.771442, -121.157847 57.771487, -121.157778 57.771529, -121.157701 57.771566, -121.156356 57.77213, -121.156554 57.773369, -121.156556 57.773423, -121.156547 57.773477, -121.156525 57.77353, -121.156491 57.773581, -121.155924 57.7743, -121.15587 57.77499, -121.155868 57.775002, -121.155866 57.775015, -121.155805 57.775343, -121.155794 57.775386, -121.155786 57.775405, -121.155229 57.776626, -121.155198 57.776678, -121.155156 57.776728, -121.155103 57.776775, -121.15504 57.776818, -121.154967 57.776856, -121.154886 57.77689, -121.154798 57.776918, -121.154704 57.77694, -121.154606 57.776956, -121.154505 57.776965, -121.154402 57.776968, -121.1543 57.776964, -121.154199 57.776954, -121.154102 57.776937, -121.154009 57.776914, -121.153922 57.776885, -121.153842 57.77685, -121.153771 57.776811, -121.15371 57.776767, -121.153658 57.77672, -121.153618 57.776669, -121.15359 57.776617, -121.153574 57.776563, -121.15357 57.776508, -121.153585 57.776206, -121.152379 57.775374, -121.150582 57.775063, -121.149802 57.776354, -121.149761 57.776408, -121.149734 57.776436, -121.148828 57.777287, -121.149304 57.778038, -121.150781 57.779193, -121.15082 57.779227, -121.150853 57.779262, -121.15088 57.779299, -121.151491 57.780237, -121.151515 57.780283, -121.151531 57.78033, -121.151537 57.780378, -121.151533 57.780425, -121.15152 57.780473, -121.151498 57.780519, -121.151063 57.781255, -121.151032 57.7813, -121.150991 57.781343, -121.150943 57.781383, -121.150886 57.78142, -121.150724 57.781516, -121.149564 57.783613, -121.14909 57.785111, -121.149908 57.786329, -121.149938 57.786382, -121.149954 57.786437, -121.149957 57.786493, -121.149948 57.786549, -121.149925 57.786603, -121.14989 57.786656, -121.149843 57.786706, -121.149785 57.786752, -121.149716 57.786794, -121.149638 57.786832, -121.149552 57.786864, -121.14946 57.786889, -121.149362 57.786909, -121.147904 57.787146, -121.147812 57.787158, -121.147718 57.787164, -121.147623 57.787165, -121.147528 57.78716, -121.147436 57.787149, -121.147346 57.787133, -121.14726 57.787111, -121.147179 57.787085, -121.14416 57.785964, -121.140268 57.787024, -121.140172 57.787046, -121.140073 57.787062, -121.13997 57.787071, -121.139866 57.787073, -121.139762 57.787069, -121.13966 57.787057, -121.139562 57.787039, -121.139468 57.787015, -121.139381 57.786984, -121.139302 57.786948, -121.139231 57.786907, -121.139171 57.786862, -121.139121 57.786813, -121.139084 57.786762, -121.139058 57.786708, -121.139045 57.786653, -121.139045 57.786597, -121.139091 57.786203, -121.139097 57.786172, -121.139204 57.785749, -121.139217 57.78571, -121.139236 57.785673, -121.139261 57.785636, -121.140093 57.784572, -121.140138 57.784522, -121.140194 57.784476, -121.140261 57.784434, -121.14127 57.783871, -121.141633 57.782667, -121.141656 57.782612, -121.141692 57.782559, -121.14174 57.782509, -121.1418 57.782462, -121.141869 57.78242, -121.141948 57.782383, -121.142036 57.782352, -121.14213 57.782326, -121.142229 57.782307, -121.142332 57.782295, -121.143122 57.782228, -121.143517 57.781708, -121.142498 57.781135, -121.140296 57.780438, -121.139019 57.780385, -121.138918 57.780377, -121.13882 57.780364, -121.138725 57.780343, -121.138636 57.780317, -121.138553 57.780286, -121.135517 57.77897, -121.135451 57.778938, -121.135392 57.778903, -121.13534 57.778865, -121.135296 57.778824, -121.135261 57.778781, -121.133979 57.776976, -121.133949 57.776925, -121.133931 57.776872, -121.133925 57.776819, -121.13393 57.776766, -121.134092 57.776022, -121.133897 57.77537, -121.133888 57.775326, -121.133887 57.775283, -121.133894 57.77524, -121.134107 57.774389, -121.134127 57.774337, -121.134157 57.774286, -121.134199 57.774238, -121.13425 57.774192, -121.134312 57.774151, -121.134382 57.774113, -121.134461 57.77408, -121.134546 57.774053, -121.134636 57.77403, -121.134731 57.774014, -121.134829 57.774004, -121.134928 57.774, -121.135028 57.774002, -121.13598 57.774055, -121.138073 57.773346, -121.138923 57.772457, -121.138078 57.772133, -121.137997 57.772097, -121.137925 57.772057, -121.137863 57.772011, -121.137813 57.771962, -121.137774 57.77191, -121.137747 57.771856, -121.137734 57.771801, -121.137733 57.771745, -121.137746 57.771689, -121.137771 57.771635, -121.137809 57.771582, -121.137859 57.771533, -121.13792 57.771488, -121.137991 57.771446, -121.138072 57.77141, -121.13816 57.77138, -121.138254 57.771355, -121.138354 57.771337, -121.138457 57.771326, -121.138834 57.771298, -121.138869 57.771201, -121.13793 57.770781, -121.135355 57.771304, -121.135257 57.771321, -121.135156 57.771331, -121.135053 57.771334, -121.13495 57.77133, -121.134849 57.77132, -121.134751 57.771303, -121.131832 57.770698, -121.129611 57.770656, -121.12861 57.77145, -121.129803 57.77177, -121.12989 57.771797, -121.12997 57.771829, -121.130042 57.771866, -121.130106 57.771908, -121.13016 57.771953, -121.130203 57.772001, -121.130236 57.772051, -121.130257 57.772104, -121.130266 57.772157, -121.130263 57.77221, -121.130248 57.772263, -121.130222 57.772314, -121.130184 57.772364, -121.130136 57.772411, -121.130077 57.772454, -121.13001 57.772493, -121.128066 57.773496, -121.128014 57.774044, -121.128004 57.774094, -121.127984 57.774142, -121.127954 57.77419, -121.127914 57.774235, -121.126873 57.775257, -121.126405 57.775919, -121.126365 57.775967, -121.126314 57.776012, -121.126254 57.776054, -121.126186 57.776092, -121.126109 57.776125, -121.126026 57.776153, -121.125937 57.776176, -121.125273 57.776321, -121.125182 57.776337, -121.125088 57.776348, -121.124993 57.776354, -121.123444 57.776392, -121.123338 57.776391, -121.123233 57.776383, -121.123131 57.776368, -121.123033 57.776346, -121.122209 57.776128, -121.12212 57.776101, -121.122038 57.776069, -121.121964 57.776031, -121.121899 57.775989, -121.121845 57.775943, -121.121801 57.775893, -121.121769 57.775842, -121.121749 57.775788, -121.121741 57.775734, -121.12171 57.77478, -121.121713 57.774733, -121.121726 57.774686, -121.121748 57.77464, -121.122175 57.773905, -121.120485 57.77328, -121.118177 57.773779, -121.118189 57.774123, -121.118187 57.774163, -121.118185 57.774176, -121.117872 57.775855, -121.117856 57.775908, -121.117828 57.775959, -121.117789 57.776009, -121.117739 57.776055, -121.117679 57.776098, -121.11761 57.776137, -121.117533 57.776172, -121.117448 57.776201, -121.117358 57.776224, -121.117263 57.776242, -121.117165 57.776253, -121.117064 57.776258, -121.113799 57.77632, -121.113695 57.776318, -121.113592 57.77631, -121.113492 57.776295, -121.113396 57.776273, -121.113306 57.776246, -121.113223 57.776212, -121.111858 57.77559, -121.110671 57.775939, -121.110221 57.77615, -121.110139 57.776185, -121.110049 57.776213, -121.109953 57.776235, -121.109852 57.776251, -121.109749 57.77626, -121.109644 57.776262, -121.10954 57.776258, -121.109438 57.776246, -121.109339 57.776228, -121.109245 57.776203, -121.109158 57.776172, -121.109078 57.776136, -121.109008 57.776094, -121.108948 57.776049, -121.108899 57.775999, -121.108862 57.775947, -121.108837 57.775893, -121.108825 57.775837, -121.108826 57.775781, -121.108941 57.774983, -121.108951 57.774938, -121.10897 57.774894, -121.108997 57.774852, -121.109362 57.77436, -121.108606 57.773226, -121.107101 57.772306, -121.107083 57.772295, -121.107043 57.772266, -121.105517 57.771087, -121.105463 57.77104, -121.105421 57.770989, -121.105391 57.770937, -121.105373 57.770882, -121.105368 57.770827, -121.105375 57.770772, -121.105395 57.770718, -121.105428 57.770666, -121.105472 57.770616, -121.105527 57.770569, -121.105593 57.770527, -121.105668 57.770489, -121.105751 57.770456, -121.105841 57.770429, -121.105937 57.770408, -121.106036 57.770393, -121.107333 57.770248, -121.107435 57.77024, -121.107538 57.770239, -121.107641 57.770244, -121.107741 57.770256, -121.107838 57.770275, -121.10793 57.7703, -121.108383 57.770441, -121.109095 57.770007, -121.109348 57.769595, -121.107722 57.769049, -121.107639 57.769017, -121.107564 57.76898, -121.107498 57.768939, -121.107442 57.768894, -121.107397 57.768846, -121.107362 57.768795, -121.10734 57.768742, -121.107329 57.768688, -121.107331 57.768634, -121.107345 57.76858, -121.107372 57.768528, -121.107524 57.768283, -121.107563 57.768232, -121.107613 57.768184, -121.107674 57.768139, -121.107745 57.768099, -121.10892 57.767507, -121.1104 57.766552, -121.110509 57.76593, -121.110465 57.765341, -121.110466 57.765295, -121.110476 57.765248, -121.110496 57.765202, -121.110524 57.765158, -121.11056 57.765116, -121.111755 57.763898, -121.112492 57.762257, -121.112662 57.761614, -121.112683 57.761561, -121.112715 57.761509, -121.112759 57.76146, -121.112815 57.761414, -121.11288 57.761372, -121.112777 57.760472, -121.110465 57.759481, -121.108079 57.759779, -121.107987 57.759788, -121.107926 57.75979, -121.107003 57.759813, -121.106903 57.759812, -121.106803 57.759805, -121.106706 57.759792, -121.106612 57.759772, -121.106524 57.759747, -121.106441 57.759716, -121.106367 57.759681, -121.1063 57.75964, -121.106243 57.759596, -121.106197 57.759549, -121.106161 57.759498, -121.106137 57.759446, -121.106031 57.759137, -121.106018 57.759081, -121.106017 57.759056, -121.106017 57.758109, -121.105785 57.757936, -121.105733 57.757892, -121.105691 57.757846, -121.105659 57.757797, -121.105638 57.757746, -121.105628 57.757694, -121.10563 57.757642, -121.105643 57.757591, -121.105666 57.757541, -121.105701 57.757492, -121.105746 57.757446, -121.106236 57.757006, -121.106588 57.756197, -121.106609 57.756157, -121.10663 57.756126, -121.107293 57.755275, -121.107433 57.754547, -121.107447 57.754498, -121.107472 57.75445, -121.107506 57.754404, -121.107549 57.754361, -121.107602 57.75432, -121.107662 57.754282, -121.10773 57.754249, -121.108945 57.753708, -121.108845 57.752482, -121.107894 57.752189, -121.107807 57.752158, -121.107728 57.752122, -121.107657 57.75208, -121.107597 57.752034, -121.107548 57.751985, -121.107511 57.751933, -121.107487 57.751878, -121.107475 57.751823, -121.107476 57.751767, -121.107491 57.751711, -121.107518 57.751657, -121.107633 57.751478, -121.107222 57.750688, -121.107201 57.750637, -121.107192 57.750584, -121.107195 57.750531, -121.107209 57.750479, -121.107234 57.750427, -121.107475 57.750039, -121.106215 57.749423, -121.104626 57.749819, -121.104533 57.749839, -121.104436 57.749852, -121.104337 57.74986, -121.104236 57.749861, -121.104137 57.749855, -121.104039 57.749844, -121.103944 57.749826, -121.103854 57.749802, -121.10377 57.749773, -121.103693 57.749738, -121.103625 57.749699, -121.103565 57.749656, -121.102718 57.748957, -121.10111 57.748801, -121.101083 57.749088, -121.101037 57.750646, -121.101031 57.751234, -121.101559 57.752005, -121.101587 57.752056, -121.101604 57.752109, -121.10161 57.752162, -121.101603 57.752215, -121.101585 57.752268, -121.101555 57.752318, -121.101514 57.752367, -121.101462 57.752413, -121.101401 57.752455, -121.101331 57.752493, -121.101253 57.752526, -121.101168 57.752554, -121.100507 57.752743, -121.100462 57.753091, -121.100715 57.753275, -121.100769 57.75332, -121.100813 57.753368, -121.100845 57.753418, -121.100867 57.75347, -121.100877 57.753523, -121.100874 57.753576, -121.100861 57.753629, -121.100835 57.753681, -121.100798 57.75373, -121.10075 57.753777, -121.100693 57.75382, -121.100626 57.75386, -121.100551 57.753895, -121.098548 57.75472, -121.098411 57.755908, -121.09841 57.755916, -121.098383 57.75609, -121.099658 57.756751, -121.100438 57.756661, -121.100516 57.756654, -121.100617 57.756651, -121.100894 57.756651, -121.100995 57.756654, -121.101095 57.756664, -121.101192 57.75668, -121.101285 57.756703, -121.101371 57.756731, -121.101451 57.756765, -121.101523 57.756803, -121.101585 57.756846, -121.101637 57.756893, -121.101679 57.756942, -121.101708 57.756994, -121.101726 57.757047, -121.101732 57.757101, -121.101725 57.757156, -121.101504 57.758086, -121.101495 57.758117, -121.101478 57.758153, -121.101044 57.758964, -121.100902 57.759985, -121.100905 57.760019, -121.101127 57.760801, -121.101135 57.760843, -121.101137 57.760871, -121.101122 57.762115, -121.10112 57.762143, -121.101113 57.762176, -121.100892 57.762989, -121.100872 57.76304, -121.100841 57.76309, -121.1008 57.763137, -121.100748 57.763182, -121.100687 57.763223, -121.100618 57.76326, -121.098906 57.764071, -121.098945 57.76426, -121.101007 57.765594, -121.102551 57.766351, -121.102621 57.76639, -121.102681 57.766432, -121.102732 57.766479, -121.102772 57.766527, -121.102801 57.766579, -121.102818 57.766631, -121.102823 57.766685, -121.102816 57.766738, -121.102798 57.76679, -121.102768 57.766841, -121.102727 57.76689, -121.102208 57.767418, -121.10274 57.768879, -121.102753 57.768938, -121.102753 57.768989, -121.102638 57.770037, -121.102626 57.770091, -121.102601 57.770143, -121.102564 57.770194, -121.102517 57.770242, -121.102458 57.770286, -121.102391 57.770327, -121.102314 57.770363, -121.10223 57.770393, -121.102139 57.770418, -121.102044 57.770437, -121.101945 57.77045, -121.100833 57.770554, -121.100231 57.770887, -121.099711 57.772082, -121.09969 57.772122, -121.099675 57.772145, -121.099148 57.772858, -121.099104 57.772909, -121.099048 57.772956, -121.098981 57.772999, -121.098905 57.773038, -121.098821 57.773071, -121.098729 57.773098, -121.098632 57.773119, -121.09853 57.773133, -121.097072 57.773289, -121.095305 57.774142, -121.094565 57.774826, -121.0966 57.775593, -121.096683 57.775628, -121.096756 57.775669, -121.096819 57.775714, -121.096872 57.775763, -121.096912 57.775815, -121.096939 57.775869, -121.09726 57.776709, -121.097263 57.776717, -121.097272 57.77675, -121.097585 57.778307, -121.09759 57.778358, -121.097583 57.778409, -121.097566 57.77846, -121.097538 57.778509, -121.09722 57.778973, -121.09693 57.779819, -121.09806 57.781094, -121.098098 57.781146, -121.098124 57.781201, -121.098137 57.781256, -121.098137 57.781312, -121.098124 57.781367, -121.098099 57.781422, -121.09806 57.781474, -121.09801 57.781523, -121.097949 57.781568, -121.097878 57.781609, -121.097797 57.781645, -121.097709 57.781675, -121.097615 57.7817, -121.097516 57.781718, -121.097413 57.781729, -121.095268 57.781886, -121.094799 57.782297, -121.095798 57.782992, -121.096748 57.782854, -121.096852 57.782843, -121.096957 57.782839, -121.097062 57.782841, -121.097166 57.782851, -121.097267 57.782867, -121.097363 57.782891, -121.097453 57.78292, -121.097535 57.782955, -121.097609 57.782995, -121.097672 57.78304, -121.097724 57.783089, -121.097765 57.783141, -121.097793 57.783195, -121.098028 57.783794, -121.098543 57.785011, -121.099368 57.785319, -121.099449 57.785354, -121.099521 57.785393, -121.099584 57.785437, -121.099636 57.785485, -121.099677 57.785536, -121.099706 57.785589, -121.100011 57.786322, -121.100025 57.786365, -121.100031 57.786409, -121.100029 57.786452, -121.099854 57.787615, -121.100854 57.788151, -121.100919 57.78819, -121.100975 57.788233, -121.101021 57.788279, -121.101057 57.788327, -121.101082 57.788377, -121.101096 57.788429, -121.101099 57.788481, -121.10109 57.788533, -121.10107 57.788584, -121.100864 57.788992, -121.10085 57.789017, -121.100839 57.789035, -121.100434 57.789603, -121.100407 57.789638, -121.100393 57.789652, -121.099783 57.790274, -121.099731 57.79032, -121.099669 57.790362, -121.099597 57.7904, -121.099518 57.790434, -121.099432 57.790462, -121.09934 57.790484, -121.099244 57.790501, -121.098396 57.790615, -121.098307 57.790624, -121.098216 57.790629, -121.098126 57.790627, -121.098036 57.790621, -121.096699 57.790488, -121.095928 57.790608, -121.095542 57.791297, -121.09662 57.791906, -121.096684 57.791946, -121.096739 57.791991, -121.096783 57.792038, -121.096816 57.792088, -121.096838 57.79214, -121.096849 57.792193, -121.096848 57.792246, -121.096835 57.792298, -121.09681 57.79235, -121.096774 57.792399, -121.096728 57.792446, -121.096671 57.79249, -121.096605 57.792529, -121.096531 57.792565, -121.09645 57.792595, -121.095438 57.792928, -121.09567 57.7933, -121.095696 57.793351, -121.09571 57.793404, -121.095713 57.793457, -121.095703 57.79351, -121.095683 57.793561, -121.09565 57.793612, -121.095607 57.793659, -121.095554 57.793704, -121.095491 57.793745, -121.09542 57.793782, -121.095341 57.793814, -121.093273 57.794554, -121.093186 57.794581, -121.093094 57.794603, -121.092998 57.794618, -121.092899 57.794628, -121.092798 57.79463, -121.092698 57.794627, -121.092599 57.794617, -121.092503 57.794601, -121.092411 57.794578, -121.092325 57.794551, -121.092246 57.794517, -121.092175 57.794479, -121.092112 57.794437, -121.09206 57.794391, -121.092018 57.794343, -121.091988 57.794291, -121.091579 57.793426, -121.091341 57.793144, -121.084829 57.795389, -121.083341 57.797578, -121.080738 57.799084, -121.076506 57.799247, -121.073207 57.796881, -121.07354 57.794329, -121.074426 57.791737, -121.073532 57.792348, -121.073462 57.79239, -121.073384 57.792427, -121.073297 57.792458, -121.073204 57.792484, -121.073106 57.792503, -121.073004 57.792515, -121.0729 57.79252, -121.072795 57.792519, -121.072692 57.792511, -121.072591 57.792496, -121.072495 57.792474, -121.072404 57.792446, -121.072321 57.792413, -121.072246 57.792374, -121.07218 57.792331, -121.072126 57.792283, -121.072082 57.792232, -121.072051 57.792179, -121.072033 57.792124, -121.072027 57.792069, -121.072058 57.790108, -121.072063 57.790061, -121.072077 57.790015, -121.072101 57.78997, -121.072549 57.789253, -121.072211 57.788679, -121.069292 57.789015, -121.068829 57.789197, -121.066125 57.790424, -121.066418 57.791807, -121.066953 57.792764, -121.066976 57.792816, -121.066987 57.792868, -121.066987 57.792921, -121.066975 57.792973, -121.066951 57.793024, -121.065639 57.795305, -121.06525 57.795984, -121.065224 57.796023, -121.065191 57.796061, -121.06309 57.798201, -121.063549 57.799525, -121.063562 57.79958, -121.063561 57.799636, -121.063548 57.799691, -121.063522 57.799745, -121.063483 57.799797, -121.063433 57.799845, -121.062912 57.800286, -121.062847 57.800333, -121.062772 57.800375, -121.061434 57.801025, -121.061378 57.80105, -121.061317 57.801073, -121.061253 57.801092, -121.056508 57.802397, -121.056416 57.802418, -121.056319 57.802434, -121.05622 57.802444, -121.05612 57.802447, -121.056019 57.802443, -121.05592 57.802434, -121.055824 57.802418, -121.055732 57.802396, -121.055646 57.802368, -121.055566 57.802335, -121.055495 57.802297, -121.055432 57.802255, -121.055379 57.80221, -121.055337 57.802161, -121.055307 57.80211, -121.055287 57.802057, -121.054608 57.799326, -121.054606 57.799316, -121.054485 57.798725, -121.052894 57.797829, -121.051717 57.798035, -121.051491 57.798806, -121.051469 57.798859, -121.051435 57.79891, -121.05139 57.798959, -121.051334 57.799004, -121.051269 57.799046, -121.049987 57.799763, -121.049912 57.7998, -121.04983 57.799832, -121.049741 57.799858, -121.049647 57.799879, -121.049549 57.799893, -121.049449 57.799901, -121.049347 57.799902, -121.049246 57.799897, -121.049147 57.799885, -121.049051 57.799867, -121.04896 57.799843, -121.048875 57.799813, -121.048797 57.799779, -121.048728 57.799739, -121.048668 57.799695, -121.048619 57.799648, -121.046237 57.797002, -121.042282 57.796426, -121.042185 57.796409, -121.042093 57.796385, -121.042007 57.796356, -121.041928 57.796321, -121.041858 57.796282, -121.041798 57.796238, -121.041747 57.796191, -121.041708 57.79614, -121.041681 57.796088, -121.041665 57.796034, -121.041662 57.79598, -121.041672 57.795926, -121.041693 57.795872, -121.041727 57.795821, -121.043211 57.793926, -121.042943 57.792832, -121.042936 57.792781, -121.04294 57.792731, -121.042955 57.79268, -121.04298 57.792631, -121.043016 57.792584, -121.043061 57.792539, -121.043116 57.792497, -121.043179 57.792459, -121.04325 57.792425, -121.04414 57.792043, -121.043692 57.791267, -121.042709 57.790125, -121.042406 57.789873, -121.042355 57.789825, -121.042316 57.789773, -121.042289 57.78972, -121.042275 57.789665, -121.042273 57.789609, -121.04238 57.788434, -121.042381 57.788425, -121.042386 57.788397, -121.042593 57.787566, -121.04226 57.786176, -121.041328 57.785209, -121.041289 57.785162, -121.04126 57.785113, -121.041242 57.785064, -121.041235 57.785013, -121.041238 57.784962, -121.041253 57.784912, -121.041278 57.784862, -121.041313 57.784815, -121.041358 57.78477, -121.04205 57.784164, -121.041118 57.782971, -121.040264 57.782776, -121.040173 57.782752, -121.040088 57.782722, -121.040011 57.782686, -121.039942 57.782646, -121.039883 57.782602, -121.0396 57.782361, -121.039552 57.782314, -121.039515 57.782264, -121.039489 57.782212, -121.039475 57.782158, -121.039473 57.782105, -121.03955 57.781147, -121.03956 57.781094, -121.039581 57.781043, -121.039614 57.780992, -121.039658 57.780945, -121.040559 57.780098, -121.040608 57.780057, -121.040665 57.780019, -121.04073 57.779985, -121.040801 57.779954, -121.040878 57.779928, -121.04096 57.779907, -121.042585 57.779536, -121.043111 57.778982, -121.04295 57.778238, -121.042946 57.778218, -121.042915 57.777981, -121.042914 57.777933, -121.042922 57.777886, -121.04294 57.777839, -121.043417 57.776845, -121.042461 57.776509, -121.042379 57.776477, -121.042306 57.776439, -121.042242 57.776397, -121.042187 57.776352, -121.042143 57.776303, -121.042111 57.776251, -121.04209 57.776198, -121.042082 57.776144, -121.042086 57.77609, -121.042102 57.776037, -121.04274 57.774514, -121.04252 57.773683, -121.042106 57.772994, -121.042082 57.772942, -121.042069 57.77289, -121.042068 57.772837, -121.042078 57.772784, -121.0421 57.772733, -121.042133 57.772683, -121.042177 57.772635, -121.042521 57.772315, -121.042572 57.772273, -121.042631 57.772234, -121.042698 57.772199, -121.042772 57.772169, -121.042852 57.772142, -121.044334 57.771717, -121.04457 57.770946, -121.044806 57.769981, -121.044813 57.769584, -121.044817 57.769545, -121.044828 57.769505, -121.044845 57.769467, -121.045585 57.768067, -121.045613 57.768022, -121.04565 57.76798, -121.046856 57.766757, -121.046596 57.766291, -121.046574 57.766244, -121.046565 57.766209, -121.046352 57.765118, -121.045139 57.764244, -121.045089 57.764203, -121.045047 57.76416, -121.045014 57.764115, -121.044991 57.764068, -121.044978 57.76402, -121.044974 57.763972, -121.045002 57.762761, -121.044176 57.761952, -121.044138 57.76191, -121.044109 57.761866, -121.044088 57.761821, -121.044076 57.761775, -121.044061 57.761675, -121.04406 57.761664, -121.044059 57.761617, -121.04438 57.758035, -121.044391 57.757982, -121.044413 57.757929, -121.044448 57.757879, -121.044493 57.757831, -121.044549 57.757786, -121.044615 57.757745, -121.044689 57.757709, -121.044771 57.757677, -121.04486 57.757651, -121.044954 57.757631, -121.050058 57.756723, -121.050151 57.75671, -121.050246 57.756702, -121.050342 57.7567, -121.050438 57.756704, -121.052608 57.756869, -121.053608 57.755784, -121.053649 57.754898, -121.053656 57.754848, -121.053674 57.754799, -121.053703 57.754751, -121.053741 57.754705, -121.053788 57.754662, -121.055059 57.753638, -121.053883 57.753246, -121.051955 57.753103, -121.051859 57.753093, -121.051767 57.753077, -121.051678 57.753055, -121.051595 57.753029, -121.049481 57.752254, -121.049402 57.752221, -121.04933 57.752183, -121.049268 57.752141, -121.049215 57.752095, -121.049173 57.752046, -121.049142 57.751994, -121.049124 57.751941, -121.04896 57.751259, -121.048345 57.750639, -121.045293 57.750061, -121.04227 57.749675, -121.040733 57.750729, -121.040665 57.750771, -121.040588 57.750807, -121.040503 57.750838, -121.040412 57.750864, -121.040316 57.750883, -121.040216 57.750896, -121.040113 57.750902, -121.040011 57.750901, -121.039909 57.750894, -121.039809 57.75088, -121.037767 57.750525, -121.036328 57.750649, -121.036293 57.750651, -121.036194 57.750654, -121.034458 57.750654, -121.033543 57.751273, -121.033475 57.751314, -121.033399 57.751349, -121.033316 57.75138, -121.033226 57.751405, -121.033131 57.751424, -121.033033 57.751437, -121.032932 57.751443, -121.032831 57.751443, -121.03273 57.751437, -121.032632 57.751424, -121.032537 57.751404, -121.032447 57.751379, -121.032364 57.751349, -121.030328 57.750497, -121.027483 57.750596, -121.027408 57.750597, -121.027334 57.750594, -121.02726 57.750588, -121.026747 57.750533, -121.025209 57.750606, -121.02413 57.751995, -121.024085 57.752045, -121.024029 57.752091, -121.023962 57.752133, -121.023887 57.75217, -121.023803 57.752202, -121.023713 57.752229, -121.023617 57.752249, -121.023517 57.752263, -121.023415 57.752271, -121.021569 57.752343, -121.021473 57.752344, -121.021378 57.752339, -121.021284 57.752328, -121.021193 57.752312, -121.021106 57.75229, -121.021025 57.752263, -121.02095 57.752231, -121.020882 57.752195, -121.020822 57.752155, -121.018788 57.750627, -121.016542 57.749573, -121.016133 57.749581, -121.0152 57.750434, -121.014112 57.753896, -121.014095 57.753939, -121.01407 57.753979, -121.014038 57.754019, -121.014 57.754057, -121.013591 57.754412, -121.011586 57.756989, -121.013633 57.757489, -121.016523 57.758197, -121.018611 57.758211, -121.018712 57.758215, -121.01881 57.758225, -121.018906 57.758242, -121.018998 57.758264, -121.019084 57.758292, -121.019162 57.758326, -121.019233 57.758364, -121.019295 57.758406, -121.019347 57.758453, -121.019388 57.758502, -121.019417 57.758553, -121.019435 57.758606, -121.019441 57.758659, -121.019435 57.758713, -121.019417 57.758766, -121.019387 57.758817, -121.018236 57.760449, -121.020239 57.761147, -121.020384 57.761183, -121.020475 57.761209, -121.020559 57.761242, -121.020635 57.761279, -121.020702 57.761321, -121.020758 57.761368, -121.020804 57.761417, -121.020838 57.761469, -121.020859 57.761523, -121.021073 57.762294, -121.02108 57.762335, -121.021081 57.762344, -121.021142 57.763263, -121.02114 57.763315, -121.021127 57.763366, -121.021102 57.763416, -121.021068 57.763464, -121.021023 57.76351, -121.020968 57.763553, -121.020904 57.763592, -121.020833 57.763627, -121.020755 57.763657, -121.018294 57.764495, -121.017686 57.765661, -121.017655 57.76571, -121.017614 57.765756, -121.017564 57.765799, -121.017312 57.76599, -121.017268 57.76602, -121.017221 57.766048, -121.016736 57.766308, -121.01793 57.767496, -121.017969 57.767541, -121.017999 57.767587, -121.018019 57.767635, -121.018029 57.767684, -121.018137 57.768856, -121.019105 57.769475, -121.019154 57.76951, -121.019197 57.769548, -121.019232 57.769588, -121.019636 57.770107, -121.01967 57.770158, -121.019691 57.770211, -121.0197 57.770264, -121.019698 57.770318, -121.019683 57.770372, -121.019656 57.770424, -121.019617 57.770474, -121.019568 57.770521, -121.019508 57.770565, -121.017215 57.772044, -121.018237 57.773523, -121.018265 57.77357, -121.018282 57.773619, -121.018289 57.773669, -121.018286 57.773719, -121.018272 57.773769, -121.018248 57.773817, -121.017643 57.774807, -121.017855 57.775426, -121.018714 57.776267, -121.018756 57.776316, -121.018788 57.776367, -121.018808 57.776419, -121.018816 57.776473, -121.018812 57.776526, -121.018796 57.776579, -121.018768 57.776631, -121.018729 57.77668, -121.018679 57.776727, -121.018619 57.77677, -121.01855 57.776809, -121.018472 57.776843, -121.018388 57.776872, -121.018297 57.776896, -121.017676 57.777033, -121.01722 57.777408, -121.018258 57.778122, -121.018315 57.778166, -121.018362 57.778214, -121.018398 57.778265, -121.018421 57.778318, -121.018433 57.778372, -121.018555 57.779535, -121.018555 57.779588, -121.018543 57.779641, -121.018519 57.779693, -121.018484 57.779743, -121.018437 57.77979, -121.018381 57.779834, -121.018315 57.779875, -121.018241 57.77991, -121.018159 57.779941, -121.018071 57.779966, -121.017978 57.779986, -121.017882 57.78, -121.017783 57.780007, -121.017683 57.780008, -121.017583 57.780003, -121.017486 57.779992, -121.016393 57.779826, -121.014893 57.781039, -121.01487 57.781057, -121.013474 57.782075, -121.013439 57.782099, -121.013428 57.782106, -121.011565 57.783241, -121.012399 57.7837, -121.012466 57.783741, -121.012523 57.783787, -121.012569 57.783835, -121.012603 57.783887, -121.012626 57.78394, -121.012636 57.783995, -121.012633 57.784049, -121.012619 57.784103, -121.012592 57.784156, -121.012553 57.784207, -121.012503 57.784254, -121.012442 57.784298, -121.012372 57.784338, -121.011191 57.784931, -121.01131 57.785043, -121.013495 57.786132, -121.014421 57.786083, -121.014521 57.786081, -121.014622 57.786085, -121.01472 57.786096, -121.014816 57.786113, -121.014907 57.786136, -121.014992 57.786164, -121.01507 57.786198, -121.01514 57.786236, -121.016703 57.787201, -121.019245 57.787983, -121.019376 57.78793, -121.020112 57.786078, -121.020139 57.786025, -121.020179 57.785975, -121.020229 57.785927, -121.02029 57.785883, -121.02036 57.785843, -121.020439 57.785809, -121.020526 57.785779, -121.020618 57.785755, -121.020715 57.785738, -121.020816 57.785727, -121.020918 57.785723, -121.02102 57.785725, -121.021121 57.785734, -121.02122 57.785749, -121.021314 57.78577, -121.021403 57.785798, -121.021484 57.785831, -121.021558 57.785869, -121.021622 57.785912, -121.021676 57.785958, -121.021719 57.786008, -121.022344 57.786862, -121.022375 57.786912, -121.022394 57.786963, -121.022402 57.787014, -121.022399 57.787066, -121.022384 57.787117, -121.022359 57.787167, -121.021092 57.789189, -121.021055 57.789238, -121.021008 57.789285, -121.020951 57.789328, -121.020884 57.789367, -121.02081 57.789402, -121.020728 57.789432, -121.019253 57.789904, -121.017788 57.790413, -121.017302 57.791639, -121.018336 57.793011, -121.018368 57.793062, -121.018388 57.793113, -121.018396 57.793166, -121.018393 57.793219, -121.018378 57.793271, -121.018352 57.793323, -121.018315 57.793372, -121.018267 57.793418, -121.018209 57.793461, -121.017735 57.793773, -121.017027 57.794739, -121.01692 57.794947, -121.017884 57.79563, -121.019454 57.795692, -121.020111 57.795567, -121.020211 57.795552, -121.020313 57.795544, -121.020417 57.795542, -121.02052 57.795547, -121.020621 57.795558, -121.020697 57.79557, -121.020756 57.79558, -121.023938 57.796194, -121.024031 57.796216, -121.02412 57.796243, -121.024201 57.796276, -121.024274 57.796314, -121.024338 57.796357, -121.024392 57.796403, -121.024435 57.796452, -121.024466 57.796504, -121.024486 57.796558, -121.024493 57.796612, -121.024487 57.796666, -121.02447 57.79672, -121.02444 57.796772, -121.024398 57.796822, -121.024346 57.796869, -121.024283 57.796912, -121.022353 57.798083, -121.022292 57.798116, -121.022251 57.798135, -121.020732 57.798792, -121.020308 57.799164, -121.020624 57.799484, -121.02258 57.799475, -121.024186 57.799382, -121.024277 57.799379, -121.024367 57.799382, -121.024457 57.799389, -121.024544 57.799402, -121.024629 57.79942, -121.024709 57.799443, -121.026334 57.799962, -121.026421 57.799993, -121.0265 57.800031, -121.026569 57.800073, -121.026628 57.80012, -121.026675 57.80017, -121.026711 57.800223, -121.026733 57.800277, -121.026743 57.800333, -121.02674 57.800389, -121.026723 57.800445, -121.026693 57.800499, -121.026651 57.80055, -121.026598 57.800599, -121.026533 57.800643, -121.026459 57.800683, -121.02391 57.801881, -121.023843 57.801909, -121.023829 57.801914, -121.022868 57.802265, -121.021851 57.803502, -121.021839 57.803516, -121.021794 57.803559, -121.021172 57.80409, -121.020829 57.80498, -121.020802 57.805032, -121.020764 57.805083, -121.020715 57.80513, -121.020655 57.805174, -121.020586 57.805214, -121.020509 57.805249, -121.020424 57.805279, -121.020332 57.805303, -121.020237 57.805321, -121.020137 57.805333, -121.020036 57.805338, -121.019934 57.805337, -121.019834 57.805329, -121.019735 57.805315, -121.019393 57.805253, -121.017556 57.805289, -121.017646 57.805542, -121.018525 57.806337, -121.018569 57.806382, -121.018602 57.80643, -121.018626 57.806479, -121.018639 57.80653, -121.018641 57.806581, -121.018632 57.806632, -121.018421 57.807366, -121.018504 57.807699, -121.018511 57.807751, -121.018507 57.807804, -121.018492 57.807855, -121.018465 57.807906, -121.018427 57.807954, -121.018379 57.808, -121.018322 57.808042, -121.01671 57.809093, -121.016551 57.809438, -121.01795 57.809684, -121.018897 57.809054, -121.018965 57.809014, -121.019041 57.808978, -121.019124 57.808948, -121.019214 57.808923, -121.019309 57.808905, -121.021666 57.808522, -121.022099 57.808067, -121.022146 57.808024, -121.022201 57.807984, -121.022264 57.807948, -121.025013 57.806527, -121.025359 57.805778, -121.025382 57.805737, -121.025413 57.805697, -121.02545 57.805659, -121.027029 57.804221, -121.027085 57.804176, -121.027151 57.804135, -121.027225 57.804099, -121.027307 57.804068, -121.027395 57.804042, -121.027488 57.804022, -121.027586 57.804008, -121.027685 57.804, -121.02973 57.803909, -121.029835 57.803907, -121.029939 57.803913, -121.030041 57.803926, -121.03014 57.803945, -121.030233 57.803971, -121.030319 57.804002, -121.030398 57.80404, -121.030467 57.804082, -121.030526 57.804128, -121.030573 57.804178, -121.030609 57.80423, -121.030975 57.804902, -121.030997 57.804953, -121.031007 57.805006, -121.031006 57.805059, -121.030937 57.805566, -121.032807 57.806468, -121.03286 57.806496, -121.032908 57.806527, -121.032951 57.806559, -121.035201 57.808432, -121.035246 57.808474, -121.035282 57.808518, -121.035308 57.808563, -121.035326 57.80861, -121.035334 57.808658, -121.035332 57.808706, -121.034874 57.812014, -121.034862 57.812064, -121.034839 57.812113, -121.034806 57.812161, -121.034764 57.812206, -121.034712 57.812248, -121.034651 57.812287, -121.034583 57.812322, -121.034508 57.812352, -121.032952 57.812915, -121.033463 57.813493, -121.033501 57.813545, -121.033527 57.813599, -121.03354 57.813655, -121.03354 57.813711, -121.033527 57.813766, -121.033501 57.81382, -121.033462 57.813872, -121.033412 57.813921, -121.032112 57.815022, -121.032183 57.815753, -121.034392 57.816145, -121.034486 57.816165, -121.034574 57.81619, -121.034656 57.816222, -121.034731 57.816258, -121.034796 57.816299, -121.034852 57.816343, -121.034898 57.816391, -121.034933 57.816441, -121.034956 57.816494, -121.034967 57.816547, -121.035036 57.817312, -121.035037 57.817337, -121.035022 57.818443, -121.03502 57.818471, -121.035011 57.81851, -121.034447 57.820402, -121.034428 57.820448, -121.034401 57.820493, -121.034364 57.820536, -121.03432 57.820577, -121.034268 57.820615, -121.033543 57.821088, -121.033535 57.821093, -121.033522 57.821101, -121.031484 57.822333, -121.031234 57.823024, -121.031176 57.823694, -121.03117 57.823731, -121.031158 57.823768, -121.030845 57.824539, -121.030817 57.824591, -121.030778 57.824641, -121.030728 57.824688, -121.030667 57.824732, -121.030597 57.824771, -121.030519 57.824806, -121.030433 57.824835, -121.030342 57.824859, -121.030245 57.824876, -121.029803 57.824941, -121.0297 57.824953, -121.029595 57.824957, -121.02949 57.824955, -121.029387 57.824945, -121.029286 57.824929, -121.02919 57.824906, -121.0291 57.824878, -121.029018 57.824843, -121.028944 57.824803, -121.02888 57.824759, -121.028827 57.824711, -121.028786 57.824659, -121.028757 57.824605, -121.028741 57.82455, -121.028737 57.824494, -121.028844 57.822731, -121.028851 57.821746, -121.028787 57.821095, -121.028504 57.8203, -121.026954 57.819837, -121.026001 57.820267, -121.02529 57.8208, -121.025217 57.821683, -121.026503 57.823438, -121.026534 57.823489, -121.026553 57.823541, -121.026561 57.823594, -121.026556 57.823648, -121.02654 57.8237, -121.026512 57.823752, -121.025904 57.824657, -121.026344 57.825311, -121.026372 57.825362, -121.026388 57.825414, -121.026393 57.825467, -121.026386 57.82552, -121.026367 57.825572, -121.026337 57.825623, -121.026296 57.825671, -121.026244 57.825717, -121.026183 57.825759, -121.026113 57.825796, -121.026035 57.825829, -121.02595 57.825857, -121.025896 57.825873, -121.025802 57.825896, -121.025704 57.825912, -121.025602 57.825923, -121.0255 57.825926, -121.025397 57.825923, -121.025295 57.825913, -121.025197 57.825897, -121.025103 57.825874, -121.025015 57.825845, -121.024934 57.825811, -121.023195 57.824978, -121.021983 57.825012, -121.020915 57.82602, -121.020955 57.826686, -121.02199 57.827088, -121.022071 57.827124, -121.022142 57.827165, -121.022204 57.82721, -121.022254 57.827259, -121.022293 57.827311, -121.022319 57.827365, -121.022332 57.82742, -121.022333 57.827476, -121.02232 57.827532, -121.022295 57.827586, -121.022257 57.827638, -121.022207 57.827687, -121.020978 57.828736, -121.020972 57.828741, -121.019571 57.829902, -121.019707 57.830757, -121.019709 57.83077, -121.019831 57.831934, -121.019831 57.831984, -121.01982 57.832033, -121.0198 57.832081, -121.019769 57.832128, -121.019729 57.832173, -121.01968 57.832216, -121.01846 57.833146, -121.018397 57.833189, -121.018325 57.833227, -121.018245 57.83326, -121.018158 57.833287, -121.018066 57.833309, -121.017969 57.833325, -121.01787 57.833335, -121.017769 57.833338, -121.017668 57.833335, -121.017568 57.833325, -121.017471 57.833309, -121.017379 57.833287, -121.017292 57.833259, -121.017212 57.833226, -121.017141 57.833188, -121.017078 57.833146, -121.017025 57.8331, -121.016983 57.833051, -121.016952 57.833, -121.016474 57.831995, -121.014198 57.832009, -121.013439 57.832396, -121.011784 57.833544, -121.011718 57.833585, -121.011644 57.833621, -121.011562 57.833652, -121.011473 57.833677, -121.01138 57.833697, -121.011283 57.833711, -121.011183 57.833718, -121.007773 57.833863, -121.007672 57.833864, -121.007572 57.833859, -121.007474 57.833847, -121.007379 57.833829, -121.007289 57.833806, -121.007205 57.833777, -121.007128 57.833742, -121.007059 57.833703, -121.006394 57.833279, -121.005243 57.833261, -121.003618 57.833669, -121.001118 57.83606, -121.001065 57.836104, -121.001004 57.836145, -120.998921 57.837359, -120.998649 57.838224, -120.998628 57.838273, -120.998597 57.83832, -120.998557 57.838366, -120.998507 57.838408, -120.998449 57.838448, -120.998382 57.838483, -120.998309 57.838515, -120.997299 57.8389, -120.996674 57.839485, -120.996321 57.84032, -120.996292 57.840372, -120.996252 57.840423, -120.9962 57.84047, -120.996138 57.840513, -120.996067 57.840552, -120.995988 57.840587, -120.994688 57.841078, -120.995051 57.841396, -120.995098 57.841442, -120.995133 57.841491, -120.995158 57.841542, -120.995425 57.842259, -120.995438 57.842311, -120.99544 57.842363, -120.995431 57.842416, -120.99541 57.842467, -120.995378 57.842517, -120.995335 57.842564, -120.995282 57.842608, -120.99522 57.842649, -120.993829 57.843459, -120.993375 57.844022, -120.992919 57.845117, -120.994626 57.846515, -120.994678 57.846564, -120.994718 57.846616, -120.994745 57.84667, -120.99476 57.846725, -120.994761 57.846781, -120.99475 57.846837, -120.994725 57.846891, -120.994688 57.846943, -120.99464 57.846993, -120.99458 57.847039, -120.994509 57.84708, -120.99443 57.847117, -120.994342 57.847148, -120.994249 57.847173, -120.992808 57.847498, -120.992628 57.848326, -120.992617 57.848362, -120.992593 57.848412, -120.992408 57.848716, -120.992367 57.84877, -120.99236 57.848777, -120.991113 57.850096, -120.991103 57.850683, -120.993092 57.852202, -120.993146 57.852249, -120.993188 57.852298, -120.993219 57.85235, -120.993237 57.852403, -120.993244 57.852457, -120.993238 57.852511, -120.99322 57.852565, -120.99319 57.852616, -120.993149 57.852666, -120.993096 57.852713, -120.993034 57.852755, -120.992962 57.852794, -120.992882 57.852827, -120.992795 57.852856, -120.992702 57.852878, -120.992605 57.852894, -120.992505 57.852904, -120.992403 57.852907, -120.992301 57.852904, -120.992201 57.852895, -120.992104 57.852879, -120.990128 57.852482, -120.99006 57.852467, -120.989996 57.852448, -120.989935 57.852427, -120.988822 57.852003, -120.986293 57.85193, -120.985314 57.852214, -120.984718 57.853451, -120.984691 57.853497, -120.984655 57.853541, -120.98461 57.853583, -120.983536 57.85447, -120.983016 57.855128, -120.98297 57.855177, -120.982912 57.855223, -120.982845 57.855266, -120.982768 57.855303, -120.982683 57.855335, -120.982592 57.855361, -120.982495 57.855381, -120.982394 57.855395, -120.982291 57.855401, -120.982187 57.855401, -120.982084 57.855395, -120.981984 57.855381, -120.981887 57.855361, -120.981795 57.855335, -120.98171 57.855303, -120.981634 57.855266, -120.981566 57.855224, -120.981509 57.855178, -120.981462 57.855128, -120.980526 57.853949, -120.979334 57.8535, -120.97843 57.853781, -120.978345 57.853804, -120.978256 57.853822, -120.978164 57.853834, -120.978069 57.853841, -120.977974 57.853842, -120.977879 57.853837, -120.977786 57.853827, -120.975754 57.853533, -120.975653 57.853514, -120.975558 57.85349, -120.975469 57.853459, -120.975388 57.853422, -120.975317 57.85338, -120.975256 57.853334, -120.975206 57.853284, -120.975169 57.853231, -120.975144 57.853176, -120.975133 57.853119, -120.975135 57.853063, -120.97515 57.853007, -120.975179 57.852953, -120.976035 57.851642, -120.974853 57.850314, -120.974815 57.850264, -120.97479 57.850211, -120.974776 57.850157, -120.974775 57.850103, -120.974786 57.850049, -120.974809 57.849996, -120.974844 57.849945, -120.97489 57.849897, -120.974947 57.849852, -120.975014 57.849811, -120.97509 57.849774, -120.975173 57.849743, -120.976597 57.849274, -120.974754 57.848575, -120.974672 57.84854, -120.9746 57.848499, -120.974537 57.848455, -120.974486 57.848406, -120.974446 57.848355, -120.974418 57.848301, -120.974403 57.848246, -120.974401 57.848191, -120.974411 57.848135, -120.974435 57.848081, -120.974471 57.848029, -120.974519 57.847979, -120.974578 57.847934, -120.974647 57.847892, -120.974726 57.847855, -120.974812 57.847824, -120.974905 57.847798, -120.975903 57.847566, -120.976791 57.846946, -120.976812 57.846779, -120.974497 57.84647, -120.972239 57.846914, -120.972137 57.84693, -120.972032 57.846939, -120.971926 57.846941, -120.97182 57.846936, -120.971716 57.846924, -120.971615 57.846905, -120.971521 57.84688, -120.971432 57.846848, -120.971352 57.846811, -120.971282 57.846768, -120.971222 57.846722, -120.971174 57.846671, -120.971138 57.846618, -120.971114 57.846563, -120.971104 57.846506, -120.971022 57.845052, -120.969791 57.844804, -120.968227 57.844876, -120.968126 57.844877, -120.968026 57.844872, -120.967927 57.844861, -120.967832 57.844843, -120.967741 57.84482, -120.967656 57.844791, -120.967579 57.844756, -120.967509 57.844717, -120.967449 57.844674, -120.967399 57.844628, -120.96736 57.844578, -120.967332 57.844527, -120.967316 57.844474, -120.967128 57.843465, -120.966239 57.842875, -120.966188 57.842837, -120.964303 57.841281, -120.964255 57.841235, -120.964216 57.841186, -120.964189 57.841135, -120.964173 57.841082, -120.964169 57.841029, -120.964177 57.840976, -120.964196 57.840924, -120.964227 57.840874, -120.964269 57.840826, -120.964321 57.840781, -120.964383 57.840739, -120.964454 57.840702, -120.966108 57.839924, -120.965569 57.838915, -120.964188 57.838365, -120.961666 57.837545, -120.959916 57.837129, -120.959824 57.837104, -120.959739 57.837073, -120.959662 57.837036, -120.959593 57.836995, -120.959535 57.836949, -120.959488 57.8369, -120.959452 57.836849, -120.959428 57.836795, -120.959417 57.836741, -120.959418 57.836686, -120.959548 57.835822, -120.95955 57.835811, -120.959675 57.835175, -120.959615 57.833739, -120.959618 57.833686, -120.959634 57.833633, -120.959661 57.833582, -120.959699 57.833533, -120.959748 57.833486, -120.959807 57.833443, -120.959875 57.833405, -120.961425 57.832616, -120.961928 57.831668, -120.960763 57.830624, -120.960715 57.830574, -120.960679 57.830521, -120.960655 57.830466, -120.960645 57.83041, -120.960648 57.830354, -120.960664 57.830298, -120.960694 57.830244, -120.960735 57.830192, -120.960789 57.830144, -120.961444 57.829627, -120.961479 57.828759, -120.960772 57.828104, -120.960728 57.828058, -120.960695 57.828009, -120.960672 57.827958, -120.960661 57.827906, -120.960661 57.827854, -120.960673 57.827802, -120.960696 57.827752, -120.960729 57.827703, -120.961388 57.826892, -120.961519 57.826242, -120.961532 57.826198, -120.961554 57.826156, -120.961583 57.826114, -120.962032 57.825027, -120.961252 57.824466, -120.961199 57.824423, -120.961156 57.824377, -120.961123 57.824329, -120.9611 57.824278, -120.961089 57.824227, -120.961088 57.824175, -120.961099 57.824124, -120.961121 57.824074, -120.961154 57.824025, -120.961196 57.823979, -120.962692 57.822571, -120.962717 57.822549, -120.962755 57.82252, -120.963764 57.821816, -120.96412 57.82066, -120.964143 57.820605, -120.964179 57.820552, -120.964227 57.820503, -120.964287 57.820456, -120.965599 57.81956, -120.96566 57.819523, -120.965728 57.819489, -120.965803 57.81946, -120.969038 57.818338, -120.969121 57.818313, -120.969209 57.818293, -120.969301 57.818278, -120.969395 57.818269, -120.96949 57.818266, -120.969585 57.818268, -120.971432 57.818371, -120.971532 57.81838, -120.97163 57.818395, -120.971723 57.818417, -120.971811 57.818444, -120.973133 57.818913, -120.974141 57.81885, -120.974795 57.816743, -120.974749 57.81597, -120.972759 57.815088, -120.972686 57.815051, -120.972621 57.81501, -120.972566 57.814966, -120.971796 57.814249, -120.971751 57.814201, -120.971718 57.814151, -120.971696 57.814099, -120.971685 57.814045, -120.971687 57.813992, -120.971756 57.813535, -120.969813 57.813482, -120.96971 57.813476, -120.969608 57.813463, -120.96951 57.813443, -120.969418 57.813417, -120.969332 57.813385, -120.969255 57.813348, -120.969186 57.813306, -120.969128 57.813259, -120.969082 57.81321, -120.969047 57.813157, -120.969024 57.813103, -120.969015 57.813047, -120.969018 57.812992, -120.969034 57.812937, -120.969063 57.812883, -120.969105 57.812832, -120.969157 57.812784, -120.969221 57.81274, -120.969918 57.812313, -120.969093 57.811302, -120.967602 57.810493, -120.967049 57.810458, -120.966947 57.810448, -120.966847 57.810432, -120.966753 57.810409, -120.966664 57.81038, -120.966583 57.810345, -120.96651 57.810306, -120.966447 57.810261, -120.964654 57.808827, -120.964604 57.808781, -120.964564 57.808733, -120.963934 57.807815, -120.962496 57.807054, -120.962434 57.807018, -120.961265 57.806242, -120.961216 57.806206, -120.960277 57.805435, -120.96024 57.805401, -120.960208 57.805366, -120.960182 57.805329, -120.960105 57.805202, -120.960081 57.805151, -120.960068 57.805099, -120.960066 57.805046, -120.960076 57.804994, -120.960097 57.804943, -120.960129 57.804894, -120.960172 57.804846, -120.960225 57.804802, -120.960287 57.804762, -120.960358 57.804725, -120.962647 57.803676, -120.962731 57.803642, -120.962822 57.803614, -120.962918 57.803593, -120.963019 57.803578, -120.965791 57.803261, -120.966024 57.802684, -120.966257 57.80195, -120.964955 57.800575, -120.964914 57.800526, -120.964886 57.800474, -120.964869 57.800421, -120.964864 57.800367, -120.964872 57.800313, -120.964891 57.80026, -120.964923 57.800209, -120.964965 57.80016, -120.965019 57.800114, -120.965082 57.800072, -120.967287 57.798775, -120.967362 57.798736, -120.967446 57.798702, -120.967537 57.798674, -120.967634 57.798652, -120.967735 57.798637, -120.967839 57.798629, -120.967944 57.798628, -120.968049 57.798634, -120.969598 57.798771, -120.969677 57.79878, -120.969754 57.798793, -120.969829 57.79881, -120.970752 57.799051, -120.97084 57.799077, -120.970922 57.799109, -120.970996 57.799147, -120.971061 57.799188, -120.971116 57.799234, -120.97116 57.799282, -120.971193 57.799333, -120.971215 57.799386, -120.971414 57.800085, -120.973419 57.799908, -120.973523 57.799902, -120.973628 57.799903, -120.973732 57.799912, -120.973833 57.799927, -120.97393 57.799948, -120.974021 57.799976, -120.974105 57.80001, -120.97418 57.800049, -120.974246 57.800093, -120.97493 57.800613, -120.976138 57.800238, -120.976235 57.799558, -120.975947 57.798403, -120.973033 57.798121, -120.972933 57.798108, -120.972837 57.798089, -120.972746 57.798063, -120.972662 57.798032, -120.972585 57.797996, -120.972517 57.797954, -120.972459 57.797909, -120.972412 57.79786, -120.972377 57.797809, -120.972353 57.797756, -120.972342 57.797701, -120.972343 57.797647, -120.972357 57.797592, -120.972384 57.797539, -120.972422 57.797488, -120.973073 57.796752, -120.971908 57.795481, -120.97187 57.795432, -120.971842 57.795382, -120.971827 57.795329, -120.971823 57.795277, -120.97183 57.795224, -120.971849 57.795172, -120.971879 57.795122, -120.971921 57.795074, -120.971972 57.795029, -120.972696 57.794472, -120.972443 57.793407, -120.967298 57.793249, -120.967199 57.793243, -120.967102 57.79323, -120.967009 57.793212, -120.96692 57.793188, -120.966838 57.793158, -120.966762 57.793124, -120.966695 57.793085, -120.966636 57.793042, -120.966588 57.792995, -120.96655 57.792946, -120.966524 57.792895, -120.966508 57.792843, -120.966505 57.79279, -120.966513 57.792737, -120.966907 57.791279, -120.962534 57.79105, -120.962435 57.791042, -120.962338 57.791027, -120.962245 57.791006, -120.962158 57.79098, -120.962077 57.790948, -120.962004 57.790911, -120.96194 57.79087, -120.961885 57.790826, -120.96184 57.790778, -120.961807 57.790727, -120.961027 57.789274, -120.959166 57.788132, -120.959106 57.788091, -120.959056 57.788047, -120.959016 57.787999, -120.958986 57.78795, -120.958967 57.787899, -120.95896 57.787847, -120.958963 57.787796, -120.959101 57.787023, -120.959353 57.785756, -120.958721 57.785365, -120.958665 57.785326, -120.958617 57.785284, -120.958578 57.78524, -120.958548 57.785193, -120.958528 57.785145, -120.958518 57.785096, -120.958518 57.785047, -120.958647 57.783824, -120.958641 57.782832, -120.956009 57.7826, -120.955931 57.782592, -120.955856 57.782579, -120.955783 57.782562, -120.955713 57.782542, -120.951623 57.781861, -120.951528 57.781842, -120.951437 57.781817, -120.951353 57.781785, -120.951277 57.781749, -120.95121 57.781708, -120.951152 57.781663, -120.951105 57.781615, -120.951069 57.781564, -120.951045 57.781511, -120.951034 57.781457, -120.951035 57.781402, -120.951048 57.781348, -120.951073 57.781295, -120.95111 57.781245, -120.951159 57.781197, -120.951218 57.781152, -120.951287 57.781112, -120.951364 57.781076, -120.951449 57.781046, -120.95154 57.781021, -120.951636 57.781003, -120.951736 57.780991, -120.953184 57.780862, -120.953384 57.779258, -120.953398 57.779205, -120.953423 57.779152, -120.95346 57.779102, -120.953508 57.779054, -120.953566 57.77901, -120.95481 57.778178, -120.954857 57.778149, -120.95491 57.778122, -120.954966 57.778097, -120.956111 57.777645, -120.956085 57.777093, -120.954377 57.776269, -120.950831 57.776085, -120.95073 57.776076, -120.950631 57.776061, -120.950536 57.77604, -120.950447 57.776012, -120.950365 57.775979, -120.950292 57.775941, -120.950227 57.775898, -120.948936 57.77493, -120.946995 57.774283, -120.946915 57.774253, -120.946843 57.774218, -120.946778 57.774179, -120.946722 57.774136, -120.946676 57.774089, -120.946641 57.774041, -120.946616 57.77399, -120.946603 57.773938, -120.946601 57.773886, -120.94661 57.773834, -120.946631 57.773783, -120.946662 57.773733, -120.947329 57.772863, -120.94756 57.771817, -120.947571 57.77178, -120.948166 57.770248, -120.947503 57.767948, -120.947493 57.767892, -120.947497 57.767836, -120.947513 57.767781, -120.947543 57.767727, -120.947584 57.767676, -120.947637 57.767628, -120.947702 57.767584, -120.947775 57.767544, -120.947858 57.76751, -120.947948 57.767481, -120.948044 57.767458, -120.948144 57.767443, -120.948248 57.767433, -120.949302 57.767375, -120.951003 57.765958, -120.949099 57.763133, -120.949071 57.763082, -120.949054 57.76303, -120.949049 57.762977, -120.949056 57.762925, -120.94918 57.762407, -120.94823 57.761206, -120.947195 57.760629, -120.946348 57.76042, -120.945271 57.760486, -120.944407 57.760693, -120.94431 57.760713, -120.94421 57.760726, -120.944107 57.760732, -120.944004 57.760732, -120.943901 57.760725, -120.943801 57.760711, -120.943705 57.760691, -120.943614 57.760664, -120.94353 57.760632, -120.943454 57.760595, -120.943387 57.760553, -120.943331 57.760506, -120.943285 57.760457, -120.943251 57.760405, -120.94323 57.760351, -120.942948 57.75935, -120.942473 57.757792, -120.940668 57.756806, -120.940603 57.756766, -120.940548 57.756723, -120.940502 57.756677, -120.940467 57.756628, -120.940443 57.756577, -120.94043 57.756525, -120.940429 57.756473, -120.940439 57.75642, -120.940461 57.756369, -120.940493 57.75632, -120.940536 57.756273, -120.943373 57.753581, -120.942121 57.752381, -120.942078 57.752333, -120.942045 57.752282, -120.942025 57.752229, -120.942016 57.752176, -120.942019 57.752122, -120.942034 57.752069, -120.942061 57.752018, -120.942099 57.751968, -120.942148 57.751921, -120.942207 57.751878, -120.942276 57.751838, -120.942352 57.751804, -120.944042 57.751129, -120.943913 57.750593, -120.942366 57.749782, -120.942299 57.749742, -120.94224 57.749698, -120.942193 57.749651, -120.942156 57.749601, -120.94213 57.749549, -120.942117 57.749495, -120.942115 57.749442, -120.942126 57.749388, -120.942149 57.749336, -120.942183 57.749285, -120.942228 57.749237, -120.942284 57.749192, -120.942349 57.749151, -120.942423 57.749115, -120.942505 57.749083, -120.942593 57.749057, -120.942687 57.749037, -120.944617 57.74869, -120.944703 57.748677, -120.944791 57.748669, -120.944879 57.748666, -120.944968 57.748669, -120.945056 57.748676, -120.945142 57.748688, -120.946722 57.748959, -120.946801 57.748975, -120.946878 57.748995, -120.94695 57.74902, -120.947017 57.749048, -120.947078 57.749079, -120.9501 57.750803, -120.950927 57.750415, -120.951794 57.749364, -120.951943 57.74827, -120.951951 57.748234, -120.952355 57.746827, -120.952362 57.746807, -120.952376 57.746775, -120.953103 57.745374, -120.950457 57.743309, -120.947499 57.743848, -120.94743 57.743859, -120.947355 57.743867, -120.944571 57.744096, -120.944467 57.744101, -120.944363 57.744099, -120.944261 57.74409, -120.944161 57.744075, -120.944066 57.744053, -120.943976 57.744025, -120.940832 57.742904, -120.940749 57.74287, -120.940674 57.74283, -120.940608 57.742786, -120.940554 57.742738, -120.940511 57.742686, -120.940481 57.742632, -120.940464 57.742577, -120.940459 57.742521, -120.940468 57.742465, -120.94049 57.74241, -120.940525 57.742357, -120.940572 57.742306, -120.941855 57.741123, -120.939708 57.739771, -120.935839 57.740558, -120.935738 57.740575, -120.93392 57.740808, -120.933824 57.740817, -120.933727 57.74082, -120.933629 57.740817, -120.933533 57.740809, -120.93344 57.740794, -120.93335 57.740774, -120.93126 57.74022, -120.931176 57.740195, -120.931099 57.740165, -120.931028 57.74013, -120.930965 57.740091, -120.930912 57.740048, -120.930118 57.739339, -120.930074 57.739294, -120.93004 57.739248, -120.930016 57.739199, -120.929246 57.737197, -120.929242 57.737186, -120.929231 57.737137, -120.929009 57.735413, -120.929009 57.735406, -120.929008 57.735387, -120.928979 57.733976, -120.927728 57.732742, -120.927684 57.732692, -120.927653 57.732639, -120.927633 57.732585, -120.927627 57.73253, -120.927633 57.732475, -120.927652 57.73242, -120.928023 57.731623, -120.926316 57.730498, -120.918229 57.730029, -120.916486 57.730064, -120.91328 57.730663, -120.913183 57.730678, -120.913083 57.730686, -120.912982 57.730688, -120.90885 57.730636, -120.906734 57.730887, -120.905897 57.731458, -120.905832 57.731498, -120.905758 57.731533, -120.905677 57.731564, -120.90559 57.731589, -120.905498 57.731608, -120.905402 57.731622, -120.905304 57.731629, -120.905205 57.73163, -120.905106 57.731625, -120.90501 57.731614, -120.904916 57.731597, -120.904827 57.731574, -120.904743 57.731546, -120.903292 57.730986, -120.900654 57.730587, -120.898342 57.730627, -120.898269 57.730627, -120.898195 57.730623, -120.898123 57.730615, -120.897217 57.730501, -120.893382 57.731585, -120.892343 57.732675, -120.892291 57.732722, -120.89223 57.732765, -120.892159 57.732804, -120.892079 57.732838, -120.891993 57.732866, -120.891901 57.732889, -120.891804 57.732906, -120.891704 57.732916, -120.891603 57.73292, -120.86022 57.733091, -120.8596 57.733117, -120.859498 57.733118, -120.859397 57.733112, -120.859298 57.7331, -120.859203 57.733082, -120.859112 57.733057, -120.859027 57.733027, -120.85895 57.732992, -120.858882 57.732952, -120.85684 57.731599, -120.854892 57.730711, -120.854824 57.730676, -120.854764 57.730637, -120.854712 57.730595, -120.854669 57.73055, -120.854636 57.730503, -120.854613 57.730455, -120.854601 57.730405, -120.854524 57.729886, -120.854523 57.729831, -120.854533 57.729777, -120.854556 57.729723, -120.854591 57.729672, -120.854638 57.729623, -120.854695 57.729578, -120.855849 57.728774, -120.857736 57.727095, -120.856489 57.726075, -120.856445 57.726034, -120.856409 57.72599, -120.856381 57.725945, -120.856037 57.725254, -120.855558 57.7245, -120.853825 57.72489, -120.85296 57.72613, -120.85349 57.727237, -120.853509 57.727291, -120.853516 57.727345, -120.853511 57.727399, -120.853493 57.727452, -120.853464 57.727504, -120.853423 57.727554, -120.853371 57.727601, -120.853309 57.727644, -120.853237 57.727682, -120.853157 57.727716, -120.853071 57.727744, -120.851415 57.72821, -120.849876 57.728869, -120.847894 57.730052, -120.846616 57.73127, -120.846831 57.7326, -120.847568 57.734072, -120.847589 57.734128, -120.847596 57.734184, -120.847591 57.73424, -120.847572 57.734295, -120.84754 57.734349, -120.847496 57.7344, -120.84744 57.734448, -120.847374 57.734492, -120.847298 57.734531, -120.847213 57.734564, -120.845894 57.735021, -120.846012 57.735381, -120.846022 57.735426, -120.846024 57.73547, -120.846018 57.735515, -120.846003 57.735559, -120.845511 57.736698, -120.845854 57.737563, -120.845868 57.737611, -120.845872 57.73766, -120.845866 57.737709, -120.84585 57.737757, -120.845825 57.737804, -120.84579 57.737849, -120.845746 57.737892, -120.844365 57.739082, -120.844308 57.739125, -120.844242 57.739165, -120.844167 57.7392, -120.844086 57.73923, -120.843998 57.739254, -120.843875 57.739284, -120.842406 57.739972, -120.842073 57.741319, -120.842053 57.741373, -120.842022 57.741425, -120.841978 57.741475, -120.841924 57.741521, -120.841859 57.741564, -120.841785 57.741602, -120.840435 57.742216, -120.84035 57.74225, -120.840259 57.742278, -120.840162 57.742299, -120.84006 57.742314, -120.839956 57.742322, -120.839851 57.742323, -120.839746 57.742317, -120.839644 57.742304, -120.839546 57.742284, -120.839453 57.742258, -120.839366 57.742226, -120.839288 57.742188, -120.837976 57.741471, -120.837911 57.741431, -120.837855 57.741387, -120.837809 57.741339, -120.837774 57.74129, -120.837751 57.741238, -120.837739 57.741185, -120.837738 57.741132, -120.83775 57.741079, -120.837773 57.741027, -120.837808 57.740977, -120.837853 57.74093, -120.837909 57.740886, -120.838516 57.74046, -120.838737 57.739622, -120.838757 57.73957, -120.838788 57.73952, -120.83883 57.739472, -120.838882 57.739427, -120.838944 57.739385, -120.839015 57.739348, -120.841004 57.738416, -120.839581 57.736489, -120.839551 57.736439, -120.839531 57.736388, -120.839523 57.736336, -120.839526 57.736284, -120.839673 57.735406, -120.839494 57.73384, -120.839039 57.733732, -120.839014 57.733726, -120.837119 57.733239, -120.8356 57.733224, -120.83315 57.734106, -120.833067 57.734132, -120.832979 57.734153, -120.832887 57.734169, -120.832793 57.734179, -120.832697 57.734183, -120.832601 57.734181, -120.831242 57.734112, -120.831208 57.73411, -120.831145 57.734104, -120.828286 57.733776, -120.827856 57.735182, -120.828078 57.736884, -120.828079 57.736892, -120.828079 57.736942, -120.827957 57.738052, -120.827945 57.738104, -120.827922 57.738156, -120.827888 57.738205, -120.827843 57.738252, -120.827789 57.738296, -120.827725 57.738336, -120.827652 57.738372, -120.827573 57.738403, -120.827487 57.738429, -120.826897 57.738582, -120.824898 57.739654, -120.824835 57.739685, -120.824766 57.739712, -120.824692 57.739735, -120.824615 57.739754, -120.824534 57.739769, -120.82226 57.740116, -120.82217 57.740127, -120.822078 57.740133, -120.821986 57.740133, -120.821894 57.740128, -120.821804 57.740117, -120.821716 57.740101, -120.820514 57.739844, -120.818942 57.740512, -120.818121 57.742556, -120.818093 57.742609, -120.818054 57.742659, -120.818004 57.742706, -120.817943 57.74275, -120.817873 57.74279, -120.817794 57.742824, -120.817708 57.742854, -120.817616 57.742877, -120.81752 57.742895, -120.81742 57.742906, -120.817318 57.742911, -120.817216 57.742908, -120.817116 57.7429, -120.817017 57.742885, -120.816924 57.742863, -120.816835 57.742836, -120.816754 57.742803, -120.814221 57.741651, -120.812504 57.74173, -120.812408 57.741732, -120.812313 57.741727, -120.812219 57.741717, -120.812128 57.741702, -120.812041 57.741681, -120.811959 57.741654, -120.811883 57.741623, -120.809434 57.740498, -120.809413 57.740488, -120.807843 57.739716, -120.805694 57.739778, -120.805667 57.739779, -120.803637 57.739802, -120.803611 57.739802, -120.803511 57.739798, -120.800808 57.739611, -120.800708 57.7396, -120.800612 57.739584, -120.800521 57.739561, -120.800435 57.739533, -120.800356 57.739499, -120.800285 57.739461, -120.800223 57.739418, -120.800172 57.739372, -120.800131 57.739322, -120.800101 57.739271, -120.800084 57.739218, -120.800078 57.739164, -120.800086 57.738428, -120.800088 57.738397, -120.800093 57.738373, -120.800314 57.73745, -120.800324 57.737418, -120.800345 57.737374, -120.801191 57.735922, -120.80037 57.735648, -120.799532 57.73546, -120.799442 57.735436, -120.799358 57.735407, -120.79928 57.735372, -120.799211 57.735333, -120.799152 57.735289, -120.799102 57.735242, -120.799064 57.735193, -120.799037 57.735141, -120.799022 57.735088, -120.799018 57.735034, -120.799027 57.73498, -120.799048 57.734928, -120.79908 57.734877, -120.799478 57.734358, -120.797458 57.732402, -120.794299 57.732821, -120.794074 57.734317, -120.794781 57.736512, -120.794792 57.736564, -120.794791 57.736616, -120.79478 57.736668, -120.794497 57.737496, -120.794473 57.737548, -120.794437 57.737599, -120.79439 57.737647, -120.794332 57.737692, -120.794265 57.737732, -120.794189 57.737768, -120.794105 57.737799, -120.794015 57.737824, -120.79392 57.737844, -120.793821 57.737857, -120.79372 57.737863, -120.793618 57.737863, -120.793517 57.737856, -120.793419 57.737843, -120.793324 57.737824, -120.793234 57.737798, -120.79315 57.737767, -120.793074 57.737731, -120.793007 57.73769, -120.79295 57.737646, -120.792903 57.737597, -120.792867 57.737547, -120.792843 57.737494, -120.792299 57.735841, -120.789417 57.735489, -120.788545 57.735652, -120.787505 57.736953, -120.789646 57.73878, -120.789695 57.738828, -120.789732 57.738879, -120.789758 57.738932, -120.789771 57.738986, -120.789772 57.73904, -120.789761 57.739094, -120.789737 57.739147, -120.788961 57.740522, -120.789032 57.741663, -120.789196 57.743132, -120.791089 57.745045, -120.792631 57.745344, -120.792723 57.745366, -120.79281 57.745393, -120.792891 57.745426, -120.792963 57.745463, -120.793027 57.745505, -120.793081 57.745551, -120.793124 57.745599, -120.793155 57.745651, -120.793175 57.745703, -120.793183 57.745757, -120.793179 57.745811, -120.793163 57.745864, -120.792574 57.747259, -120.793135 57.748453, -120.793153 57.7485, -120.79316 57.748548, -120.793158 57.748596, -120.793147 57.748644, -120.793018 57.749015, -120.793695 57.74956, -120.795569 57.749486, -120.795587 57.749479, -120.795674 57.749451, -120.795766 57.749428, -120.795863 57.749412, -120.795962 57.749402, -120.796064 57.749399, -120.796165 57.749402, -120.796265 57.749412, -120.796362 57.749428, -120.796454 57.74945, -120.796541 57.749477, -120.796621 57.749511, -120.796693 57.749549, -120.796756 57.749591, -120.796809 57.749637, -120.796851 57.749687, -120.796882 57.749738, -120.7969 57.749791, -120.796907 57.749845, -120.796901 57.749899, -120.796883 57.749953, -120.796296 57.75125, -120.796267 57.7513, -120.796227 57.751348, -120.796177 57.751394, -120.796118 57.751436, -120.796049 57.751474, -120.795973 57.751507, -120.79589 57.751536, -120.795801 57.751559, -120.795707 57.751576, -120.794557 57.751749, -120.793945 57.752223, -120.794107 57.752745, -120.795581 57.753192, -120.795665 57.753221, -120.795741 57.753255, -120.795809 57.753293, -120.795868 57.753336, -120.795918 57.753381, -120.795957 57.75343, -120.795985 57.753481, -120.796002 57.753533, -120.796007 57.753586, -120.796 57.753639, -120.795803 57.754463, -120.79634 57.755314, -120.797175 57.755327, -120.79728 57.755332, -120.797383 57.755345, -120.797482 57.755364, -120.797577 57.755389, -120.797664 57.755421, -120.797743 57.755458, -120.797813 57.7555, -120.797872 57.755546, -120.797921 57.755596, -120.797956 57.755649, -120.79798 57.755704, -120.79799 57.75576, -120.797987 57.755817, -120.797971 57.755872, -120.797941 57.755926, -120.7979 57.755978, -120.797846 57.756026, -120.797782 57.756071, -120.796354 57.75694, -120.796403 57.757671, -120.796402 57.757709, -120.796395 57.757748, -120.796382 57.757786, -120.796024 57.758625, -120.795995 57.758679, -120.795953 57.75873, -120.7959 57.758778, -120.795836 57.758822, -120.795763 57.758861, -120.795681 57.758895, -120.795592 57.758924, -120.795496 57.758946, -120.795397 57.758962, -120.795294 57.758972, -120.79519 57.758974, -120.795086 57.75897, -120.794984 57.758959, -120.794885 57.758941, -120.794792 57.758917, -120.793768 57.758609, -120.791931 57.75896, -120.791847 57.759614, -120.791835 57.759663, -120.791813 57.759711, -120.791782 57.759758, -120.791741 57.759802, -120.791691 57.759844, -120.791633 57.759882, -120.790527 57.760539, -120.790456 57.760576, -120.790377 57.760609, -120.790291 57.760636, -120.7902 57.760658, -120.790105 57.760674, -120.790006 57.760684, -120.789907 57.760687, -120.789807 57.760684, -120.788754 57.76062, -120.78669 57.761049, -120.785646 57.761616, -120.786394 57.763465, -120.787941 57.764674, -120.78799 57.764717, -120.788029 57.764763, -120.788059 57.76481, -120.788078 57.764859, -120.788314 57.765685, -120.789261 57.766373, -120.790578 57.766894, -120.790657 57.766929, -120.790727 57.766969, -120.790788 57.767014, -120.790838 57.767062, -120.790876 57.767113, -120.790902 57.767167, -120.790916 57.767221, -120.790917 57.767276, -120.790906 57.767331, -120.790882 57.767385, -120.790846 57.767436, -120.790798 57.767485, -120.790739 57.76753, -120.790671 57.767572, -120.790593 57.767608, -120.790508 57.767639, -120.788249 57.768358, -120.787081 57.768804, -120.785438 57.771441, -120.786248 57.772791, -120.790227 57.77474, -120.790278 57.774767, -120.790324 57.774797, -120.792359 57.776206, -120.793002 57.776571, -120.793031 57.776589, -120.79432 57.777401, -120.794379 57.777443, -120.794429 57.777488, -120.794468 57.777536, -120.794496 57.777586, -120.794513 57.777637, -120.794519 57.77769, -120.794514 57.777742, -120.794497 57.777793, -120.794469 57.777843, -120.794431 57.777891, -120.794382 57.777937, -120.793068 57.778998, -120.793006 57.779043, -120.792934 57.779082, -120.792853 57.779117, -120.792765 57.779146, -120.792245 57.779296, -120.791108 57.779846, -120.790963 57.780196, -120.791783 57.78073, -120.791842 57.780775, -120.791891 57.780823, -120.791929 57.780873, -120.791955 57.780926, -120.791969 57.78098, -120.79197 57.781034, -120.79196 57.781088, -120.791936 57.781141, -120.791901 57.781193, -120.791855 57.781241, -120.791798 57.781286, -120.79093 57.78189, -120.791197 57.782732, -120.791207 57.782784, -120.791206 57.782837, -120.791194 57.782889, -120.790858 57.783846, -120.790834 57.783898, -120.790799 57.783948, -120.790752 57.783995, -120.790696 57.784039, -120.79063 57.784079, -120.788441 57.785262, -120.788411 57.785277, -120.788374 57.785294, -120.786848 57.785958, -120.786803 57.785976, -120.786721 57.786003, -120.786344 57.786114, -120.784125 57.787678, -120.784821 57.788655, -120.78485 57.788705, -120.784869 57.788755, -120.784876 57.788807, -120.784872 57.788859, -120.784857 57.78891, -120.784831 57.78896, -120.784794 57.789008, -120.784747 57.789053, -120.779183 57.793768, -120.779872 57.794994, -120.780455 57.795479, -120.777848 57.797658, -120.775458 57.798266, -120.773772 57.79855, -120.770145 57.798583, -120.768531 57.798343, -120.766712 57.797219, -120.766578 57.795809, -120.769967 57.793639, -120.769227 57.79275, -120.769198 57.79271, -120.769176 57.792668, -120.769162 57.792625, -120.767537 57.785892, -120.76753 57.785841, -120.767535 57.78579, -120.76755 57.785739, -120.767576 57.78569, -120.767612 57.785642, -120.767659 57.785597, -120.767715 57.785555, -120.768035 57.785342, -120.768103 57.785301, -120.76818 57.785266, -120.768265 57.785235, -120.768355 57.785211, -120.768451 57.785192, -120.76855 57.78518, -120.768651 57.785174, -120.768753 57.785174, -120.768854 57.785181, -120.768952 57.785195, -120.769047 57.785215, -120.769137 57.785241, -120.77026 57.785614, -120.771427 57.784609, -120.770896 57.783442, -120.770885 57.783416, -120.77088 57.7834, -120.770365 57.781466, -120.76937 57.779918, -120.768786 57.779172, -120.768752 57.779121, -120.768731 57.779068, -120.768721 57.779014, -120.768523 57.775691, -120.768525 57.775644, -120.768539 57.775587, -120.768781 57.774965, -120.768487 57.773328, -120.767037 57.771661, -120.763952 57.77056, -120.763872 57.770528, -120.7638 57.770491, -120.763737 57.770449, -120.763683 57.770404, -120.76364 57.770356, -120.763608 57.770305, -120.763588 57.770253, -120.763504 57.769947, -120.763495 57.769895, -120.763498 57.769842, -120.763513 57.76979, -120.763538 57.769739, -120.763575 57.76969, -120.763623 57.769644, -120.76368 57.769601, -120.763746 57.769562, -120.76382 57.769528, -120.763902 57.769498, -120.765245 57.769067, -120.765281 57.769056, -120.765299 57.769051, -120.766725 57.768666, -120.766791 57.76865, -120.76686 57.768637, -120.76693 57.768627, -120.768549 57.768443, -120.770145 57.767873, -120.769141 57.766713, -120.766076 57.76673, -120.765977 57.766727, -120.76588 57.766718, -120.765785 57.766704, -120.765694 57.766683, -120.765608 57.766657, -120.765529 57.766626, -120.765457 57.76659, -120.765393 57.766549, -120.765339 57.766505, -120.765295 57.766458, -120.764603 57.7656, -120.762528 57.76522, -120.760905 57.765324, -120.759778 57.765655, -120.758787 57.768711, -120.758256 57.770544, -120.758755 57.771688, -120.760216 57.773283, -120.760256 57.773333, -120.760283 57.773387, -120.760298 57.773441, -120.760301 57.773496, -120.760291 57.773551, -120.760268 57.773605, -120.760233 57.773657, -120.760187 57.773706, -120.760129 57.773752, -120.760062 57.773793, -120.759985 57.77383, -120.7599 57.773862, -120.759809 57.773888, -120.759713 57.773907, -120.759612 57.773921, -120.75951 57.773927, -120.759406 57.773927, -120.756408 57.773824, -120.756312 57.773818, -120.756219 57.773806, -120.756128 57.773788, -120.756042 57.773765, -120.755962 57.773737, -120.755888 57.773704, -120.752235 57.771881, -120.747312 57.771438, -120.747214 57.771426, -120.747119 57.771408, -120.74703 57.771384, -120.746946 57.771354, -120.746869 57.77132, -120.746801 57.77128, -120.746742 57.771237, -120.746693 57.77119, -120.746655 57.77114, -120.746629 57.771088, -120.746614 57.771035, -120.746611 57.770982, -120.746643 57.770445, -120.745085 57.768515, -120.745053 57.768468, -120.74503 57.768419, -120.745018 57.768369, -120.745017 57.768319, -120.745026 57.768269, -120.745045 57.768221, -120.745877 57.766575, -120.745101 57.765625, -120.745067 57.765574, -120.745043 57.765521, -120.745033 57.765467, -120.745034 57.765412, -120.745048 57.765358, -120.745074 57.765306, -120.745563 57.764511, -120.745583 57.764481, -120.746359 57.763477, -120.746206 57.762571, -120.744704 57.761373, -120.743524 57.760676, -120.737038 57.761072, -120.737199 57.763292, -120.737196 57.763347, -120.737181 57.763402, -120.737154 57.763455, -120.737115 57.763506, -120.737064 57.763554, -120.737003 57.763598, -120.736932 57.763638, -120.736852 57.763673, -120.734235 57.764684, -120.735803 57.767695, -120.735823 57.767741, -120.735832 57.767789, -120.735833 57.767836, -120.735824 57.767884, -120.735311 57.769639, -120.736271 57.77025, -120.736324 57.770288, -120.73637 57.770329, -120.736408 57.770373, -120.736436 57.770418, -120.736456 57.770464, -120.736466 57.770512, -120.73668 57.772445, -120.737323 57.772455, -120.737423 57.77246, -120.737521 57.772471, -120.737616 57.772488, -120.737707 57.772512, -120.737791 57.772541, -120.737869 57.772575, -120.737939 57.772613, -120.737999 57.772656, -120.738049 57.772703, -120.738089 57.772752, -120.738117 57.772803, -120.738133 57.772856, -120.738138 57.77291, -120.738131 57.772963, -120.738111 57.773016, -120.73767 57.773925, -120.739103 57.774273, -120.739193 57.774298, -120.739277 57.77433, -120.739353 57.774366, -120.739421 57.774407, -120.739478 57.774453, -120.739525 57.774501, -120.73956 57.774552, -120.739583 57.774606, -120.739594 57.77466, -120.739593 57.774715, -120.739579 57.774769, -120.739553 57.774822, -120.739515 57.774872, -120.738674 57.775824, -120.738623 57.775873, -120.738561 57.775918, -120.738488 57.775959, -120.738407 57.775995, -120.738318 57.776025, -120.738223 57.776048, -120.738123 57.776066, -120.73802 57.776076, -120.737915 57.776079, -120.737816 57.776079, -120.737715 57.776076, -120.737615 57.776066, -120.737518 57.77605, -120.737426 57.776028, -120.737339 57.776, -120.737259 57.775967, -120.737187 57.775929, -120.737125 57.775887, -120.737072 57.77584, -120.73703 57.775791, -120.736574 57.775155, -120.734773 57.773963, -120.734713 57.773918, -120.73468 57.773887, -120.733318 57.772474, -120.731516 57.772154, -120.73142 57.772134, -120.73133 57.772107, -120.731247 57.772075, -120.731171 57.772037, -120.731105 57.771995, -120.731049 57.771949, -120.731004 57.7719, -120.73097 57.771848, -120.730949 57.771794, -120.73094 57.77174, -120.730944 57.771685, -120.731066 57.771021, -120.731079 57.770976, -120.731105 57.770924, -120.73128 57.770642, -120.730375 57.770161, -120.728223 57.770399, -120.722205 57.770159, -120.717691 57.769979, -120.713366 57.770614, -120.710778 57.771801, -120.711712 57.773775, -120.715008 57.776166, -120.718417 57.777755, -120.721345 57.780615, -120.72073 57.78285, -120.716403 57.783484, -120.711488 57.781836, -120.706988 57.779397, -120.704715 57.778338, -120.696107 57.779284, -120.693541 57.780311, -120.690749 57.782943, -120.69053 57.786646, -120.689031 57.788684, -120.688551 57.78869, -120.688181 57.791313, -120.685981 57.794111, -120.682212 57.795243, -120.678486 57.796055, -120.673431 57.796235, -120.672906 57.796818, -120.668877 57.797358, -120.666554 57.797495, -120.664827 57.799034, -120.661699 57.79987, -120.656822 57.800315, -120.647429 57.798654, -120.642662 57.796349, -120.637852 57.797276, -120.632501 57.796576, -120.628259 57.794467, -120.623462 57.792013, -120.618108 57.789213, -120.615095 57.786992, -120.614144 57.785178, -120.614789 57.782783, -120.613396 57.779822, -120.612628 57.776724, -120.608992 57.774639, -120.605355 57.772554, -120.604965 57.771437, -120.603174 57.771522, -120.595493 57.770567, -120.591353 57.770078, -120.590018 57.766816, -120.593925 57.76473, -120.590796 57.761395, -120.581095 57.761961, -120.576082 57.75919, -120.578334 57.756075, -120.576311 57.753426, -120.573828 57.753966, -120.571851 57.750998, -120.574011 57.748521, -120.579618 57.747147, -120.585226 57.749942, -120.589212 57.749362, -120.590354 57.747832, -120.593196 57.746368, -120.597145 57.746354, -120.603007 57.746769, -120.605179 57.747319, -120.605522 57.747211, -120.606412 57.746464, -120.606037 57.745666, -120.604645 57.744462, -120.603664 57.743796, -120.604397 57.74346, -120.604314 57.742674, -120.602684 57.742451, -120.601823 57.741633, -120.600021 57.741247, -120.598511 57.74155, -120.597082 57.741283, -120.597231 57.740246, -120.598083 57.739759, -120.59972 57.739251, -120.600729 57.739032, -120.60078 57.73799, -120.600039 57.737021, -120.60024 57.736298, -120.600172 57.735408, -120.599962 57.734147, -120.598944 57.733062, -120.598136 57.73256, -120.597388 57.731642, -120.595781 57.731263, -120.594129 57.731874, -120.592858 57.731196, -120.591878 57.729852, -120.593813 57.729304, -120.595189 57.729256, -120.596339 57.728729, -120.597288 57.728246, -120.597205 57.72746, -120.598019 57.727157, -120.598371 57.72627, -120.602115 57.725454, -120.607224 57.725663, -120.609353 57.727686, -120.611437 57.73003, -120.615164 57.733571, -120.619212 57.734866, -120.623237 57.736321, -120.624511 57.737986, -120.626596 57.740331, -120.628773 57.742033, -120.631041 57.743093, -120.63479 57.744375, -120.638098 57.744509, -120.640294 57.743952, -120.643437 57.743111, -120.645797 57.743529, -120.646535 57.74428, -120.647086 57.74441, -120.647724 57.745428, -120.649386 57.746012, -120.649401 57.746017, -120.651793 57.745696, -120.652688 57.744898, -120.652894 57.743445, -120.651888 57.741578, -120.651868 57.740528, -120.651854 57.73975, -120.653107 57.738496, -120.655183 57.737641, -120.657628 57.737635, -120.660777 57.73818, -120.663298 57.739012, -120.666682 57.740662, -120.667911 57.741851, -120.668144 57.742077, -120.671385 57.743356, -120.671819 57.743359, -120.672441 57.743364, -120.674608 57.743381, -120.677566 57.742508, -120.678496 57.740772, -120.677233 57.738634, -120.676941 57.735857, -120.676718 57.733969, -120.676702 57.733922, -120.679181 57.731964, -120.680066 57.731279, -120.679702 57.731233, -120.679604 57.731218, -120.679511 57.731196, -120.679423 57.731168, -120.679343 57.731135, -120.67927 57.731097, -120.679206 57.731055, -120.679153 57.731008, -120.67911 57.730959, -120.679079 57.730907, -120.67906 57.730854, -120.678705 57.729372, -120.678252 57.728886, -120.675558 57.728461, -120.675467 57.728444, -120.67538 57.728421, -120.675299 57.728392, -120.675224 57.728359, -120.675157 57.728322, -120.675098 57.72828, -120.675049 57.728236, -120.67501 57.728188, -120.674981 57.728139, -120.674963 57.728088, -120.674805 57.727424, -120.674125 57.726674, -120.674089 57.726629, -120.674064 57.726582, -120.674047 57.726533, -120.674041 57.726484, -120.674045 57.726435, -120.674059 57.726387, -120.674275 57.725845, -120.673924 57.72412, -120.673923 57.724113, -120.673725 57.722968, -120.672028 57.722585, -120.671933 57.722559, -120.671845 57.722528, -120.671765 57.722491, -120.671695 57.722449, -120.671635 57.722402, -120.671586 57.722352, -120.67155 57.722298, -120.670871 57.721066, -120.670848 57.721012, -120.670837 57.720957, -120.67084 57.720902, -120.670855 57.720848, -120.670882 57.720794, -120.670922 57.720743, -120.672074 57.719484, -120.672123 57.719438, -120.672181 57.719396, -120.672248 57.719357, -120.672323 57.719323, -120.675331 57.71811, -120.676545 57.717194, -120.676602 57.717156, -120.676667 57.717121, -120.676738 57.71709, -120.679058 57.716191, -120.679312 57.715627, -120.677962 57.714884, -120.677523 57.714961, -120.67746 57.71497, -120.67743 57.714974, -120.675271 57.715211, -120.675173 57.715218, -120.675073 57.715219, -120.674975 57.715215, -120.674877 57.715203, -120.674784 57.715186, -120.674694 57.715163, -120.67461 57.715135, -120.674533 57.715101, -120.674465 57.715063, -120.674404 57.715021, -120.674354 57.714975, -120.674314 57.714927, -120.674286 57.714876, -120.674268 57.714824, -120.674093 57.714026, -120.674087 57.713973, -120.674093 57.713919, -120.674112 57.713867, -120.674141 57.713816, -120.675255 57.71224, -120.675296 57.712191, -120.675347 57.712146, -120.675409 57.712103, -120.675479 57.712065, -120.675557 57.712032, -120.675642 57.712004, -120.675733 57.711981, -120.675828 57.711965, -120.675926 57.711954, -120.676026 57.71195, -120.676126 57.711952, -120.676224 57.711961, -120.67632 57.711976, -120.676413 57.711996, -120.680247 57.713008, -120.683005 57.713546, -120.683746 57.71332, -120.687795 57.711187, -120.687817 57.711176, -120.68942 57.71039, -120.689498 57.710356, -120.689583 57.710327, -120.689675 57.710304, -120.689771 57.710287, -120.68987 57.710276, -120.68997 57.710272, -120.690071 57.710274, -120.690171 57.710282, -120.691254 57.710412, -120.691351 57.710427, -120.691443 57.710448, -120.69153 57.710474, -120.691611 57.710506, -120.691683 57.710543, -120.691747 57.710584, -120.691802 57.710629, -120.691846 57.710677, -120.691879 57.710728, -120.6919 57.71078, -120.69191 57.710834, -120.691907 57.710887, -120.691893 57.71094, -120.691458 57.712055, -120.691431 57.712107, -120.691393 57.712158, -120.691343 57.712205, -120.691284 57.712249, -120.691215 57.712289, -120.691137 57.712323, -120.691052 57.712353, -120.690961 57.712377, -120.690865 57.712395, -120.690766 57.712407, -120.690665 57.712412, -120.690564 57.71241, -120.690463 57.712403, -120.690365 57.712388, -120.690271 57.712368, -120.690183 57.712341, -120.690101 57.712309, -120.689818 57.712184, -120.688178 57.712653, -120.688162 57.712657, -120.687157 57.71293, -120.687898 57.714241, -120.689263 57.714736, -120.691597 57.715117, -120.692816 57.715313, -120.694318 57.714578, -120.694392 57.714546, -120.694472 57.714518, -120.694558 57.714496, -120.694648 57.714478, -120.694741 57.714467, -120.695175 57.714426, -120.69802 57.714101, -120.697736 57.712699, -120.697731 57.712648, -120.697736 57.712598, -120.697753 57.712549, -120.697779 57.7125, -120.697815 57.712454, -120.699585 57.710521, -120.699585 57.709974, -120.699134 57.70885, -120.698518 57.707912, -120.698491 57.707862, -120.698476 57.707812, -120.698471 57.70776, -120.698477 57.707709, -120.698494 57.707658, -120.698529 57.707582, -120.695658 57.707337, -120.694387 57.707461, -120.694291 57.707467, -120.694195 57.707468, -120.694099 57.707462, -120.694004 57.707451, -120.693913 57.707434, -120.693826 57.707411, -120.693745 57.707383, -120.69367 57.707351, -120.690841 57.705967, -120.689724 57.706014, -120.689619 57.706014, -120.689515 57.706008, -120.689414 57.705995, -120.689316 57.705976, -120.688088 57.705682, -120.687997 57.705656, -120.687912 57.705625, -120.687835 57.705589, -120.687767 57.705547, -120.687709 57.705502, -120.687662 57.705453, -120.687627 57.705401, -120.687603 57.705348, -120.687592 57.705293, -120.687594 57.705238, -120.687608 57.705183, -120.687635 57.70513, -120.687673 57.705079, -120.687723 57.705031, -120.687784 57.704987, -120.687854 57.704947, -120.687933 57.704911, -120.68802 57.704882, -120.688113 57.704858, -120.68821 57.70484, -120.688311 57.704829, -120.688414 57.704824, -120.688516 57.704826, -120.690931 57.704959, -120.693746 57.704515, -120.693323 57.703815, -120.692901 57.703609, -120.692884 57.703601, -120.692813 57.703559, -120.691401 57.702625, -120.691345 57.702582, -120.691298 57.702537, -120.691261 57.702489, -120.691235 57.702439, -120.691219 57.702387, -120.691215 57.702335, -120.691223 57.702283, -120.691241 57.702232, -120.691271 57.702183, -120.692216 57.700861, -120.690442 57.699728, -120.69039 57.699691, -120.690345 57.699651, -120.690308 57.699608, -120.690279 57.699564, -120.690203 57.699423, -120.690183 57.699378, -120.690172 57.699327, -120.689897 57.696962, -120.689897 57.696907, -120.689909 57.696853, -120.689934 57.6968, -120.68997 57.696749, -120.690018 57.6967, -120.690077 57.696656, -120.690145 57.696615, -120.690222 57.696579, -120.690306 57.696548, -120.693877 57.695415, -120.69396 57.695025, -120.693971 57.694987, -120.693981 57.694964, -120.694529 57.69383, -120.689171 57.690423, -120.68795 57.69004, -120.686502 57.689846, -120.685604 57.69054, -120.685547 57.690579, -120.685481 57.690615, -120.685409 57.690647, -120.685331 57.690674, -120.685247 57.690696, -120.68516 57.690713, -120.682482 57.691152, -120.682381 57.691165, -120.682279 57.691171, -120.682175 57.691171, -120.682073 57.691163, -120.681973 57.691149, -120.681877 57.691129, -120.681786 57.691102, -120.681703 57.69107, -120.681627 57.691032, -120.681561 57.69099, -120.681505 57.690944, -120.681459 57.690894, -120.681426 57.690842, -120.681405 57.690788, -120.681397 57.690732, -120.681401 57.690677, -120.681599 57.689651, -120.681615 57.689599, -120.681642 57.689549, -120.68168 57.689501, -120.681728 57.689455, -120.681785 57.689413, -120.681852 57.689374, -120.681926 57.68934, -120.682008 57.689311, -120.682095 57.689287, -120.684048 57.688826, -120.684088 57.688817, -120.684178 57.688801, -120.686515 57.68848, -120.686766 57.687902, -120.686796 57.68785, -120.686837 57.687799, -120.686889 57.687752, -120.686952 57.687709, -120.687024 57.68767, -120.687104 57.687636, -120.687192 57.687607, -120.689651 57.68692, -120.68894 57.685258, -120.688924 57.685207, -120.688919 57.685156, -120.688925 57.685104, -120.688942 57.685054, -120.68897 57.685004, -120.689008 57.684957, -120.689056 57.684912, -120.689735 57.684359, -120.688818 57.683271, -120.688784 57.683224, -120.68876 57.683175, -120.688747 57.683125, -120.688744 57.683075, -120.688752 57.683025, -120.688996 57.682079, -120.689017 57.682024, -120.68905 57.681971, -120.689095 57.681921, -120.689152 57.681874, -120.689219 57.681831, -120.689296 57.681793, -120.689445 57.681728, -120.690745 57.680703, -120.689178 57.678744, -120.686868 57.677582, -120.686801 57.677544, -120.686742 57.677501, -120.686693 57.677455, -120.686655 57.677406, -120.686628 57.677355, -120.686612 57.677303, -120.686608 57.67725, -120.686615 57.677197, -120.686635 57.677145, -120.686665 57.677095, -120.686706 57.677046, -120.686758 57.677001, -120.686819 57.67696, -120.68689 57.676922, -120.68956 57.675654, -120.688183 57.674416, -120.688146 57.674379, -120.686559 57.672586, -120.686521 57.672535, -120.686495 57.672483, -120.686481 57.672429, -120.686479 57.672375, -120.686489 57.672321, -120.687702 57.668362, -120.687726 57.668307, -120.687761 57.668255, -120.687808 57.668206, -120.687867 57.66816, -120.687936 57.668118, -120.688013 57.668081, -120.688099 57.668049, -120.688192 57.668024, -120.688289 57.668005, -120.688391 57.667992, -120.688494 57.667986, -120.688598 57.667987, -120.688701 57.667995, -120.688802 57.66801, -120.688898 57.668031, -120.688988 57.668059, -120.689072 57.668092, -120.689147 57.66813, -120.689212 57.668173, -120.691495 57.669882, -120.696647 57.669755, -120.696012 57.666661, -120.692631 57.664031, -120.690264 57.663911, -120.689347 57.66406, -120.689247 57.664073, -120.689144 57.664079, -120.689041 57.664079, -120.688939 57.664071, -120.68884 57.664057, -120.688744 57.664037, -120.688654 57.66401, -120.68857 57.663978, -120.688495 57.663941, -120.688429 57.663899, -120.688372 57.663852, -120.688327 57.663803, -120.688294 57.663751, -120.688273 57.663697, -120.688264 57.663642, -120.688149 57.66104, -120.688153 57.660989, -120.688167 57.660938, -120.688192 57.660888, -120.688227 57.660841, -120.688273 57.660795, -120.688328 57.660753, -120.688392 57.660714, -120.688463 57.66068, -120.688541 57.66065, -120.698465 57.657313, -120.699218 57.654424, -120.699002 57.65006, -120.691492 57.650853, -120.691469 57.650856, -120.672425 57.652561, -120.672327 57.652567, -120.672228 57.652566, -120.67213 57.652559, -120.672034 57.652546, -120.671941 57.652527, -120.671854 57.652503, -120.671772 57.652473, -120.671698 57.652438, -120.671632 57.652398, -120.671575 57.652355, -120.668644 57.649829, -120.668598 57.649783, -120.668561 57.649734, -120.668536 57.649683, -120.668522 57.649631, -120.668519 57.649579, -120.668528 57.649526, -120.668549 57.649475, -120.66858 57.649425, -120.668623 57.649377, -120.671121 57.646947, -120.677697 57.637879, -120.673764 57.633136, -120.673732 57.633091, -120.67371 57.633045, -120.673696 57.632998, -120.673692 57.632951, -120.673706 57.631744, -120.673167 57.631071, -120.671606 57.62972, -120.668458 57.629383, -120.667363 57.63044, -120.666214 57.632023, -120.666003 57.633261, -120.665989 57.633313, -120.665964 57.633363, -120.665928 57.633411, -120.665881 57.633457, -120.665826 57.633499, -120.664887 57.634133, -120.665048 57.634915, -120.665053 57.63497, -120.665045 57.635025, -120.665025 57.635079, -120.664993 57.635131, -120.664949 57.63518, -120.664894 57.635227, -120.664829 57.635269, -120.664754 57.635307, -120.664672 57.63534, -120.664582 57.635367, -120.664487 57.635388, -120.664388 57.635403, -120.662702 57.635593, -120.662603 57.635601, -120.662502 57.635603, -120.662402 57.635598, -120.662304 57.635587, -120.662209 57.635569, -120.662119 57.635546, -120.662034 57.635517, -120.661957 57.635482, -120.661888 57.635443, -120.661828 57.6354, -120.661778 57.635353, -120.661739 57.635304, -120.661711 57.635252, -120.661695 57.635199, -120.66159 57.634634, -120.65964 57.634772, -120.659539 57.634775, -120.659437 57.634773, -120.659337 57.634763, -120.659239 57.634747, -120.659146 57.634725, -120.659059 57.634697, -120.658978 57.634664, -120.658906 57.634626, -120.658843 57.634583, -120.65879 57.634536, -120.658748 57.634487, -120.658717 57.634435, -120.658699 57.634381, -120.658693 57.634327, -120.658699 57.634272, -120.658957 57.633144, -120.657726 57.63187, -120.657685 57.63182, -120.657655 57.631768, -120.657638 57.631714, -120.657632 57.63166, -120.65764 57.631605, -120.658052 57.629948, -120.65777 57.628825, -120.657762 57.628771, -120.657765 57.628738, -120.657767 57.628717, -120.657784 57.628664, -120.657812 57.628612, -120.657852 57.628563, -120.657903 57.628516, -120.657964 57.628473, -120.658034 57.628435, -120.658112 57.628401, -120.658197 57.628372, -120.658288 57.628349, -120.658384 57.628332, -120.659011 57.628242, -120.658923 57.627311, -120.658924 57.627255, -120.658931 57.627223, -120.659412 57.625491, -120.659433 57.625437, -120.659467 57.625384, -120.659513 57.625334, -120.65957 57.625288, -120.659637 57.625246, -120.661995 57.623936, -120.663196 57.622432, -120.663501 57.621319, -120.663522 57.621265, -120.663555 57.621213, -120.663599 57.621164, -120.663655 57.621118, -120.663721 57.621076, -120.663795 57.621038, -120.663878 57.621006, -120.663967 57.620979, -120.664062 57.620959, -120.664161 57.620944, -120.664262 57.620937, -120.664365 57.620936, -120.664467 57.620941, -120.665943 57.621072, -120.669066 57.620716, -120.669275 57.62059, -120.669088 57.619984, -120.669077 57.619928, -120.66908 57.619872, -120.669095 57.619817, -120.669124 57.619763, -120.669165 57.619711, -120.669217 57.619663, -120.66928 57.619618, -120.669354 57.619578, -120.669436 57.619543, -120.669525 57.619514, -120.669621 57.619491, -120.669721 57.619475, -120.669824 57.619465, -120.669929 57.619463, -120.670706 57.619472, -120.673264 57.618859, -120.673693 57.618525, -120.667229 57.61599, -120.669777 57.61277, -120.665993 57.606331, -120.664093 57.603111, -120.666618 57.595589, -120.664719 57.592369, -120.668129 57.58548, -120.667213 57.58485, -120.670401 57.583258, -120.666246 57.577089, -120.662546 57.574886, -120.661748 57.574361, -120.660912 57.57384, -120.660002 57.573345, -120.658977 57.572945, -120.657813 57.572665, -120.656601 57.572422, -120.655495 57.572173, -120.655434 57.572159, -120.654482 57.571756, -120.653801 57.571202, -120.653641 57.570515, -120.653733 57.570061, -120.6538 57.56973, -120.653782 57.568935, -120.653051 57.568295, -120.650022 57.567527, -120.648381 57.566836, -120.646947 57.56608, -120.646184 57.565087, -120.646413 57.563953, -120.647648 57.562889, -120.649443 57.562038, -120.651448 57.561337, -120.653197 57.560488, -120.654309 57.559375, -120.65469 57.558111, -120.654376 57.556843, -120.653589 57.555673, -120.652756 57.554555, -120.652366 57.553418, -120.653017 57.552277, -120.654715 57.551444, -120.654968 57.551347, -120.654894 57.551072, -120.650409 57.548967, -120.643501 57.547083, -120.642808 57.543527, -120.646734 57.541122, -120.648418 57.537663, -120.650695 57.534229, -120.650752 57.534123, -120.650173 57.533894, -120.649324 57.532671, -120.649294 57.531275, -120.649334 57.52984, -120.649329 57.528394, -120.649288 57.526945, -120.649278 57.526472, -120.649256 57.525509, -120.649249 57.524074, -120.649284 57.522629, -120.649375 57.521179, -120.649527 57.519737, -120.649736 57.518298, -120.64998 57.516854, -120.650234 57.515405, -120.65049 57.513949, -120.65071 57.512482, -120.650869 57.511012, -120.650935 57.509546, -120.650717 57.508102, -120.650043 57.506718, -120.64883 57.50546, -120.647036 57.504424, -120.644842 57.50364, -120.642576 57.502946, -120.640368 57.502244, -120.638332 57.501435, -120.636741 57.500356, -120.635851 57.499023, -120.63546 57.497605, -120.635367 57.496175, -120.635444 57.494744, -120.635568 57.493309, -120.635588 57.491877, -120.63539 57.49047, -120.634949 57.489106, -120.634074 57.487815, -120.63276 57.486659, -120.63146 57.485543, -120.630242 57.484461, -120.630145 57.484349, -120.62726 57.484538, -120.624887 57.484441, -120.617856 57.483512, -120.612652 57.482337, -120.611823 57.481819, -120.609157 57.482178, -120.609112 57.482207, -120.608879 57.483849, -120.606849 57.486443, -120.602109 57.488628, -120.592452 57.486447, -120.592533 57.481988, -120.592111 57.479913, -120.591307 57.479764, -120.589506 57.479145, -120.588144 57.478247, -120.587556 57.47712, -120.587883 57.475914, -120.589171 57.474878, -120.591144 57.474192, -120.593374 57.473701, -120.595492 57.473065, -120.59735 57.472245, -120.598682 57.471169, -120.599248 57.469851, -120.599176 57.468448, -120.599027 57.467029, -120.599019 57.4656, -120.599219 57.464163, -120.599657 57.46273, -120.600398 57.461335, -120.601503 57.46003, -120.602986 57.458843, -120.604835 57.457804, -120.607009 57.457052, -120.609367 57.456515, -120.611781 57.45611, -120.61424 57.455725, -120.616683 57.45525, -120.618885 57.45459, -120.620916 57.45373, -120.622611 57.45269, -120.623816 57.451463, -120.624335 57.450054, -120.62401 57.448558, -120.623114 57.44711, -120.62208 57.445686, -120.621566 57.444958, -120.621066 57.444253, -120.620174 57.4428, -120.619465 57.441332, -120.618932 57.439838, -120.618573 57.438324, -120.618327 57.436805, -120.618191 57.435275, -120.618126 57.43375, -120.618125 57.432224, -120.618147 57.430707, -120.618136 57.429216, -120.618105 57.427751, -120.618112 57.426289, -120.61859 57.424908, -120.619882 57.423691, -120.621726 57.422639, -120.623904 57.421745, -120.624635 57.420491, -120.62565 57.41827, -120.626342 57.415848, -120.625509 57.414306, -120.623444 57.412807, -120.619865 57.41087, -120.617922 57.409753, -120.618804 57.40847, -120.619176 57.408169, -120.62187 57.407841, -120.626622 57.406434, -120.628775 57.404825, -120.632372 57.402559, -120.637389 57.402464, -120.640606 57.402215, -120.644686 57.400859, -120.647499 57.400973, -120.646503 57.403027, -120.64418 57.404455, -120.642129 57.406465, -120.641836 57.408547, -120.643545 57.411472, -120.649636 57.413434, -120.653835 57.413311, -120.654651 57.412988, -120.656635 57.412156, -120.658603 57.411289, -120.66053 57.410387, -120.662431 57.409453, -120.664321 57.408484, -120.666192 57.407469, -120.667997 57.406396, -120.669653 57.405241, -120.671069 57.403992, -120.672103 57.40262, -120.672676 57.401158, -120.672755 57.399655, -120.672625 57.39816, -120.672452 57.396685, -120.67223 57.395217, -120.671943 57.393757, -120.671596 57.392313, -120.671162 57.390895, -120.670662 57.389492, -120.670144 57.388091, -120.669701 57.38666, -120.669745 57.385231, -120.670267 57.38382, -120.671258 57.38249, -120.672541 57.381238, -120.673945 57.380026, -120.67398 57.379998, -120.674101 57.374942, -120.671233 57.363881, -120.669791 57.355257, -120.670756 57.348361, -120.670408 57.344549, -120.669792 57.341384, -120.669716 57.339701, -120.669434 57.339431, -120.669623 57.338807, -120.668828 57.336919, -120.666579 57.335971, -120.664716 57.336038, -120.664234 57.336076, -120.663504 57.33591, -120.660147 57.336115, -120.654211 57.337539, -120.649724 57.33807, -120.648408 57.338016, -120.647291 57.336543, -120.64874 57.33565, -120.654171 57.334682, -120.656091 57.333571, -120.659262 57.332986, -120.663779 57.330372, -120.663706 57.329167, -120.663976 57.32797, -120.666151 57.326746, -120.667564 57.326731, -120.670175 57.326528, -120.67493 57.325367, -120.682169 57.32388, -120.688324 57.323472, -120.691046 57.323505, -120.692733 57.32427, -120.692771 57.325549, -120.692703 57.326552, -120.693311 57.327854, -120.694401 57.328788, -120.69534 57.3308, -120.6965 57.332782, -120.697971 57.334584, -120.699525 57.336311, -120.699961 57.338341, -120.699668 57.339413, -120.698075 57.340548, -120.696543 57.342266, -120.696697 57.343743, -120.697625 57.345329, -120.699704 57.346381, -120.702645 57.347428, -120.704738 57.348392, -120.708418 57.356822, -120.711338 57.361222, -120.714194 57.366096, -120.714106 57.36673, -120.71572 57.367294, -120.717609 57.368212, -120.719389 57.369208, -120.721201 57.370202, -120.723065 57.371187, -120.725021 57.372129, -120.72707 57.372988, -120.729272 57.373686, -120.731719 57.374106, -120.734332 57.37419, -120.736961 57.374126, -120.739558 57.374223, -120.742133 57.374526, -120.744376 57.375174, -120.746318 57.376038, -120.748006 57.377032, -120.749447 57.378114, -120.750561 57.379284, -120.751663 57.380462, -120.753134 57.381531, -120.75508 57.382388, -120.757436 57.382991, -120.760001 57.383358, -120.762604 57.383659, -120.765205 57.383943, -120.76779 57.384237, -120.770336 57.384551, -120.772845 57.384875, -120.775299 57.385209, -120.777531 57.385721, -120.779468 57.386473, -120.781035 57.38744, -120.782453 57.388483, -120.783881 57.389531, -120.785304 57.390577, -120.786683 57.391639, -120.787962 57.392734, -120.789117 57.393871, -120.789962 57.395082, -120.790347 57.396364, -120.79027 57.397687, -120.790021 57.399015, -120.7897 57.400343, -120.789301 57.401647, -120.788721 57.402905, -120.787817 57.404094, -120.786587 57.405215, -120.785245 57.406296, -120.783891 57.407377, -120.782618 57.408478, -120.781526 57.409641, -120.780645 57.410862, -120.780014 57.412097, -120.77961 57.413359, -120.779364 57.414618, -120.779223 57.415859, -120.779106 57.417086, -120.779032 57.418308, -120.778996 57.419537, -120.778975 57.42078, -120.778981 57.422035, -120.779141 57.423298, -120.779544 57.424549, -120.780114 57.425786, -120.780866 57.426993, -120.781836 57.428175, -120.782984 57.429313, -120.78422 57.430387, -120.787352 57.431033, -120.793296 57.431555, -120.799811 57.430481, -120.806155 57.428067, -120.810199 57.425657, -120.815165 57.421666, -120.821155 57.419238, -120.825767 57.419135, -120.830758 57.420786, -120.831817 57.42379, -120.830585 57.427332, -120.82531 57.431583, -120.817721 57.437945, -120.812627 57.445452, -120.809924 57.450371, -120.809807 57.451221, -120.809345 57.452476, -120.809328 57.452509, -120.808912 57.4533, -120.808247 57.454549, -120.807647 57.455818, -120.80744 57.456344, -120.80714 57.457103, -120.806701 57.458388, -120.806299 57.459675, -120.80589 57.460996, -120.805835 57.462336, -120.80616 57.463705, -120.807044 57.465007, -120.808471 57.466177, -120.810349 57.467143, -120.812567 57.467913, -120.814796 57.468672, -120.81685 57.469591, -120.81781 57.470168, -120.822599 57.467454, -120.821351 57.464431, -120.819311 57.463161, -120.819204 57.459885, -120.817836 57.45775, -120.821379 57.456105, -120.825084 57.453277, -120.828143 57.455182, -120.832384 57.456538, -120.837564 57.459121, -120.840906 57.458955, -120.843898 57.457288, -120.848541 57.455685, -120.848745 57.455845, -120.851366 57.455264, -120.853421 57.455773, -120.855212 57.456271, -120.856662 57.457327, -120.858261 57.459245, -120.859692 57.460443, -120.860047 57.461742, -120.859629 57.462867, -120.861454 57.46508, -120.864658 57.466918, -120.867978 57.467904, -120.869616 57.469538, -120.8705 57.470857, -120.872629 57.472796, -120.870453 57.475138, -120.870487 57.476852, -120.870992 57.479013, -120.870536 57.480422, -120.868173 57.482186, -120.867145 57.485857, -120.866175 57.489102, -120.86122 57.492334, -120.86029 57.49331, -120.860262 57.495772, -120.866362 57.499215, -120.870509 57.503865, -120.870629 57.507395, -120.863243 57.509031, -120.856116 57.508752, -120.854086 57.506109, -120.852824 57.502212, -120.846855 57.497812, -120.842742 57.49733, -120.83469 57.495091, -120.826755 57.496382, -120.8212 57.499131, -120.821121 57.499847, -120.820874 57.501274, -120.820479 57.502666, -120.819839 57.503979, -120.818829 57.50518, -120.817298 57.506188, -120.815272 57.506894, -120.812947 57.507265, -120.810514 57.507288, -120.808118 57.506984, -120.805895 57.506386, -120.803798 57.505644, -120.801771 57.504849, -120.799796 57.504023, -120.797833 57.503186, -120.795842 57.502379, -120.793748 57.501696, -120.791454 57.501262, -120.789007 57.501242, -120.786672 57.501708, -120.784719 57.50258, -120.783322 57.503754, -120.782314 57.505046, -120.78147 57.506361, -120.780685 57.50766, -120.779913 57.508945, -120.779136 57.510221, -120.77829 57.51147, -120.777306 57.512658, -120.775889 57.513705, -120.774092 57.514538, -120.772044 57.515163, -120.769989 57.51576, -120.768142 57.516509, -120.766676 57.517501, -120.765985 57.518701, -120.766003 57.520078, -120.766337 57.521463, -120.766606 57.522834, -120.766695 57.524209, -120.766552 57.52558, -120.766071 57.526923, -120.765249 57.528215, -120.764761 57.528782, -120.764179 57.529458, -120.762905 57.530642, -120.761456 57.531772, -120.759973 57.532899, -120.758513 57.53403, -120.757077 57.53517, -120.755713 57.536319, -120.754406 57.537471, -120.753173 57.53863, -120.752106 57.539825, -120.751268 57.541078, -120.750708 57.542388, -120.75042 57.543736, -120.750294 57.545103, -120.750201 57.54648, -120.750092 57.547873, -120.750014 57.549264, -120.750008 57.550643, -120.749995 57.552006, -120.749967 57.553362, -120.749921 57.554718, -120.749877 57.556075, -120.749826 57.55743, -120.749833 57.558787, -120.749899 57.560142, -120.750068 57.561485, -120.750362 57.562818, -120.750761 57.564139, -120.751206 57.565454, -120.751654 57.566759, -120.752119 57.568065, -120.752692 57.569362, -120.753428 57.57062, -120.754388 57.571822, -120.75557 57.572975, -120.757046 57.574056, -120.758787 57.575041, -120.760748 57.575951, -120.762774 57.576843, -120.764654 57.577789, -120.766183 57.578869, -120.767236 57.580107, -120.767918 57.581429, -120.768455 57.582798, -120.768938 57.584182, -120.769382 57.585575, -120.76978 57.586973, -120.770157 57.588359, -120.770454 57.589731, -120.770681 57.591091, -120.770965 57.592449, -120.771312 57.593807, -120.771663 57.595151, -120.772063 57.596486, -120.772496 57.597805, -120.772988 57.599109, -120.773524 57.600399, -120.774054 57.601684, -120.774592 57.602972, -120.775124 57.604263, -120.775653 57.605546, -120.776174 57.606834, -120.776613 57.608129, -120.776851 57.608996, -120.777051 57.609873, -120.77732 57.611197, -120.777634 57.612526, -120.777908 57.613854, -120.778138 57.615177, -120.778537 57.616498, -120.779154 57.617803, -120.780074 57.619046, -120.781372 57.620184, -120.783128 57.621114, -120.785306 57.621783, -120.78779 57.622099, -120.790369 57.622011, -120.792847 57.621671, -120.795147 57.621117, -120.797143 57.620339, -120.798666 57.61932, -120.799554 57.618102, -120.799701 57.616793, -120.799285 57.615496, -120.798751 57.614204, -120.798602 57.612866, -120.798607 57.612828, -120.793745 57.609531, -120.790743 57.605245, -120.789439 57.601667, -120.793362 57.599257, -120.798344 57.59785, -120.80017 57.598173, -120.805461 57.593963, -120.811719 57.591965, -120.81796 57.594454, -120.822672 57.597084, -120.824829 57.597082, -120.827153 57.596998, -120.829238 57.596613, -120.83086 57.595864, -120.831617 57.594708, -120.831175 57.593425, -120.830405 57.592178, -120.829302 57.591, -120.827757 57.589981, -120.82579 57.58917, -120.82359 57.588522, -120.821337 57.587934, -120.819103 57.587332, -120.816868 57.586703, -120.814624 57.58606, -120.812393 57.585402, -120.810232 57.584729, -120.808232 57.584003, -120.806457 57.583149, -120.805155 57.582148, -120.804158 57.580991, -120.803648 57.579737, -120.803629 57.578433, -120.804098 57.577128, -120.804995 57.575864, -120.806188 57.574649, -120.807508 57.573462, -120.808899 57.572305, -120.810383 57.571189, -120.812025 57.570157, -120.813935 57.569277, -120.816059 57.568569, -120.818324 57.568, -120.820649 57.567518, -120.823027 57.567148, -120.825428 57.56684, -120.827828 57.566592, -120.830227 57.566475, -120.832601 57.56656, -120.834924 57.566854, -120.837011 57.567441, -120.838864 57.568219, -120.840553 57.569101, -120.842126 57.57005, -120.843622 57.571038, -120.845122 57.572033, -120.846679 57.573034, -120.848291 57.574041, -120.849923 57.575061, -120.851582 57.57608, -120.853278 57.577072, -120.855011 57.578012, -120.856748 57.5789, -120.858522 57.579756, -120.860348 57.580576, -120.86223 57.581353, -120.864113 57.582108, -120.866015 57.582863, -120.867915 57.583597, -120.869806 57.584276, -120.871689 57.584907, -120.873578 57.585524, -120.875496 57.586158, -120.877461 57.586796, -120.879461 57.587414, -120.881486 57.588008, -120.883517 57.588547, -120.885561 57.588951, -120.887639 57.589092, -120.889633 57.588931, -120.891429 57.588469, -120.892863 57.587689, -120.893792 57.586681, -120.894248 57.585539, -120.894189 57.584339, -120.893657 57.583145, -120.892681 57.581991, -120.891351 57.580926, -120.890005 57.579876, -120.888658 57.578833, -120.887319 57.577789, -120.886025 57.576741, -120.884745 57.575683, -120.883453 57.574628, -120.88216 57.573565, -120.880902 57.572494, -120.879754 57.571411, -120.878731 57.570299, -120.877791 57.569157, -120.877297 57.567967, -120.877273 57.566725, -120.877756 57.565469, -120.878634 57.564247, -120.879708 57.563076, -120.880766 57.561904, -120.881619 57.560692, -120.882064 57.55941, -120.882014 57.5581, -120.88161 57.556795, -120.881157 57.555505, -120.880711 57.554213, -120.880214 57.552913, -120.879624 57.551616, -120.878938 57.550353, -120.87817 57.549122, -120.877313 57.54792, -120.876347 57.546748, -120.875252 57.545606, -120.874085 57.544504, -120.873072 57.543597, -120.872876 57.543421, -120.871556 57.542328, -120.870113 57.541265, -120.868648 57.540219, -120.867241 57.53917, -120.865878 57.538115, -120.864523 57.537047, -120.86314 57.535987, -120.861799 57.534932, -120.860485 57.533879, -120.859172 57.532832, -120.857871 57.531777, -120.85664 57.530697, -120.855599 57.529544, -120.854844 57.528303, -120.854503 57.527001, -120.854397 57.525687, -120.854441 57.524376, -120.854586 57.523085, -120.854817 57.521828, -120.855339 57.520628, -120.856267 57.51952, -120.85786 57.518673, -120.859992 57.518187, -120.862319 57.518039, -120.864653 57.517914, -120.866971 57.517752, -120.869278 57.517553, -120.871562 57.517319, -120.873804 57.517102, -120.876051 57.51706, -120.878262 57.517383, -120.880142 57.51816, -120.881572 57.519177, -120.882492 57.520359, -120.88319 57.521578, -120.88376 57.522832, -120.884313 57.524087, -120.884887 57.525369, -120.885777 57.526589, -120.886878 57.527748, -120.888072 57.528897, -120.88942 57.530015, -120.890879 57.531097, -120.892363 57.532167, -120.893839 57.533217, -120.895315 57.534257, -120.896764 57.535297, -120.898211 57.536341, -120.899665 57.537391, -120.90111 57.538449, -120.9025 57.539519, -120.903911 57.540582, -120.905564 57.541564, -120.907463 57.542425, -120.90963 57.543096, -120.91198 57.543553, -120.914418 57.543787, -120.916874 57.543699, -120.919277 57.543417, -120.921621 57.543035, -120.923927 57.542613, -120.926205 57.542187, -120.928424 57.541777, -120.930581 57.541355, -120.932721 57.540936, -120.934813 57.540507, -120.936866 57.54005, -120.938874 57.539565, -120.940856 57.53907, -120.942774 57.538574, -120.94466 57.538078, -120.946527 57.537544, -120.948218 57.536868, -120.949408 57.535933, -120.949864 57.534785, -120.950128 57.533597, -120.950253 57.532375, -120.950514 57.531136, -120.951156 57.529942, -120.952218 57.528837, -120.953644 57.52782, -120.95514 57.526806, -120.95631 57.525691, -120.956786 57.524408, -120.956239 57.523147, -120.954871 57.522019, -120.953121 57.521019, -120.951208 57.520068, -120.949252 57.51911, -120.947358 57.518082, -120.945612 57.516968, -120.944021 57.515798, -120.942616 57.514569, -120.941472 57.513251, -120.940605 57.511837, -120.940072 57.510397, -120.939868 57.508946, -120.939977 57.507479, -120.940404 57.506007, -120.941134 57.504577, -120.942117 57.503201, -120.943858 57.50149, -120.952649 57.506012, -120.95449 57.506798, -120.956327 57.507598, -120.958166 57.508409, -120.960038 57.509199, -120.961955 57.509963, -120.963867 57.510712, -120.965769 57.511477, -120.967724 57.512242, -120.969596 57.513023, -120.971451 57.513807, -120.973295 57.514592, -120.975111 57.515368, -120.976844 57.516147, -120.978507 57.516943, -120.980121 57.517749, -120.981698 57.518548, -120.98319 57.519373, -120.984569 57.520232, -120.985782 57.521169, -120.98656 57.522195, -120.987139 57.523238, -120.988084 57.524232, -120.989605 57.52493, -120.991612 57.525239, -120.993755 57.525051, -120.995663 57.524389, -120.997335 57.523506, -120.998797 57.522546, -120.999981 57.521471, -121.000801 57.520297, -121.001472 57.519099, -121.002132 57.517917, -121.002782 57.51675, -121.003408 57.515596, -121.003938 57.514409, -121.004167 57.513171, -121.004188 57.511902, -121.004132 57.510636, -121.004076 57.509401, -121.004086 57.508196, -121.004195 57.506979, -121.004619 57.505758, -121.005479 57.504573, -121.006757 57.503445, -121.008346 57.502389, -121.010141 57.501423, -121.012022 57.500569, -121.01395 57.499754, -121.015496 57.498712, -121.016513 57.497501, -121.017353 57.496246, -121.018126 57.494963, -121.018888 57.493684, -121.019655 57.492422, -121.020418 57.491168, -121.021181 57.489937, -121.021985 57.488696, -121.022581 57.487446, -121.022943 57.486186, -121.022983 57.484916, -121.022633 57.48367, -121.021958 57.482466, -121.021016 57.481303, -121.019948 57.480168, -121.018689 57.479074, -121.017207 57.478045, -121.015518 57.477089, -121.013746 57.476169, -121.011954 57.475277, -121.010168 57.474402, -121.008473 57.473508, -121.006914 57.472567, -121.005557 57.471503, -121.004608 57.470263, -121.003995 57.468922, -121.003322 57.467577, -121.002455 57.466263, -121.001455 57.464995, -121.000356 57.463757, -120.999207 57.462521, -120.998291 57.461329, -120.997736 57.460101, -120.997646 57.45883, -120.997927 57.457546, -120.998446 57.456261, -120.99901 57.454952, -120.999506 57.453628, -120.999942 57.452301, -121.000331 57.450984, -121.000703 57.449683, -121.001091 57.448391, -121.001494 57.44708, -121.001983 57.445773, -121.002572 57.444514, -121.003264 57.443268, -121.004012 57.442057, -121.005116 57.440948, -121.006676 57.439991, -121.008613 57.439282, -121.010724 57.438774, -121.012917 57.438459, -121.015161 57.438381, -121.017351 57.438577, -121.019329 57.439125, -121.020934 57.439968, -121.022156 57.440997, -121.022921 57.442164, -121.023317 57.443397, -121.023367 57.444657, -121.022962 57.445916, -121.022182 57.447137, -121.021226 57.448325, -121.020228 57.449506, -121.019221 57.450685, -121.018211 57.451851, -121.017569 57.452636, -121.016977 57.453436, -121.016276 57.454675, -121.015994 57.45551, -121.015903 57.456368, -121.016152 57.457644, -121.016904 57.458836, -121.01811 57.459921, -121.019768 57.460823, -121.021708 57.461508, -121.023665 57.462122, -121.025567 57.462768, -121.027189 57.463583, -121.028654 57.464487, -121.02999 57.465455, -121.031116 57.466496, -121.032082 57.467598, -121.032671 57.468782, -121.032912 57.470021, -121.033029 57.471242, -121.033166 57.472452, -121.033334 57.473651, -121.033491 57.474825, -121.033687 57.475969, -121.033932 57.477105, -121.034182 57.478233, -121.034693 57.479284, -121.035555 57.480266, -121.036631 57.481224, -121.037318 57.482271, -121.037663 57.483392, -121.037695 57.48452, -121.037585 57.485612, -121.037379 57.486677, -121.037107 57.487744, -121.03682 57.488829, -121.036636 57.489922, -121.036732 57.491006, -121.037325 57.492046, -121.038546 57.492959, -121.040362 57.493659, -121.042519 57.494147, -121.04485 57.494358, -121.047271 57.494337, -121.049717 57.494132, -121.052126 57.493794, -121.054516 57.493444, -121.056888 57.493101, -121.059264 57.492744, -121.061623 57.492445, -121.064015 57.492408, -121.066329 57.492703, -121.068491 57.493231, -121.070509 57.493933, -121.072504 57.494686, -121.074509 57.495446, -121.076605 57.496149, -121.078827 57.496687, -121.081176 57.496881, -121.083433 57.496597, -121.085334 57.495939, -121.087005 57.49519, -121.088632 57.494461, -121.090189 57.493731, -121.09147 57.492866, -121.09266 57.491916, -121.094201 57.491074, -121.096114 57.49041, -121.098155 57.489836, -121.100133 57.489215, -121.101934 57.488492, -121.103442 57.487647, -121.104522 57.486682, -121.105052 57.485572, -121.104791 57.484367, -121.104149 57.48316, -121.103497 57.481955, -121.102932 57.480737, -121.102624 57.479496, -121.10243 57.478257, -121.102263 57.477013, -121.101979 57.475783, -121.101439 57.474603, -121.10083 57.473439, -121.100242 57.472275, -121.099741 57.471093, -121.099275 57.469901, -121.098903 57.468695, -121.098689 57.467456, -121.098779 57.466193, -121.099181 57.464947, -121.099793 57.46373, -121.100739 57.46258, -121.101865 57.461458, -121.102998 57.460307, -121.104048 57.459108, -121.104954 57.457859, -121.105586 57.456569, -121.106101 57.455271, -121.106633 57.453988, -121.107209 57.452701, -121.10783 57.451417, -121.108521 57.450161, -121.109304 57.448952, -121.110099 57.447779, -121.110913 57.446634, -121.111719 57.445495, -121.112588 57.444365, -121.113608 57.443248, -121.114836 57.442168, -121.11638 57.441194, -121.118182 57.440353, -121.120174 57.439628, -121.122216 57.438935, -121.124237 57.438247, -121.126193 57.437546, -121.12801 57.436799, -121.129628 57.435968, -121.130836 57.434986, -121.131546 57.43388, -121.131614 57.432707, -121.13098 57.431574, -121.129759 57.430584, -121.128483 57.429652, -121.12757 57.4286, -121.127223 57.42744, -121.126994 57.426228, -121.126744 57.424969, -121.126519 57.423678, -121.126261 57.42237, -121.125829 57.421094, -121.125278 57.419854, -121.124782 57.418641, -121.124387 57.417435, -121.124156 57.416214, -121.124301 57.414966, -121.124599 57.414482, -121.125062 57.413734, -121.126548 57.412656, -121.128332 57.411723, -121.130033 57.410794, -121.13161 57.409816, -121.132897 57.408709, -121.13403 57.407535, -121.135056 57.406307, -121.135977 57.405053, -121.136717 57.403767, -121.137221 57.40246, -121.137475 57.401581, -121.137758 57.400245, -121.138087 57.398909, -121.13859 57.397602, -121.139352 57.396341, -121.140431 57.395123, -121.141779 57.39399, -121.14333 57.39296, -121.145054 57.392039, -121.14698 57.391263, -121.149106 57.390627, -121.151377 57.390167, -121.153704 57.389859, -121.156064 57.389651, -121.158435 57.389533, -121.160793 57.389565, -121.163111 57.389744, -121.16539 57.390031, -121.167661 57.390334, -121.169937 57.39062, -121.172206 57.390862, -121.174498 57.391052, -121.176798 57.391227, -121.179042 57.391354, -121.181196 57.391366, -121.183267 57.391148, -121.18512 57.390495, -121.186563 57.389515, -121.18767 57.388396, -121.188735 57.387247, -121.189754 57.386101, -121.190757 57.384956, -121.19169 57.383797, -121.192473 57.382633, -121.192921 57.381433, -121.193002 57.380224, -121.192784 57.379039, -121.192122 57.377883, -121.191124 57.376782, -121.190036 57.375688, -121.188946 57.374587, -121.18788 57.373483, -121.186913 57.372366, -121.186025 57.371237, -121.185304 57.370076, -121.184825 57.36887, -121.184702 57.367641, -121.184998 57.366403, -121.185613 57.365186, -121.186612 57.364016, -121.187916 57.36291, -121.189543 57.361913, -121.191361 57.360954, -121.193212 57.359966, -121.195091 57.358974, -121.196997 57.358002, -121.198928 57.35706, -121.200865 57.356158, -121.2028 57.355304, -121.204768 57.354511, -121.206729 57.353769, -121.208641 57.353052, -121.210548 57.352327, -121.212419 57.351589, -121.214228 57.350829, -121.215914 57.349962, -121.217366 57.348957, -121.218547 57.347841, -121.219577 57.346669, -121.220518 57.345463, -121.221324 57.344216, -121.221514 57.343776, -121.221879 57.342933, -121.22211 57.341625, -121.221844 57.340324, -121.220998 57.339079, -121.219625 57.33798, -121.21781 57.33709, -121.215777 57.336378, -121.213747 57.335696, -121.211762 57.335013, -121.209787 57.334318, -121.207786 57.333655, -121.205763 57.333028, -121.203771 57.332425, -121.201899 57.331783, -121.200368 57.330913, -121.199207 57.32985, -121.198319 57.328691, -121.197642 57.327457, -121.197068 57.326222, -121.196417 57.325059, -121.195301 57.324025, -121.193436 57.323287, -121.191152 57.323015, -121.188844 57.322867, -121.186561 57.322759, -121.184317 57.322681, -121.182116 57.32245, -121.180094 57.321856, -121.178578 57.320916, -121.177808 57.319757, -121.17786 57.318511, -121.178707 57.317325, -121.179973 57.31622, -121.181288 57.315132, -121.182633 57.314068, -121.184035 57.313032, -121.185572 57.312055, -121.186812 57.31143, -121.187305 57.311182, -121.189231 57.31045, -121.191221 57.309799, -121.193079 57.309084, -121.194668 57.308201, -121.195923 57.307154, -121.196654 57.305967, -121.196737 57.304721, -121.196188 57.303519, -121.194977 57.302453, -121.193379 57.301548, -121.19158 57.300791, -121.189717 57.300098, -121.187842 57.299414, -121.185914 57.298734, -121.183885 57.298112, -121.181772 57.297582, -121.179607 57.297129, -121.17741 57.296732, -121.175207 57.296336, -121.172976 57.2959, -121.171076 57.295207, -121.16952 57.294268, -121.168291 57.293179, -121.167277 57.292017, -121.166359 57.290856, -121.165399 57.28972, -121.164322 57.288597, -121.163121 57.287501, -121.161753 57.286444, -121.160224 57.285443, -121.159138 57.284813, -121.157979 57.284246, -121.156087 57.283508, -121.154694 57.283126, -121.153249 57.282851, -121.151086 57.282514, -121.148904 57.282202, -121.146706 57.2819, -121.14449 57.281632, -121.14229 57.281403, -121.14012 57.281225, -121.13799 57.281073, -121.135882 57.280946, -121.1338 57.280891, -121.131751 57.280964, -121.130018 57.281427, -121.12875 57.28226, -121.12785 57.283251, -121.126966 57.284243, -121.126022 57.285213, -121.125073 57.286154, -121.123844 57.286998, -121.122107 57.287534, -121.120159 57.287636, -121.118347 57.287256, -121.116989 57.286486, -121.116244 57.28546, -121.116174 57.28429, -121.116756 57.283148, -121.117805 57.282133, -121.119154 57.281148, -121.120491 57.280117, -121.121677 57.279021, -121.122749 57.277892, -121.123801 57.276758, -121.124799 57.275604, -121.125712 57.274441, -121.126522 57.273285, -121.127216 57.272153, -121.127737 57.271029, -121.128164 57.269911, -121.128521 57.268801, -121.128895 57.267716, -121.129344 57.266649, -121.129888 57.265586, -121.130455 57.264517, -121.131051 57.263428, -121.131655 57.262306, -121.132149 57.261117, -121.132322 57.259793, -121.131842 57.25848, -121.13078 57.25727, -121.129114 57.25626, -121.127159 57.255525, -121.124881 57.25519, -121.122491 57.255198, -121.120122 57.25538, -121.117744 57.255581, -121.115323 57.255654, -121.112909 57.255477, -121.11061 57.255097, -121.108502 57.254493, -121.106717 57.253645, -121.10533 57.252631, -121.104302 57.251498, -121.103671 57.250287, -121.103465 57.249021, -121.103601 57.247768, -121.10405 57.246541, -121.104777 57.245349, -121.105664 57.244164, -121.106605 57.242956, -121.107553 57.241737, -121.108492 57.240512, -121.109405 57.239285, -121.110282 57.238042, -121.111149 57.236773, -121.112014 57.235498, -121.112835 57.234218, -121.113538 57.232924, -121.114114 57.231632, -121.114621 57.230337, -121.115084 57.229027, -121.11554 57.227709, -121.116053 57.226397, -121.116648 57.225104, -121.1173 57.223824, -121.117957 57.22255, -121.118613 57.221274, -121.119294 57.219997, -121.12002 57.218742, -121.1208 57.217496, -121.121629 57.216262, -121.122492 57.21502, -121.123394 57.213777, -121.124371 57.212536, -121.125449 57.211306, -121.126699 57.210137, -121.128176 57.209047, -121.129839 57.208041, -121.131698 57.207174, -121.133717 57.206442, -121.135914 57.205881, -121.138212 57.205502, -121.140538 57.205297, -121.142864 57.205279, -121.145139 57.205476, -121.147331 57.205843, -121.149349 57.206399, -121.151168 57.207124, -121.152808 57.207963, -121.154366 57.208846, -121.155894 57.209742, -121.157415 57.21063, -121.158926 57.211509, -121.160441 57.212378, -121.161971 57.213228, -121.163511 57.214066, -121.165061 57.214901, -121.166568 57.215738, -121.168041 57.216587, -121.169473 57.21746, -121.170783 57.218418, -121.17194 57.219471, -121.173031 57.220561, -121.174134 57.221681, -121.175267 57.222826, -121.176401 57.223979, -121.177543 57.225126, -121.178706 57.226261, -121.179843 57.227399, -121.180927 57.228556, -121.181989 57.229725, -121.183044 57.230892, -121.184074 57.23205, -121.185107 57.233178, -121.186152 57.234287, -121.187255 57.235398, -121.188453 57.236508, -121.189657 57.237603, -121.190804 57.23866, -121.191838 57.239732, -121.192716 57.240857, -121.193244 57.241619, -121.194036 57.242734, -121.194834 57.243833, -121.195663 57.24491, -121.196224 57.245616, -121.197145 57.246636, -121.19848 57.247596, -121.200211 57.248207, -121.202221 57.248479, -121.204344 57.248312, -121.206306 57.247813, -121.208062 57.246993, -121.209513 57.245938, -121.210738 57.244793, -121.211924 57.243652, -121.213143 57.242528, -121.214443 57.241393, -121.215817 57.240262, -121.217198 57.239158, -121.218593 57.238057, -121.219948 57.236999, -121.221298 57.23599, -121.222664 57.235073, -121.223883 57.234184, -121.224813 57.233237, -121.225367 57.232176, -121.225338 57.231007, -121.225101 57.229787, -121.224849 57.228546, -121.224536 57.227311, -121.22419 57.226079, -121.223764 57.224819, -121.223363 57.223541, -121.22306 57.222248, -121.222935 57.22096, -121.223192 57.21969, -121.223664 57.218922, -121.223733 57.217701, -121.223713 57.216095, -121.223112 57.213874, -121.222255 57.21194, -121.223578 57.210146, -121.226226 57.209173, -121.231237 57.208643, -121.235167 57.208846, -121.237675 57.208996, -121.239517 57.209702, -121.241564 57.209506, -121.241983 57.209264, -121.243421 57.208467, -121.244945 57.207754, -121.246629 57.207205, -121.248523 57.206984, -121.2505 57.207164, -121.25235 57.207701, -121.253801 57.208469, -121.254943 57.209352, -121.256036 57.210268, -121.257177 57.211195, -121.258334 57.212112, -121.25945 57.213032, -121.260611 57.213929, -121.261932 57.214758, -121.263464 57.215437, -121.265158 57.215948, -121.267019 57.216236, -121.269036 57.216089, -121.270997 57.215613, -121.272895 57.215094, -121.274881 57.214845, -121.276882 57.214993, -121.278732 57.21546, -121.280266 57.216221, -121.281454 57.217142, -121.282252 57.218164, -121.282639 57.219213, -121.282392 57.220228, -121.281358 57.221069, -121.279851 57.221733, -121.278038 57.222238, -121.276121 57.222709, -121.274371 57.22327, -121.273109 57.224081, -121.272634 57.225074, -121.272937 57.226109, -121.273382 57.22715, -121.273969 57.228188, -121.274683 57.229162, -121.275696 57.22998, -121.27699 57.230603, -121.278607 57.230926, -121.280461 57.230837, -121.282253 57.230429, -121.284022 57.229948, -121.285839 57.229509, -121.287691 57.229151, -121.28951 57.228834, -121.291373 57.228632, -121.293257 57.228692, -121.29505 57.229091, -121.296637 57.229721, -121.298224 57.230353, -121.299862 57.230971, -121.30166 57.231445, -121.303698 57.231626, -121.305812 57.23151, -121.307827 57.231048, -121.309597 57.230333, -121.311206 57.229531, -121.312831 57.228827, -121.314651 57.228358, -121.316472 57.22785, -121.318156 57.227151, -121.31969 57.226332, -121.320975 57.225374, -121.322142 57.224438, -121.323335 57.223586, -121.324791 57.222874, -121.326494 57.222358, -121.328305 57.221894, -121.329962 57.221311, -121.331243 57.22046, -121.33227 57.219537, -121.3334 57.218607, -121.334672 57.217678, -121.336098 57.216783, -121.337554 57.215911, -121.338789 57.214925, -121.33972 57.213789, -121.340725 57.212687, -121.341871 57.211616, -121.343204 57.21061, -121.344665 57.209632, -121.346162 57.208654, -121.347599 57.207667, -121.349 57.206685, -121.350402 57.205708, -121.351709 57.204691, -121.352724 57.203569, -121.353223 57.202347, -121.353297 57.201075, -121.353388 57.199778, -121.353981 57.198509, -121.35513 57.197363, -121.356486 57.196281, -121.357973 57.195237, -121.359089 57.194589, -121.361056 57.193785, -121.36334 57.193233, -121.365691 57.192801, -121.368054 57.192446, -121.370407 57.192115, -121.372741 57.191774, -121.375052 57.191412, -121.377343 57.191035, -121.379648 57.190636, -121.381961 57.190221, -121.384309 57.189794, -121.38672 57.189384, -121.389209 57.188995, -121.39175 57.188645, -121.39427 57.188359, -121.396737 57.188157, -121.399177 57.188066, -121.401638 57.188069, -121.404103 57.188115, -121.406552 57.188181, -121.409035 57.188257, -121.411555 57.188328, -121.414057 57.188383, -121.416484 57.188454, -121.418806 57.188539, -121.421063 57.188654, -121.423304 57.188789, -121.425526 57.188933, -121.427726 57.18898, -121.429847 57.188753, -121.431594 57.188095, -121.432588 57.187035, -121.432728 57.185803, -121.432745 57.184575, -121.432954 57.183287, -121.433488 57.181982, -121.434386 57.180784, -121.435488 57.179671, -121.436672 57.178616, -121.437881 57.177588, -121.439115 57.176599, -121.440408 57.175671, -121.441697 57.174778, -121.442883 57.173855, -121.443939 57.172894, -121.445176 57.172059, -121.446844 57.171646, -121.448579 57.17181, -121.449983 57.172507, -121.450918 57.173474, -121.451701 57.174486, -121.452481 57.175496, -121.45332 57.176487, -121.45409 57.177483, -121.454811 57.178494, -121.45559 57.179496, -121.456691 57.180358, -121.458223 57.180991, -121.460089 57.18136, -121.461973 57.181705, -121.463771 57.182215, -121.465235 57.182974, -121.466251 57.183914, -121.466885 57.184955, -121.467227 57.186035, -121.467273 57.187126, -121.467136 57.18822, -121.466859 57.189339, -121.466576 57.190489, -121.466364 57.19167, -121.466299 57.192866, -121.466335 57.1941, -121.466366 57.19533, -121.466367 57.196501, -121.466246 57.197642, -121.46595 57.198743, -121.46542 57.199803, -121.46469 57.200783, -121.463756 57.201701, -121.462678 57.202551, -121.461439 57.203332, -121.460058 57.204059, -121.458645 57.204753, -121.457317 57.205484, -121.456143 57.206254, -121.455098 57.207071, -121.454111 57.207947, -121.453171 57.208828, -121.45227 57.209721, -121.451372 57.210636, -121.450498 57.211572, -121.449635 57.212489, -121.448779 57.213393, -121.447898 57.214278, -121.446972 57.215186, -121.446059 57.216133, -121.445141 57.21711, -121.444239 57.218082, -121.443477 57.219088, -121.442693 57.220137, -121.442052 57.221219, -121.441618 57.222329, -121.441515 57.22348, -121.441608 57.224625, -121.441842 57.225773, -121.442356 57.226898, -121.443089 57.227997, -121.443969 57.229063, -121.44491 57.230086, -121.445864 57.231086, -121.44688 57.23206, -121.44817 57.232956, -121.449749 57.233751, -121.451524 57.234431, -121.453349 57.235055, -121.455228 57.235631, -121.457103 57.23618, -121.458976 57.236708, -121.460762 57.237214, -121.462446 57.237709, -121.463881 57.238338, -121.46485 57.239189, -121.465295 57.240192, -121.465166 57.241249, -121.464571 57.242274, -121.463778 57.243235, -121.462859 57.244191, -121.461894 57.245161, -121.460926 57.246107, -121.459949 57.247034, -121.459023 57.247949, -121.458091 57.248857, -121.457136 57.249754, -121.456291 57.250618, -121.455733 57.251514, -121.455729 57.252426, -121.456519 57.253265, -121.458292 57.253707, -121.460304 57.253944, -121.461554 57.254221, -121.463218 57.254865, -121.464099 57.255466, -121.465077 57.256476, -121.465565 57.257177, -121.46607 57.25826, -121.466491 57.259335, -121.466875 57.260406, -121.467379 57.261493, -121.467958 57.262561, -121.468106 57.263633, -121.467568 57.264661, -121.4664 57.265556, -121.464772 57.266243, -121.462895 57.266723, -121.460891 57.267054, -121.458875 57.267358, -121.456895 57.267671, -121.454956 57.267956, -121.453086 57.268196, -121.451249 57.268419, -121.449418 57.268639, -121.447572 57.268888, -121.445701 57.269214, -121.443861 57.269706, -121.442318 57.270421, -121.441217 57.271297, -121.440592 57.272259, -121.440633 57.27323, -121.441464 57.274127, -121.442842 57.274838, -121.444516 57.275345, -121.447038 57.275656, -121.449782 57.275722, -121.451351 57.275479, -121.452555 57.275075, -121.453694 57.274283, -121.454364 57.273741, -121.456032 57.273591, -121.457337 57.273726, -121.459089 57.274262, -121.460649 57.274554, -121.461947 57.274583, -121.463142 57.274301, -121.463815 57.274078, -121.46647 57.273265, -121.467648 57.273029, -121.469021 57.272521, -121.469614 57.271971, -121.469846 57.271504, -121.470042 57.270964, -121.470365 57.270614, -121.47115 57.270455, -121.472148 57.270276, -121.472956 57.270147, -121.473573 57.26984, -121.474016 57.269442, -121.474431 57.269057, -121.474669 57.268609, -121.473878 57.267997, -121.473429 57.267702, -121.473268 57.267483, -121.473207 57.267253, -121.473276 57.267123, -121.473405 57.266879, -121.474301 57.266376, -121.474896 57.266182, -121.475766 57.266082, -121.476807 57.265944, -121.478414 57.265529, -121.47887 57.265245, -121.479691 57.265003, -121.480355 57.264969, -121.480665 57.265022, -121.482122 57.265152, -121.483853 57.265402, -121.484928 57.265618, -121.486277 57.266116, -121.48723 57.266612, -121.48773 57.266855, -121.488244 57.266968, -121.489168 57.267046, -121.492868 57.267078, -121.493768 57.267087, -121.492785 57.264192, -121.493752 57.260659, -121.499344 57.255206, -121.502466 57.255681, -121.510454 57.250517, -121.515651 57.243991, -121.521113 57.242741, -121.527178 57.243907, -121.537711 57.244745, -121.547695 57.242691, -121.551347 57.241603, -121.54954 57.23525, -121.545658 57.23084, -121.549029 57.224537, -121.548705 57.219772, -121.55344 57.216843, -121.568294 57.221388, -121.574505 57.224688, -121.578554 57.231481, -121.580114 57.237, -121.586356 57.243866, -121.588657 57.250599, -121.586467 57.254329, -121.584511 57.255355, -121.584244 57.259534, -121.58498 57.262679, -121.584144 57.263457, -121.58272 57.265574, -121.582635 57.266314, -121.580632 57.266989, -121.579305 57.266573, -121.577961 57.266305, -121.573133 57.26525, -121.570479 57.264417, -121.5648 57.264225, -121.555431 57.267778, -121.543976 57.271667, -121.536358 57.272834, -121.532632 57.27304, -121.532237 57.273144, -121.525397 57.276899, -121.523091 57.279612, -121.522945 57.27983, -121.524118 57.28187, -121.525417 57.283582, -121.527827 57.284093, -121.531342 57.284213, -121.531882 57.284337, -121.536282 57.282619, -121.542963 57.281956, -121.54834 57.28303, -121.551867 57.285824, -121.552632 57.288592, -121.553173 57.288749, -121.555193 57.289309, -121.557221 57.289847, -121.559258 57.290357, -121.56133 57.290826, -121.563521 57.291173, -121.565831 57.291286, -121.568215 57.291134, -121.570596 57.290763, -121.572789 57.290185, -121.574814 57.289518, -121.576765 57.288834, -121.578724 57.288164, -121.580692 57.287507, -121.58262 57.286842, -121.58452 57.286117, -121.586405 57.285353, -121.58826 57.284566, -121.590124 57.283824, -121.592118 57.283153, -121.594238 57.282608, -121.59652 57.282309, -121.598824 57.282203, -121.601113 57.28217, -121.603384 57.282185, -121.605674 57.282169, -121.607943 57.282177, -121.610232 57.282159, -121.612498 57.282151, -121.614758 57.282204, -121.617057 57.282271, -121.61933 57.282377, -121.621592 57.282518, -121.623877 57.282698, -121.626133 57.282913, -121.628345 57.283144, -121.630496 57.283349, -121.632569 57.283554, -121.634638 57.283752, -121.636733 57.283945, -121.63883 57.284129, -121.640904 57.284283, -121.642911 57.284378, -121.644824 57.284416, -121.646673 57.284204, -121.648328 57.283601, -121.649524 57.282639, -121.650622 57.281671, -121.651865 57.280769, -121.653186 57.279918, -121.654484 57.279074, -121.655601 57.278148, -121.656354 57.277095, -121.65666 57.275944, -121.656724 57.27517, -121.656817 57.274019, -121.656983 57.272868, -121.657292 57.27173, -121.657896 57.270628, -121.658844 57.269611, -121.660151 57.268734, -121.661782 57.268026, -121.663617 57.267493, -121.665618 57.267161, -121.667735 57.267023, -121.669915 57.267036, -121.672076 57.267163, -121.674256 57.267314, -121.676425 57.267475, -121.678549 57.267683, -121.680665 57.267919, -121.682775 57.26804, -121.684927 57.26811, -121.687066 57.268165, -121.689225 57.268217, -121.6914 57.268218, -121.693557 57.268185, -121.695723 57.268167, -121.69792 57.268171, -121.700139 57.268178, -121.702358 57.268161, -121.70454 57.268127, -121.706665 57.268104, -121.708719 57.268081, -121.710747 57.26801, -121.712757 57.267875, -121.714744 57.267653, -121.716621 57.267247, -121.718185 57.266564, -121.719462 57.265722, -121.720723 57.264932, -121.722278 57.264313, -121.724015 57.263853, -121.725934 57.263616, -121.727888 57.263708, -121.729748 57.264125, -121.731384 57.264828, -121.732945 57.265572, -121.734694 57.266199, -121.736633 57.266674, -121.738729 57.266975, -121.740886 57.267169, -121.743085 57.267281, -121.745273 57.267284, -121.747441 57.267168, -121.749616 57.266965, -121.751776 57.266684, -121.753867 57.26635, -121.755807 57.265888, -121.757502 57.265248, -121.759003 57.264488, -121.760352 57.26366, -121.761646 57.262792, -121.762931 57.261892, -121.764227 57.260984, -121.765507 57.260044, -121.76676 57.259091, -121.767976 57.258122, -121.769102 57.257107, -121.770152 57.256044, -121.771144 57.254942, -121.772076 57.253798, -121.772903 57.252629, -121.773653 57.25145, -121.774351 57.250269, -121.775051 57.249067, -121.775753 57.247851, -121.776355 57.246608, -121.77685 57.245341, -121.777175 57.244081, -121.777381 57.242826, -121.777575 57.241587, -121.777858 57.240371, -121.778331 57.239213, -121.779078 57.238146, -121.780082 57.237161, -121.781247 57.236259, -121.782474 57.235402, -121.783737 57.234528, -121.784852 57.233563, -121.785603 57.232497, -121.785869 57.231268, -121.785767 57.230073, -121.785583 57.228885, -121.785618 57.22771, -121.785987 57.226552, -121.786532 57.225406, -121.787202 57.224283, -121.787994 57.223213, -121.788911 57.222187, -121.78992 57.221155, -121.790999 57.220145, -121.792157 57.219207, -121.7936 57.218408, -121.79533 57.217813, -121.797229 57.21744, -121.799228 57.217176, -121.801249 57.217127, -121.80326 57.217294, -121.805232 57.217598, -121.8072 57.217923, -121.809191 57.218211, -121.811225 57.218409, -121.813265 57.218513, -121.815322 57.218514, -121.81741 57.218414, -121.819496 57.218258, -121.821551 57.218049, -121.823577 57.217738, -121.825613 57.217365, -121.827666 57.21693, -121.829692 57.21647, -121.831714 57.216021, -121.833751 57.215584, -121.835737 57.21515, -121.837702 57.214742, -121.839487 57.214278, -121.841162 57.213747, -121.842678 57.213147, -121.843842 57.212477, -121.844492 57.211669, -121.844359 57.210776, -121.843845 57.209878, -121.843377 57.208955, -121.842922 57.20796, -121.842548 57.20696, -121.842361 57.205954, -121.842364 57.20495, -121.842755 57.203992, -121.843745 57.203184, -121.845249 57.202597, -121.847107 57.202312, -121.849119 57.202286, -121.851141 57.202504, -121.852442 57.202755, -121.853726 57.203037, -121.85567 57.203442, -121.857713 57.203729, -121.859848 57.203837, -121.861962 57.203786, -121.864035 57.203578, -121.866089 57.203286, -121.868055 57.202839, -121.869881 57.202302, -121.871514 57.201677, -121.872905 57.200922, -121.873867 57.200008, -121.874388 57.198981, -121.874271 57.197915, -121.873992 57.196846, -121.874047 57.195756, -121.874373 57.194612, -121.874627 57.193389, -121.874826 57.192137, -121.87509 57.190892, -121.875429 57.18965, -121.875939 57.188437, -121.876596 57.18725, -121.877349 57.186104, -121.878217 57.185018, -121.879157 57.183965, -121.880093 57.182899, -121.881015 57.181805, -121.88191 57.180662, -121.882707 57.179493, -121.88333 57.178345, -121.883641 57.17721, -121.883643 57.17606, -121.883078 57.174932, -121.881958 57.173929, -121.880239 57.173174, -121.878285 57.172599, -121.876225 57.172096, -121.874106 57.171634, -121.871968 57.171176, -121.869881 57.170649, -121.867799 57.170083, -121.865671 57.169498, -121.863535 57.168888, -121.861401 57.16828, -121.859299 57.16767, -121.857199 57.167046, -121.855134 57.166388, -121.853167 57.165651, -121.851274 57.164844, -121.849487 57.163981, -121.847865 57.163053, -121.846458 57.162066, -121.845317 57.161021, -121.844452 57.159959, -121.844034 57.158842, -121.844167 57.157719, -121.844819 57.156623, -121.84584 57.15569, -121.847206 57.154995, -121.848966 57.154593, -121.850889 57.154506, -121.852804 57.154596, -121.854695 57.15477, -121.85649 57.154935, -121.858272 57.154964, -121.859843 57.154738, -121.860979 57.154162, -121.861187 57.153417, -121.860239 57.1526, -121.858596 57.152044, -121.856787 57.151521, -121.855037 57.150995, -121.853424 57.150396, -121.851921 57.149748, -121.850472 57.149081, -121.84908 57.14836, -121.84794 57.147542, -121.847156 57.146599, -121.846837 57.145587, -121.846866 57.144558, -121.847172 57.143521, -121.847631 57.142433, -121.848248 57.141311, -121.849174 57.14022, -121.850385 57.139213, -121.851738 57.138266, -121.853078 57.137339, -121.854393 57.136441, -121.855705 57.1356, -121.857 57.134778, -121.858192 57.133987, -121.859525 57.133367, -121.86112 57.133019, -121.86282 57.132901, -121.864523 57.132805, -121.866213 57.13262, -121.867942 57.132453, -121.869711 57.132499, -121.871453 57.132573, -121.873062 57.132644, -121.8745 57.132601, -121.876312 57.132132, -121.877201 57.131447, -121.877561 57.130734, -121.876815 57.130053, -121.876677 57.129918, -121.875798 57.129062, -121.874906 57.128123, -121.874888 57.128103, -121.874003 57.127172, -121.873136 57.126262, -121.872343 57.125367, -121.871559 57.12448, -121.870609 57.123654, -121.869355 57.122956, -121.868014 57.122334, -121.8669 57.121681, -121.866398 57.120884, -121.865634 57.120075, -121.863889 57.119522, -121.86207 57.119025, -121.860368 57.118495, -121.858713 57.117989, -121.857441 57.117633, -121.85714 57.117549, -121.855641 57.117187, -121.853964 57.117175, -121.852452 57.117738, -121.851919 57.118297, -121.851506 57.118731, -121.851106 57.119845, -121.850446 57.120869, -121.849053 57.121598, -121.847239 57.121871, -121.845368 57.121811, -121.843521 57.121691, -121.841613 57.121777, -121.839754 57.122188, -121.838006 57.122721, -121.836329 57.123161, -121.834703 57.123293, -121.833297 57.122985, -121.832184 57.122424, -121.831082 57.121836, -121.830005 57.121223, -121.828587 57.120804, -121.82672 57.120806, -121.824819 57.121419, -121.823309 57.122474, -121.82268 57.123122, -121.821813 57.123516, -121.820456 57.124359, -121.819008 57.125122, -121.817405 57.125775, -121.815719 57.126402, -121.814274 57.126931, -121.812558 57.127274, -121.81028 57.127441, -121.809323 57.127581, -121.807764 57.127517, -121.807389 57.127537, -121.807045 57.127612, -121.806775 57.127745, -121.806612 57.12792, -121.806548 57.128116, -121.806603 57.128285, -121.806613 57.128315, -121.806791 57.128496, -121.807038 57.128651, -121.807599 57.128935, -121.807851 57.12911, -121.808047 57.129321, -121.808199 57.129546, -121.808457 57.129989, -121.808606 57.130197, -121.809093 57.130737, -121.809313 57.131063, -121.809393 57.131371, -121.809258 57.131688, -121.809141 57.132047, -121.809213 57.132646, -121.809142 57.133105, -121.808803 57.133575, -121.808272 57.134003, -121.807634 57.134375, -121.806978 57.134714, -121.806448 57.135074, -121.806195 57.135497, -121.806151 57.135952, -121.806057 57.136674, -121.806047 57.136914, -121.806053 57.137627, -121.80608 57.1381, -121.80614 57.138805, -121.806105 57.139041, -121.805856 57.139516, -121.805509 57.140005, -121.805035 57.14076, -121.804717 57.14124, -121.804551 57.141471, -121.804183 57.141924, -121.803978 57.142145, -121.803549 57.142573, -121.803095 57.142986, -121.802698 57.143401, -121.802372 57.143801, -121.802157 57.143977, -121.801455 57.144221, -121.801035 57.144284, -121.800598 57.144334, -121.799761 57.144536, -121.799415 57.144711, -121.799119 57.144913, -121.798351 57.145542, -121.797847 57.145927, -121.797266 57.146246, -121.796506 57.146402, -121.795685 57.146398, -121.794932 57.146314, -121.794094 57.145945, -121.793925 57.145546, -121.794122 57.145114, -121.794494 57.144683, -121.794645 57.144445, -121.794748 57.144194, -121.794881 57.143685, -121.795069 57.143178, -121.795189 57.142926, -121.795473 57.142431, -121.795643 57.142191, -121.795831 57.141957, -121.796276 57.141509, -121.796818 57.141103, -121.797434 57.140739, -121.798007 57.140414, -121.798253 57.140055, -121.798219 57.139881, -121.797851 57.139605, -121.796799 57.139496, -121.795592 57.139633, -121.794394 57.139564, -121.793297 57.139375, -121.792685 57.139166, -121.792273 57.138841, -121.792219 57.138412, -121.792582 57.137966, -121.7929 57.137767, -121.79366 57.137431, -121.794833 57.136987, -121.795574 57.136733, -121.795936 57.13662, -121.796646 57.136427, -121.797327 57.136284, -121.798001 57.136199, -121.79884 57.135898, -121.799193 57.135343, -121.799216 57.135135, -121.799154 57.13492, -121.799025 57.134706, -121.798848 57.134498, -121.79837 57.134109, -121.798075 57.133932, -121.79772 57.13379, -121.797322 57.133687, -121.796869 57.133644, -121.796375 57.133679, -121.794702 57.133851, -121.793045 57.134141, -121.791547 57.134102, -121.791216 57.133962, -121.790946 57.133795, -121.790752 57.133602, -121.790642 57.133393, -121.790619 57.133177, -121.790671 57.132962, -121.790785 57.132762, -121.790933 57.132571, -121.791102 57.132392, -121.791276 57.132228, -121.791399 57.132074, -121.79144 57.131925, -121.791363 57.131794, -121.791165 57.131703, -121.790886 57.131662, -121.790552 57.131693, -121.790206 57.131792, -121.789977 57.131908, -121.789881 57.131944, -121.789013 57.132497, -121.788684 57.132653, -121.788296 57.132767, -121.787851 57.132835, -121.787367 57.132861, -121.786852 57.132833, -121.786319 57.13276, -121.785778 57.132649, -121.78524 57.132508, -121.783637 57.132042, -121.783077 57.13192, -121.781911 57.13179, -121.78133 57.131788, -121.780764 57.131837, -121.779737 57.132075, -121.778899 57.132469, -121.778296 57.132991, -121.778075 57.133275, -121.77769 57.133853, -121.777168 57.134719, -121.776966 57.134996, -121.776712 57.135264, -121.77637 57.135507, -121.775951 57.135721, -121.775466 57.135909, -121.774937 57.136063, -121.774387 57.136198, -121.773829 57.136319, -121.772156 57.136636, -121.770616 57.136943, -121.770132 57.137028, -121.76965 57.137078, -121.768701 57.137018, -121.76786 57.136749, -121.767527 57.136559, -121.767259 57.136348, -121.767062 57.136116, -121.766944 57.135611, -121.767035 57.135355, -121.767217 57.135099, -121.767493 57.134849, -121.767817 57.134597, -121.76854 57.134077, -121.769268 57.133534, -121.769606 57.133256, -121.769907 57.132972, -121.770339 57.132384, -121.770452 57.132085, -121.770479 57.131779, -121.770409 57.131472, -121.770245 57.131172, -121.769764 57.130613, -121.769496 57.130347, -121.768913 57.129839, -121.768198 57.129382, -121.767332 57.129016, -121.766355 57.128763, -121.765325 57.128602, -121.763901 57.128281, -121.76322 57.127933, -121.7629 57.127474, -121.763027 57.127002, -121.763268 57.126794, -121.764013 57.126491, -121.764488 57.126408, -121.765003 57.126373, -121.765536 57.126379, -121.766066 57.126413, -121.7664 57.126446, -121.76761 57.126566, -121.768092 57.126587, -121.768554 57.126571, -121.768974 57.126495, -121.769336 57.126362, -121.769595 57.126167, -121.769734 57.125933, -121.769747 57.125679, -121.769657 57.125426, -121.7695 57.125181, -121.769287 57.124948, -121.769033 57.124725, -121.768354 57.12433, -121.767616 57.123973, -121.766778 57.123599, -121.76634 57.123355, -121.766068 57.123204, -121.76578 57.122986, -121.765453 57.122481, -121.765522 57.121935, -121.765894 57.121421, -121.766145 57.121184, -121.766755 57.120766, -121.767431 57.120421, -121.768203 57.120185, -121.768636 57.120134, -121.769088 57.120133, -121.769542 57.120183, -121.769983 57.120275, -121.770464 57.120221, -121.771242 57.12004, -121.778268 57.120588, -121.782106 57.123274, -121.79036 57.124043, -121.792169 57.123655, -121.792187 57.122948, -121.792212 57.122055, -121.792347 57.121166, -121.792705 57.120275, -121.793109 57.119388, -121.793334 57.11849, -121.793171 57.117593, -121.792743 57.116736, -121.792316 57.115914, -121.79201 57.11512, -121.79161 57.114359, -121.79061 57.113733, -121.789614 57.113117, -121.789332 57.112312, -121.789599 57.111439, -121.790049 57.110553, -121.790585 57.109653, -121.791108 57.108734, -121.791529 57.107794, -121.791866 57.106851, -121.792237 57.105907, -121.792652 57.104966, -121.792664 57.10494, -121.792931 57.104395, -121.793103 57.104042, -121.793651 57.103165, -121.79428 57.102325, -121.79481 57.101486, -121.795239 57.100638, -121.79566 57.099816, -121.796072 57.098997, -121.796654 57.098199, -121.797509 57.097441, -121.79864 57.096783, -121.799925 57.096214, -121.801384 57.095813, -121.803022 57.095649, -121.804743 57.095549, -121.806442 57.095378, -121.807913 57.094965, -121.808926 57.094265, -121.809589 57.093452, -121.810082 57.092645, -121.810583 57.091855, -121.811344 57.09115, -121.812214 57.090527, -121.813115 57.089979, -121.813971 57.089493, -121.814339 57.088926, -121.814045 57.088544, -121.813869 57.088316, -121.812968 57.087807, -121.81172 57.087469, -121.810251 57.087392, -121.808757 57.087297, -121.807245 57.087244, -121.805699 57.087292, -121.804134 57.087148, -121.802578 57.086831, -121.801059 57.086329, -121.79924 57.086032, -121.797424 57.085777, -121.795864 57.085245, -121.794395 57.084626, -121.792791 57.084117, -121.791014 57.083764, -121.790327 57.083529, -121.789354 57.083769, -121.786454 57.083865, -121.784452 57.083753, -121.783026 57.083184, -121.782673 57.082412, -121.783243 57.082003, -121.783116 57.081571, -121.782166 57.081445, -121.78133 57.081085, -121.780238 57.08067, -121.779879 57.080419, -121.779344 57.080692, -121.778018 57.081323, -121.77641 57.081746, -121.774733 57.082138, -121.77302 57.082099, -121.771538 57.081589, -121.770236 57.081104, -121.769105 57.080701, -121.768892 57.080539, -121.768539 57.080086, -121.768812 57.079574, -121.769324 57.078857, -121.769617 57.078152, -121.769928 57.077548, -121.770773 57.077184, -121.772027 57.077412, -121.773295 57.07795, -121.774612 57.078373, -121.775931 57.078264, -121.776736 57.077662, -121.777092 57.076872, -121.777808 57.076135, -121.778959 57.075526, -121.780249 57.074943, -121.781498 57.074321, -121.782726 57.073742, -121.783756 57.073151, -121.78398 57.07244, -121.783182 57.071735, -121.782084 57.071098, -121.780998 57.070485, -121.77985 57.069924, -121.778344 57.06961, -121.776545 57.069796, -121.774911 57.070048, -121.774718 57.070078, -121.77283 57.070223, -121.771023 57.070088, -121.770384 57.069269, -121.770097 57.067893, -121.771744 57.066122, -121.772831 57.065258, -121.774598 57.064755, -121.776659 57.064647, -121.778701 57.064937, -121.780643 57.065388, -121.782489 57.065938, -121.784208 57.066577, -121.785894 57.067224, -121.787632 57.067788, -121.789535 57.067954, -121.791377 57.067664, -121.793237 57.067266, -121.795164 57.066949, -121.797202 57.066664, -121.799332 57.066374, -121.801504 57.066097, -121.803697 57.065923, -121.805897 57.065851, -121.80737 57.06583, -121.809544 57.065805, -121.81168 57.06581, -121.813788 57.065834, -121.815895 57.065852, -121.817978 57.065853, -121.820019 57.065825, -121.821991 57.065793, -121.823856 57.065756, -121.825634 57.065687, -121.82742 57.065579, -121.829183 57.065442, -121.830886 57.06528, -121.832562 57.065156, -121.834255 57.065147, -121.836025 57.065278, -121.837732 57.065606, -121.839355 57.066033, -121.840922 57.066496, -121.842472 57.066963, -121.844018 57.067431, -121.845536 57.06785, -121.847314 57.067583, -121.849073 57.067241, -121.849137 57.067228, -121.849596 57.066502, -121.850086 57.066496, -121.850531 57.066473, -121.851327 57.066185, -121.852436 57.065893, -121.852443 57.065891, -121.853258 57.065682, -121.854496 57.065561, -121.854739 57.065508, -121.855071 57.0652, -121.855603 57.065013, -121.855848 57.064773, -121.856204 57.064574, -121.856439 57.064071, -121.856867 57.063771, -121.857343 57.063662, -121.857968 57.063474, -121.858893 57.063392, -121.85947 57.063363, -121.859842 57.063211, -121.860701 57.063186, -121.861728 57.063023, -121.862208 57.062762, -121.862578 57.062554, -121.862762 57.062273, -121.862799 57.062122, -121.863238 57.061938, -121.863854 57.061797, -121.864359 57.061522, -121.864747 57.061436, -121.865436 57.06126, -121.866068 57.061286, -121.866341 57.061438, -121.867069 57.06167, -121.867543 57.061951, -121.867914 57.062165, -121.868519 57.062254, -121.868629 57.062389, -121.868628 57.062477, -121.86862 57.062565, -121.868802 57.062587, -121.868988 57.062493, -121.869183 57.062437, -121.869424 57.062458, -121.86979 57.062437, -121.870156 57.062335, -121.870452 57.062185, -121.870837 57.061995, -121.871661 57.061554, -121.871763 57.061453, -121.872868 57.061313, -121.874743 57.061083, -121.876363 57.060956, -121.876847 57.061336, -121.876965 57.061284, -121.877205 57.061288, -121.877454 57.061263, -121.877836 57.061174, -121.878083 57.061161, -121.87811 57.061239, -121.878163 57.061338, -121.878174 57.061457, -121.878261 57.061594, -121.878434 57.061661, -121.878515 57.061757, -121.879011 57.061813, -121.879112 57.061919, -121.879338 57.061877, -121.879755 57.06189, -121.880003 57.061753, -121.880332 57.061638, -121.880628 57.061547, -121.880889 57.061492, -121.88114 57.061518, -121.881488 57.061482, -121.881729 57.061576, -121.881962 57.061576, -121.882164 57.061643, -121.882403 57.06173, -121.882539 57.061747, -121.882722 57.061856, -121.882618 57.062023, -121.882807 57.062143, -121.882989 57.062169, -121.883175 57.062129, -121.883516 57.061975, -121.883688 57.061958, -121.884139 57.061773, -121.884934 57.061542, -121.885417 57.061457, -121.885799 57.061479, -121.88606 57.061628, -121.886275 57.061613, -121.886419 57.061631, -121.886689 57.061591, -121.886911 57.061722, -121.887144 57.061756, -121.887274 57.06203, -121.887478 57.06207, -121.88784 57.062197, -121.888221 57.062176, -121.88844 57.061968, -121.888718 57.061945, -121.889212 57.062007, -121.889387 57.062078, -121.889354 57.0624, -121.889484 57.062521, -121.89006 57.062501, -121.890519 57.062645, -121.890722 57.062878, -121.890876 57.062973, -121.891067 57.062968, -121.891528 57.062574, -121.891684 57.062445, -121.892155 57.062131, -121.893002 57.06211, -121.894909 57.061853, -121.896672 57.06139, -121.89817 57.061007, -121.899525 57.060464, -121.900833 57.059884, -121.902365 57.059435, -121.904082 57.059157, -121.905855 57.059025, -121.907468 57.058893, -121.908844 57.058484, -121.909876 57.057771, -121.911046 57.057138, -121.912466 57.056668, -121.91399 57.056275, -121.915562 57.055923, -121.917181 57.055623, -121.918828 57.055386, -121.920493 57.055202, -121.922188 57.055021, -121.923895 57.054821, -121.925572 57.054613, -121.927143 57.054402, -121.928538 57.05422, -121.929765 57.054083, -121.930845 57.053966, -121.931848 57.05387, -121.932858 57.053758, -121.933866 57.053637, -121.934899 57.053505, -121.936016 57.053362, -121.937254 57.05323, -121.938614 57.053076, -121.9401 57.052839, -121.941648 57.052561, -121.943235 57.052256, -121.944948 57.051957, -121.94677 57.051863, -121.948519 57.051978, -121.95018 57.052163, -121.95182 57.052306, -121.953477 57.052318, -121.955074 57.052343, -121.956527 57.05256, -121.957865 57.052905, -121.959155 57.053306, -121.960434 57.053762, -121.961739 57.054255, -121.963009 57.054793, -121.964253 57.05539, -121.965362 57.056073, -121.966191 57.056891, -121.966635 57.05784, -121.966815 57.058816, -121.967301 57.059752, -121.968312 57.060524, -121.969598 57.061143, -121.971106 57.061475, -121.972686 57.061315, -121.973814 57.060634, -121.974393 57.059681, -121.975477 57.058857, -121.977161 57.058422, -121.978995 57.058445, -121.980696 57.058761, -121.982292 57.059209, -121.984 57.059516, -121.985843 57.059455, -121.987465 57.058965, -121.988899 57.058391, -121.99056 57.058185, -121.992201 57.058489, -121.993576 57.059068, -121.995215 57.059446, -121.997145 57.059288, -121.99885 57.058575, -122.000371 57.057661, -122.001919 57.056719, -122.003591 57.055815, -122.005333 57.054956, -122.00706 57.054128, -122.008727 57.053314, -122.010306 57.052479, -122.011766 57.051603, -122.013208 57.050765, -122.014738 57.050033, -122.016363 57.049439, -122.018111 57.048996, -122.019998 57.048787, -122.02195 57.04887, -122.023209 57.049107, -122.024364 57.049485, -122.025418 57.049967, -122.026326 57.05054, -122.027438 57.051505, -122.028245 57.052565, -122.028801 57.053695, -122.029027 57.054489, -122.029149 57.056196, -122.029318 57.057368, -122.029496 57.058544, -122.029682 57.059716, -122.029734 57.060872, -122.029668 57.062004, -122.029589 57.063127, -122.029575 57.063439, -122.029538 57.06425, -122.029614 57.065383, -122.029899 57.066512, -122.030416 57.067609, -122.031102 57.068658, -122.03189 57.069663, -122.032727 57.07061, -122.033543 57.071231, -122.033841 57.071458, -122.03535 57.07213, -122.037154 57.072564, -122.039113 57.072776, -122.041074 57.072908, -122.042977 57.073072, -122.044784 57.073275, -122.045867 57.073175, -122.046408 57.072678, -122.046633 57.072191, -122.049018 57.069773, -122.050106 57.068723, -122.051851 57.06775, -122.052563 57.067507, -122.053373 57.067417, -122.054009 57.06753, -122.054634 57.067669, -122.055464 57.067894, -122.056835 57.068066, -122.058197 57.068175, -122.059493 57.068053, -122.06057 57.067599, -122.061246 57.06689, -122.06158 57.066092, -122.061513 57.065256, -122.059851 57.064565, -122.059255 57.064233, -122.059123 57.063859, -122.059163 57.063461, -122.059379 57.063025, -122.059916 57.062737, -122.061211 57.062101, -122.06147 57.061406, -122.062333 57.060912, -122.062937 57.059772, -122.064175 57.05953, -122.064603 57.059525, -122.065501 57.060552, -122.066378 57.0616, -122.067407 57.06191, -122.068551 57.061523, -122.068772 57.061506, -122.068832 57.061662, -122.068705 57.062392, -122.068668 57.062923, -122.069236 57.063187, -122.070351 57.063411, -122.070521 57.063796, -122.070585 57.064197, -122.07111 57.064546, -122.071467 57.065326, -122.071696 57.066086, -122.071973 57.066582, -122.073179 57.067414, -122.073721 57.068107, -122.073544 57.068553, -122.072957 57.06894, -122.072156 57.06907, -122.0706 57.069188, -122.070422 57.06928, -122.069811 57.069844, -122.069539 57.070445, -122.069325 57.071032, -122.069097 57.071561, -122.069182 57.072077, -122.069957 57.072493, -122.070731 57.072883, -122.070931 57.073384, -122.07065 57.073849, -122.070798 57.074315, -122.071694 57.074621, -122.072644 57.074835, -122.07306 57.075228, -122.072576 57.075632, -122.071477 57.075836, -122.070579 57.076321, -122.070489 57.076983, -122.070855 57.077683, -122.070847 57.07798, -122.070481 57.078352, -122.070056 57.078781, -122.069979 57.079013, -122.070058 57.079203, -122.070922 57.079627, -122.071328 57.079699, -122.072061 57.079828, -122.073261 57.079908, -122.073336 57.079913, -122.07345 57.079942, -122.073945 57.079704, -122.075111 57.078658, -122.075524 57.078682, -122.076401 57.079303, -122.07854 57.080222, -122.083643 57.082565, -122.083294 57.083239, -122.083377 57.083792, -122.084709 57.084199, -122.086821 57.083834, -122.091552 57.082677, -122.095867 57.08225, -122.099549 57.08301, -122.099561 57.086256, -122.099636 57.086884, -122.104436 57.087846, -122.11045 57.088976, -122.111251 57.089712, -122.112891 57.090595, -122.113871 57.09058, -122.120832 57.091486, -122.127357 57.092334, -122.129431 57.092603, -122.135784 57.093429, -122.141694 57.094196, -122.144148 57.094515, -122.148966 57.09514, -122.158523 57.09638, -122.172967 57.098253, -122.184764 57.099781, -122.185539 57.100005, -122.191829 57.098268, -122.204195 57.097203, -122.209434 57.097356, -122.219275 57.105079, -122.219918 57.105217, -122.220197 57.105165, -122.220591 57.105058, -122.221088 57.105013, -122.2218 57.105004, -122.222659 57.105177, -122.223288 57.105463, -122.223925 57.105659, -122.224623 57.105798, -122.225048 57.105778, -122.225741 57.105933, -122.226994 57.106143, -122.228271 57.106315, -122.229552 57.1064, -122.230796 57.106368, -122.232031 57.10632, -122.233308 57.106508, -122.234488 57.10694, -122.23557 57.107456, -122.236289 57.107818, -122.236629 57.10799, -122.236921 57.108136, -122.237707 57.108526, -122.238726 57.109119, -122.239638 57.109764, -122.240345 57.110468, -122.240723 57.11112, -122.240776 57.111212, -122.240918 57.111929, -122.240873 57.112072, -122.240705 57.112609, -122.240096 57.113224, -122.239341 57.11379, -122.238765 57.114385, -122.238255 57.114997, -122.23761 57.115563, -122.236926 57.116086, -122.236317 57.11656, -122.235947 57.117005, -122.235977 57.117449, -122.236052 57.117906, -122.235877 57.118406, -122.235393 57.118929, -122.23471 57.119453, -122.233948 57.119995, -122.233153 57.120553, -122.232345 57.121125, -122.231752 57.121773, -122.231713 57.121959, -122.231597 57.122511, -122.231818 57.123295, -122.231914 57.123597, -122.232048 57.124018, -122.232082 57.124123, -122.232072 57.124979, -122.231787 57.125827, -122.231558 57.12638, -122.231436 57.126673, -122.231337 57.127245, -122.231424 57.128086, -122.231763 57.128875, -122.232162 57.129601, -122.23233 57.130305, -122.231877 57.130905, -122.230794 57.131239, -122.229424 57.131237, -122.228 57.131239, -122.226699 57.131511, -122.225738 57.132066, -122.225092 57.13276, -122.224875 57.133531, -122.224999 57.134323, -122.225181 57.135106, -122.225302 57.135856, -122.225326 57.136572, -122.225168 57.137255, -122.224842 57.137915, -122.224574 57.138582, -122.224556 57.139263, -122.224636 57.139938, -122.224661 57.140608, -122.22463 57.141282, -122.224566 57.141946, -122.224578 57.1426, -122.224696 57.143229, -122.224653 57.143837, -122.224122 57.144404, -122.223134 57.14487, -122.222108 57.145386, -122.221216 57.145982, -122.220497 57.146642, -122.219899 57.147333, -122.219567 57.147662, -122.219495 57.147641, -122.219144 57.148049, -122.21861 57.148427, -122.218248 57.148683, -122.217969 57.148881, -122.217879 57.148945, -122.217421 57.149269, -122.216052 57.149981, -122.215054 57.150546, -122.214409 57.1509, -122.212644 57.151766, -122.211541 57.152326, -122.210943 57.152612, -122.210296 57.152894, -122.209598 57.15317, -122.209233 57.153307, -122.207763 57.153878, -122.207059 57.154184, -122.205926 57.154903, -122.205548 57.155321, -122.205195 57.156007, -122.205043 57.156982, -122.205077 57.157489)), ((-122.956754 57.709365, -122.96029 57.709334, -122.959361 57.711424, -122.958777 57.712897, -122.955553 57.71406, -122.952809 57.714386, -122.950011 57.714178, -122.947853 57.713831, -122.946177 57.713065, -122.945482 57.711395, -122.948398 57.711034, -122.950531 57.710402, -122.953973 57.709454, -122.956754 57.709365)), ((-122.924783 57.740619, -122.924857 57.73989, -122.925073 57.739596, -122.925412 57.73944, -122.926472 57.739317, -122.927352 57.739495, -122.927727 57.738869, -122.927798 57.738235, -122.928492 57.737821, -122.928954 57.737457, -122.929694 57.737199, -122.929784 57.73684, -122.930615 57.736643, -122.931083 57.736769, -122.931426 57.737, -122.931278 57.73734, -122.932057 57.738396, -122.931877 57.738794, -122.931261 57.73975, -122.930803 57.739947, -122.929721 57.740241, -122.928997 57.740167, -122.927864 57.740399, -122.927368 57.740921, -122.926702 57.741604, -122.926412 57.742206, -122.925317 57.742194, -122.924722 57.741722, -122.924957 57.741302, -122.924801 57.74103, -122.924783 57.740619)))"
90,2023-07-29 10:30:57,2023052702,2023,28900.1,Non-corrected ground GPS,1685170800000,1689544207000,Being Held,JA70003000,289000689.7491,120779.6443,175,b87d4bd2-df9e-41b8-8284-5715a4175d7b,950200071.960938,218915.022669515,https://wildfiresituation.nrs.gov.bc.ca/incidents?fireYear=2023&incidentNumber=G80291,"MULTIPOLYGON (((-121.30343 56.659912, -121.301926 56.659666, -121.300232 56.659697, -121.29859 56.659693, -121.297127 56.659336, -121.295616 56.658903, -121.294145 56.65843, -121.292832 56.657834, -121.291351 56.657327, -121.290017 56.656765, -121.289139 56.656047, -121.288974 56.655464, -121.289044 56.654868, -121.289206 56.65399, -121.289212 56.653144, -121.289153 56.652782, -121.289081 56.652345, -121.288679 56.651618, -121.287901 56.651026, -121.286794 56.650662, -121.285506 56.650531, -121.284261 56.65044, -121.283136 56.650259, -121.282311 56.649851, -121.281714 56.64928, -121.280813 56.64881, -121.280261 56.64827, -121.279993 56.647664, -121.279048 56.647245, -121.277642 56.647156, -121.276221 56.647272, -121.274992 56.647258, -121.274132 56.646786, -121.274051 56.646705, -121.273461 56.646115, -121.272713 56.645436, -121.272428 56.64464, -121.272382 56.643838, -121.27238 56.643338, -121.272379 56.643056, -121.272394 56.642312, -121.272457 56.641592, -121.272504 56.640878, -121.27237 56.640343, -121.272342 56.640231, -121.271493 56.639831, -121.271479 56.639825, -121.271133 56.639807, -121.270013 56.639748, -121.268328 56.639783, -121.267848 56.639792, -121.266564 56.639813, -121.266507 56.639813, -121.264813 56.63979, -121.263065 56.639786, -121.263043 56.639787, -121.261768 56.639877, -121.261294 56.63991, -121.261001 56.639983, -121.260879 56.640014, -121.26019 56.640066, -121.260171 56.640067, -121.260219 56.640179, -121.259625 56.640328, -121.258054 56.640878, -121.256324 56.641258, -121.254452 56.641401, -121.253164 56.641455, -121.251847 56.641516, -121.250508 56.641603, -121.248478 56.641781, -121.246461 56.641988, -121.245132 56.642137, -121.24318 56.642352, -121.241298 56.642357, -121.240484 56.642182, -121.239611 56.641993, -121.238193 56.641386, -121.236855 56.640744, -121.235317 56.64026, -121.233586 56.640015, -121.232734 56.639976, -121.230903 56.639916, -121.229963 56.639898, -121.228177 56.639862, -121.226454 56.639824, -121.224806 56.639783, -121.223244 56.639747, -121.221733 56.639726, -121.220254 56.639744, -121.218843 56.639783, -121.217516 56.639819, -121.216303 56.639835, -121.215291 56.640051, -121.214746 56.640658, -121.214589 56.641476, -121.214519 56.641929, -121.214454 56.642358, -121.214341 56.643249, -121.214266 56.644142, -121.214361 56.645014, -121.214496 56.645839, -121.214313 56.646597, -121.21373 56.647213, -121.213621 56.647296, -121.212996 56.647771, -121.212735 56.648485, -121.212717 56.648534, -121.212715 56.649374, -121.212693 56.650223, -121.212649 56.651043, -121.212653 56.651057, -121.212868 56.651705, -121.212914 56.651845, -121.213788 56.652562, -121.214928 56.653219, -121.215934 56.653923, -121.216656 56.654682, -121.217044 56.655401, -121.216953 56.655905, -121.216605 56.656015, -121.216269 56.655904, -121.216231 56.655892, -121.2159 56.655585, -121.215301 56.655107, -121.214438 56.65491, -121.214 56.654952, -121.213993 56.65498, -121.213992 56.655021, -121.213973 56.655094, -121.213982 56.655128, -121.213947 56.655177, -121.213916 56.655188, -121.21387 56.655206, -121.213828 56.655213, -121.213781 56.655209, -121.213578 56.655155, -121.213373 56.655119, -121.213314 56.655109, -121.213038 56.65507, -121.212957 56.655059, -121.212816 56.655054, -121.212712 56.655068, -121.212668 56.655075, -121.212271 56.655127, -121.212255 56.655128, -121.212017 56.655148, -121.212009 56.655149, -121.211782 56.655201, -121.211577 56.655274, -121.211409 56.65534, -121.211273 56.655413, -121.211236 56.655513, -121.211176 56.655579, -121.211165 56.655591, -121.211012 56.655648, -121.210749 56.655642, -121.210507 56.655642, -121.210298 56.655663, -121.210065 56.655683, -121.209866 56.655689, -121.209655 56.655675, -121.209405 56.655692, -121.209161 56.655702, -121.208856 56.65571, -121.208496 56.655736, -121.208276 56.655756, -121.208238 56.655759, -121.208068 56.655734, -121.207917 56.655676, -121.207766 56.655585, -121.207663 56.655491, -121.207552 56.6554, -121.207416 56.655352, -121.207317 56.655318, -121.207065 56.655271, -121.206825 56.655264, -121.206679 56.655279, -121.20654 56.655294, -121.206282 56.655351, -121.206029 56.655346, -121.205798 56.655291, -121.205578 56.655274, -121.205322 56.655268, -121.205025 56.655294, -121.204749 56.655315, -121.204361 56.6553, -121.204131 56.655257, -121.203659 56.655161, -121.203238 56.655082, -121.203063 56.654887, -121.203004 56.654681, -121.203 56.654573, -121.203 56.654514, -121.203 56.654472, -121.203003 56.654401, -121.203006 56.654313, -121.20303 56.654154, -121.20307 56.654016, -121.20306 56.653892, -121.20304 56.653776, -121.203036 56.653761, -121.202997 56.653615, -121.202953 56.653467, -121.202958 56.65329, -121.20293 56.653118, -121.202931 56.652941, -121.202927 56.652842, -121.202925 56.652786, -121.202982 56.652601, -121.202974 56.652479, -121.20296 56.652415, -121.202915 56.652295, -121.202913 56.652252, -121.20291 56.652194, -121.202999 56.652057, -121.203112 56.651915, -121.203203 56.651791, -121.203294 56.651703, -121.203363 56.651623, -121.20349 56.651507, -121.203491 56.651506, -121.203648 56.651437, -121.20381 56.651349, -121.20393 56.651276, -121.204055 56.651239, -121.204193 56.651199, -121.204327 56.651136, -121.204503 56.651074, -121.204636 56.651, -121.204697 56.650891, -121.204761 56.650775, -121.204761 56.650772, -121.204753 56.650628, -121.204701 56.650528, -121.204619 56.650394, -121.204518 56.650308, -121.204325 56.650229, -121.204113 56.650168, -121.203874 56.650128, -121.203615 56.650092, -121.203362 56.650063, -121.2031 56.650028, -121.202885 56.649991, -121.202855 56.649986, -121.202633 56.649935, -121.202455 56.6499, -121.202281 56.649849, -121.202231 56.649834, -121.202142 56.649807, -121.202049 56.649779, -121.201826 56.649729, -121.201611 56.649676, -121.20145 56.649615, -121.201278 56.649532, -121.201099 56.649453, -121.200889 56.649379, -121.200817 56.649353, -121.200726 56.649321, -121.200507 56.649239, -121.200326 56.649166, -121.200112 56.64911, -121.199864 56.649098, -121.199409 56.649088, -121.199079 56.649094, -121.198909 56.649093, -121.198702 56.649066, -121.198482 56.649059, -121.198284 56.649058, -121.198068 56.649045, -121.197918 56.649026, -121.197707 56.649019, -121.197588 56.649001, -121.197499 56.648987, -121.197281 56.649013, -121.197057 56.649068, -121.196879 56.649123, -121.19676 56.649111, -121.196597 56.649044, -121.19648 56.648949, -121.196396 56.648829, -121.196352 56.64871, -121.196267 56.648586, -121.196194 56.648457, -121.196141 56.648303, -121.196102 56.648162, -121.196121 56.648047, -121.19616 56.647912, -121.196199 56.64779, -121.196226 56.647644, -121.196222 56.647633, -121.196178 56.647529, -121.196034 56.647447, -121.195849 56.647406, -121.195618 56.647394, -121.195445 56.647385, -121.195268 56.647387, -121.195166 56.64744, -121.195093 56.647548, -121.194957 56.647615, -121.194919 56.647634, -121.194713 56.647693, -121.194564 56.647691, -121.194456 56.647652, -121.194408 56.647628, -121.194371 56.647608, -121.194366 56.647607, -121.194201 56.647537, -121.193978 56.647497, -121.19373 56.647523, -121.19352 56.647588, -121.193441 56.647593, -121.193244 56.647605, -121.192985 56.647586, -121.192971 56.647585, -121.192774 56.647522, -121.192675 56.647429, -121.19256 56.647362, -121.192387 56.647352, -121.192111 56.647386, -121.191826 56.647379, -121.191576 56.647335, -121.191333 56.647293, -121.19118 56.647262, -121.191083 56.647242, -121.190872 56.647174, -121.190645 56.647096, -121.190443 56.647011, -121.190266 56.646931, -121.190015 56.64679, -121.18998 56.64677, -121.189869 56.646696, -121.189763 56.646597, -121.189613 56.646495, -121.18952 56.646418, -121.189287 56.646307, -121.189144 56.646243, -121.189025 56.64615, -121.188925 56.64605, -121.188884 56.64602, -121.188799 56.645956, -121.188671 56.645886, -121.188553 56.645791, -121.188429 56.6457, -121.188297 56.645611, -121.188202 56.645555, -121.188129 56.645527, -121.187903 56.645547, -121.187748 56.64557, -121.187718 56.645577, -121.18759 56.645606, -121.187445 56.645625, -121.187298 56.645632, -121.187167 56.64566, -121.187014 56.645676, -121.186859 56.645687, -121.18669 56.645717, -121.186521 56.645735, -121.186367 56.645751, -121.186135 56.645789, -121.185897 56.645813, -121.18566 56.645838, -121.185427 56.645862, -121.185246 56.645887, -121.185068 56.645905, -121.184878 56.645922, -121.184754 56.645919, -121.184723 56.645919, -121.184576 56.645923, -121.184401 56.645958, -121.184171 56.646002, -121.183948 56.646043, -121.183794 56.646078, -121.183546 56.646114, -121.183306 56.646165, -121.183095 56.646193, -121.182927 56.646207, -121.182774 56.646185, -121.182617 56.646141, -121.182489 56.646072, -121.18237 56.645994, -121.182231 56.645918, -121.18204 56.645848, -121.181882 56.645779, -121.181778 56.645696, -121.181769 56.645691, -121.181636 56.645603, -121.181528 56.645538, -121.181485 56.645513, -121.181316 56.645413, -121.181148 56.645335, -121.181006 56.645245, -121.180866 56.645169, -121.180819 56.645148, -121.180711 56.6451, -121.180546 56.645031, -121.180411 56.644963, -121.180234 56.644903, -121.17994 56.644796, -121.17992 56.644788, -121.179712 56.644707, -121.179433 56.644603, -121.179103 56.644594, -121.178744 56.644614, -121.178521 56.644662, -121.178323 56.644698, -121.178278 56.644707, -121.178098 56.644771, -121.177944 56.644882, -121.17782 56.64499, -121.177699 56.645095, -121.177627 56.645157, -121.177448 56.645221, -121.17727 56.645223, -121.177124 56.645178, -121.176914 56.645139, -121.176654 56.645133, -121.176485 56.645114, -121.176355 56.645103, -121.176168 56.645104, -121.175954 56.645088, -121.175776 56.645073, -121.175508 56.645047, -121.175287 56.645023, -121.175093 56.645011, -121.175063 56.645009, -121.17487 56.644995, -121.174609 56.644989, -121.174558 56.644987, -121.174239 56.644978, -121.173972 56.644972, -121.17373 56.644942, -121.17352 56.644922, -121.173313 56.644904, -121.173113 56.644928, -121.172876 56.644992, -121.172681 56.645057, -121.17247 56.645055, -121.172198 56.645071, -121.172016 56.645043, -121.171838 56.64498, -121.17182 56.644971, -121.171672 56.644893, -121.171509 56.644846, -121.171322 56.644823, -121.171224 56.644787, -121.171079 56.644738, -121.170923 56.644691, -121.170804 56.6446, -121.170785 56.644526, -121.170774 56.644484, -121.17079 56.644366, -121.170824 56.644248, -121.170826 56.644242, -121.170838 56.644133, -121.170819 56.64402, -121.170812 56.643896, -121.17082 56.643771, -121.170847 56.64363, -121.17083 56.6435, -121.170829 56.643495, -121.170807 56.643369, -121.170806 56.64335, -121.170801 56.643237, -121.170787 56.643124, -121.170814 56.642994, -121.170835 56.642854, -121.170811 56.642741, -121.170808 56.642731, -121.170809 56.642653, -121.17081 56.642602, -121.170823 56.642472, -121.170818 56.642352, -121.17077 56.642256, -121.170708 56.642183, -121.170599 56.64212, -121.170427 56.642078, -121.170245 56.642012, -121.170104 56.641977, -121.170023 56.641956, -121.169828 56.641895, -121.169612 56.641834, -121.169417 56.64177, -121.169227 56.641705, -121.168977 56.641651, -121.168759 56.641611, -121.168603 56.641577, -121.168455 56.641534, -121.168271 56.641499, -121.168089 56.641458, -121.167857 56.641411, -121.167655 56.64138, -121.16746 56.641343, -121.167232 56.641295, -121.167006 56.641238, -121.166739 56.641178, -121.166723 56.641173, -121.166512 56.641112, -121.166324 56.641057, -121.166149 56.641009, -121.165967 56.640937, -121.165761 56.640907, -121.165595 56.64086, -121.16553 56.64084, -121.165489 56.640828, -121.165328 56.64079, -121.165133 56.640712, -121.164919 56.640654, -121.164725 56.640615, -121.164546 56.640577, -121.164274 56.640544, -121.164071 56.64052, -121.163879 56.640484, -121.163656 56.64046, -121.163417 56.640439, -121.16319 56.640416, -121.162952 56.640392, -121.162736 56.640361, -121.162701 56.640355, -121.162472 56.640343, -121.16231 56.640334, -121.162214 56.640328, -121.161997 56.640293, -121.161755 56.640242, -121.16155 56.640184, -121.161351 56.640098, -121.161173 56.640015, -121.160991 56.63993, -121.16082 56.63987, -121.160708 56.639811, -121.160599 56.639763, -121.160517 56.63975, -121.160463 56.63972, -121.16044 56.639703, -121.160385 56.639676, -121.160329 56.639639, -121.160331 56.639615, -121.160362 56.639575, -121.16048 56.639425, -121.15984 56.638926, -121.159629 56.638417, -121.159625 56.638407, -121.159479 56.638055, -121.159654 56.637182, -121.160254 56.636414, -121.161373 56.635814, -121.162603 56.635255, -121.163679 56.634633, -121.164071 56.633857, -121.163798 56.633415, -121.163117 56.63284, -121.162503 56.63251, -121.161293 56.631995, -121.160404 56.631354, -121.159591 56.630744, -121.159481 56.630688, -121.158259 56.630273, -121.156685 56.630103, -121.155585 56.630078, -121.153941 56.63006, -121.153707 56.630057, -121.152337 56.630039, -121.152308 56.630038, -121.151684 56.630028, -121.150756 56.630013, -121.149912 56.630039, -121.149173 56.630062, -121.148146 56.630108, -121.14667 56.630123, -121.146339 56.630106, -121.145981 56.630088, -121.14544 56.63006, -121.145306 56.630053, -121.144021 56.629999, -121.1428 56.630116, -121.141729 56.63043, -121.140839 56.630838, -121.140119 56.631299, -121.139297 56.631608, -121.138578 56.631954, -121.138436 56.632584, -121.138838 56.63327, -121.139225 56.633867, -121.139139 56.633919, -121.139209 56.634128, -121.139498 56.634338, -121.139652 56.634534, -121.139491 56.634686, -121.139126 56.63486, -121.139055 56.635023, -121.1388 56.635269, -121.1382 56.63568, -121.13811 56.635971, -121.137983 56.63624, -121.137396 56.636628, -121.137646 56.636945, -121.138116 56.63739, -121.138782 56.637713, -121.139684 56.637852, -121.140059 56.63792, -121.14015 56.638381, -121.140259 56.639259, -121.139246 56.639986, -121.12647 56.641328, -121.124174 56.640438, -121.122533 56.639802, -121.120766 56.639117, -121.116592 56.641495, -121.105774 56.645014, -121.101152 56.645795, -121.099041 56.645538, -121.095633 56.645612, -121.095607 56.645606, -121.095583 56.645598, -121.094464 56.645611, -121.092359 56.645397, -121.092183 56.644514, -121.093059 56.644204, -121.094536 56.64363, -121.095468 56.642985, -121.095932 56.642553, -121.095589 56.642058, -121.095681 56.641995, -121.096462 56.641453, -121.09663 56.640917, -121.096082 56.640129, -121.09518 56.64008, -121.095119 56.64004, -121.095076 56.639995, -121.094369 56.638732, -121.093685 56.638739, -121.093089 56.638466, -121.092802 56.638347, -121.092442 56.637986, -121.092257 56.638004, -121.092077 56.637976, -121.091303 56.637857, -121.091036 56.637955, -121.090709 56.638076, -121.090333 56.63801, -121.08944 56.637853, -121.08904 56.637783, -121.08798 56.637568, -121.087861 56.637572, -121.087745 56.637556, -121.086569 56.637253, -121.085818 56.637189, -121.085038 56.636665, -121.083786 56.636403, -121.083682 56.636413, -121.083634 56.636418, -121.083584 56.636419, -121.080577 56.635878, -121.079867 56.635796, -121.079199 56.635444, -121.079107 56.635304, -121.079185 56.635162, -121.079362 56.634469, -121.079201 56.634008, -121.079274 56.633528, -121.078967 56.632871, -121.079131 56.632433, -121.078957 56.632245, -121.079004 56.631698, -121.079153 56.631143, -121.079952 56.630462, -121.08146 56.62999, -121.082538 56.629688, -121.083346 56.629431, -121.086303 56.627733, -121.086796 56.627474, -121.087613 56.627294, -121.088431 56.6269, -121.088822 56.626665, -121.090173 56.626216, -121.091729 56.625552, -121.093896 56.624628, -121.094543 56.624308, -121.095236 56.623961, -121.095306 56.623921, -121.096345 56.623018, -121.096772 56.622017, -121.096714 56.621748, -121.096511 56.62041, -121.096484 56.619328, -121.096195 56.618946, -121.0965 56.618232, -121.096512 56.617389, -121.096502 56.616854, -121.096462 56.616353, -121.096254 56.615711, -121.096161 56.615006, -121.096203 56.614803, -121.096215 56.614404, -121.096383 56.613327, -121.096586 56.61235, -121.096626 56.611697, -121.096248 56.610952, -121.096545 56.609627, -121.096566 56.609601, -121.096593 56.609577, -121.096449 56.60793, -121.09656 56.607577, -121.096412 56.607465, -121.096406 56.607326, -121.096387 56.606893, -121.097266 56.606262, -121.097382 56.605771, -121.097191 56.605137, -121.096411 56.60483, -121.09557 56.604513, -121.095646 56.603921, -121.095419 56.603658, -121.094726 56.603633, -121.094341 56.603896, -121.092946 56.604561, -121.092515 56.604604, -121.091119 56.604442, -121.090013 56.603776, -121.089743 56.603494, -121.088062 56.600894, -121.08791 56.600542, -121.087382 56.598804, -121.087098 56.597643, -121.087504 56.5972, -121.088326 56.59702, -121.089785 56.596627, -121.089549 56.595861, -121.089253 56.595188, -121.089715 56.594714, -121.090495 56.594181, -121.090883 56.593782, -121.091082 56.593137, -121.090887 56.592686, -121.090754 56.59133, -121.091201 56.590903, -121.091597 56.589626, -121.091532 56.589396, -121.091077 56.5878, -121.09036 56.587055, -121.089612 56.586819, -121.088777 56.586671, -121.087372 56.586025, -121.087084 56.584914, -121.087673 56.582084, -121.088244 56.581065, -121.088727 56.580681, -121.089165 56.580347, -121.089159 56.579718, -121.088665 56.579602, -121.086449 56.577971, -121.08653 56.577373, -121.08635 56.576093, -121.086287 56.57396, -121.087147 56.572299, -121.08618 56.571508, -121.086286 56.569277, -121.086502 56.569019, -121.086521 56.566958, -121.08652 56.565228, -121.086529 56.564621, -121.086192 56.56389, -121.086096 56.563555, -121.085838 56.562283, -121.085034 56.56144, -121.083933 56.561345, -121.083072 56.561422, -121.081845 56.561287, -121.081353 56.561014, -121.081014 56.560616, -121.081393 56.560346, -121.081711 56.560079, -121.083605 56.558385, -121.084046 56.557808, -121.084311 56.556891, -121.084278 56.556577, -121.084373 56.555954, -121.084006 56.555329, -121.084411 56.554362, -121.085407 56.554114, -121.088589 56.554124, -121.090486 56.554501, -121.090944 56.554649, -121.092578 56.555485, -121.09501 56.55744, -121.097521 56.55954, -121.09998 56.561301, -121.102847 56.562395, -121.104193 56.562668, -121.107707 56.562779, -121.109259 56.562226, -121.109717 56.561156, -121.109673 56.559416, -121.109655 56.557568, -121.109683 56.554833, -121.109702 56.5529, -121.109487 56.552305, -121.108553 56.551876, -121.106138 56.551883, -121.103074 56.551854, -121.096155 56.551785, -121.09325 56.551783, -121.090502 56.551825, -121.089866 56.551841, -121.088095 56.551855, -121.08708 56.551717, -121.08619 56.550845, -121.08618 56.550562, -121.086456 56.550162, -121.0864 56.549685, -121.086477 56.538388, -121.087274 56.53747, -121.098575 56.537362, -121.10024 56.536898, -121.102553 56.535457, -121.104641 56.534686, -121.105536 56.534515, -121.106432 56.534497, -121.107736 56.534674, -121.108392 56.535165, -121.109486 56.535746, -121.110783 56.536133, -121.112167 56.536252, -121.113419 56.536485, -121.11454 56.53685, -121.116363 56.537149, -121.118036 56.537231, -121.126663 56.537361, -121.1318 56.537348, -121.136999 56.537212, -121.139467 56.537087, -121.141096 56.536598, -121.142801 56.535752, -121.14696 56.532199, -121.14812 56.531503, -121.154076 56.529217, -121.156209 56.528027, -121.159238 56.525933, -121.16142 56.524748, -121.16232 56.523892, -121.162327 56.52334, -121.161526 56.522832, -121.158833 56.52248, -121.158233 56.522397, -121.155882 56.521878, -121.153993 56.521027, -121.152974 56.519838, -121.152803 56.519183, -121.152836 56.517199, -121.153126 56.515144, -121.153306 56.514349, -121.153317 56.513565, -121.15384 56.512861, -121.153985 56.512432, -121.153926 56.511996, -121.153506 56.511789, -121.153221 56.511803, -121.152681 56.512029, -121.152451 56.512192, -121.151978 56.512523, -121.15118 56.512844, -121.150923 56.512853, -121.150688 56.5128, -121.150488 56.51269, -121.150226 56.512316, -121.150017 56.511161, -121.149961 56.510476, -121.14992 56.510113, -121.149732 56.50861, -121.149588 56.507468, -121.149345 56.506065, -121.149265 56.504445, -121.149243 56.503722, -121.149209 56.503176, -121.149588 56.502382, -121.150115 56.502175, -121.150465 56.502119, -121.151226 56.50217, -121.152533 56.502377, -121.154642 56.502549, -121.162121 56.502643, -121.163795 56.502598, -121.163853 56.503815, -121.16408 56.503939, -121.164406 56.504118, -121.165204 56.504381, -121.164711 56.504722, -121.164766 56.504962, -121.16447 56.505179, -121.164227 56.50531, -121.164327 56.505508, -121.16446 56.505584, -121.164311 56.50568, -121.164188 56.50576, -121.164317 56.505895, -121.164287 56.50601, -121.164384 56.506082, -121.164315 56.506257, -121.164359 56.506405, -121.164324 56.506415, -121.164558 56.506637, -121.164266 56.50682, -121.164092 56.506872, -121.164233 56.507038, -121.163986 56.507251, -121.164021 56.507309, -121.164299 56.507313, -121.164558 56.50732, -121.164676 56.507403, -121.165043 56.507334, -121.165424 56.507363, -121.165704 56.507279, -121.165942 56.507314, -121.166225 56.50739, -121.16655 56.507274, -121.16654 56.507052, -121.166611 56.507005, -121.166516 56.506817, -121.166399 56.506745, -121.166645 56.506669, -121.166924 56.506636, -121.167022 56.506515, -121.167284 56.506428, -121.166996 56.506322, -121.16789 56.506179, -121.168088 56.506099, -121.168256 56.506129, -121.168099 56.506241, -121.168145 56.50648, -121.167955 56.506653, -121.168043 56.506887, -121.168278 56.506863, -121.168288 56.506862, -121.168561 56.506733, -121.16873 56.50675, -121.169237 56.506826, -121.169477 56.506805, -121.169524 56.50657, -121.16926 56.506566, -121.169318 56.506363, -121.169793 56.506253, -121.169654 56.506019, -121.169518 56.505936, -121.169781 56.50578, -121.169797 56.505543, -121.170096 56.505599, -121.170571 56.505587, -121.170796 56.505622, -121.17117 56.505826, -121.171318 56.505853, -121.17127 56.505684, -121.171194 56.505326, -121.171494 56.505161, -121.171985 56.505077, -121.172151 56.504941, -121.172436 56.504976, -121.172401 56.505134, -121.17282 56.505204, -121.173228 56.504786, -121.173468 56.504541, -121.173951 56.504475, -121.174155 56.504379, -121.174465 56.504228, -121.174691 56.503969, -121.174635 56.505068, -121.176034 56.504949, -121.178156 56.506211, -121.179138 56.506039, -121.179594 56.506893, -121.180033 56.507294, -121.180673 56.507154, -121.180757 56.506442, -121.181809 56.505987, -121.181357 56.504716, -121.17977 56.503514, -121.177726 56.503074, -121.181203 56.50266, -121.181713 56.502078, -121.181108 56.501362, -121.180383 56.500901, -121.180859 56.500003, -121.179967 56.499788, -121.179539 56.499554, -121.179019 56.499363, -121.178613 56.499213, -121.178247 56.498899, -121.177982 56.498672, -121.177527 56.49847, -121.177146 56.498301, -121.176765 56.498132, -121.176424 56.497874, -121.176036 56.497537, -121.175728 56.497221, -121.175617 56.497031, -121.175174 56.496786, -121.174606 56.496526, -121.174229 56.496354, -121.173693 56.495984, -121.173104 56.495652, -121.172763 56.495455, -121.172802 56.495208, -121.172607 56.494818, -121.172453 56.494585, -121.17249 56.494292, -121.172415 56.493842, -121.172774 56.493812, -121.172921 56.493717, -121.172926 56.493547, -121.174402 56.493512, -121.174891 56.49351, -121.175379 56.493508, -121.175868 56.493506, -121.176357 56.493504, -121.176846 56.493502, -121.177334 56.4935, -121.177823 56.493498, -121.178312 56.493496, -121.1788 56.493494, -121.179289 56.493492, -121.179778 56.49349, -121.180267 56.493488, -121.180755 56.493486, -121.181244 56.493484, -121.181733 56.493482, -121.182221 56.49348, -121.18271 56.493478, -121.183199 56.493476, -121.183688 56.493474, -121.184176 56.493472, -121.184665 56.49347, -121.185154 56.493467, -121.185642 56.493465, -121.186131 56.493463, -121.18662 56.493461, -121.187109 56.493459, -121.187597 56.493457, -121.188086 56.493455, -121.188575 56.493453, -121.189064 56.493451, -121.189552 56.493449, -121.190041 56.493447, -121.19053 56.493445, -121.191018 56.493443, -121.191938 56.493439, -121.197095 56.493276, -121.197125 56.49323, -121.197128 56.493199, -121.197106 56.493105, -121.197114 56.492937, -121.197161 56.489715, -121.197197 56.489676, -121.197252 56.489646, -121.19733 56.489632, -121.198003 56.489648, -121.198109 56.489644, -121.198612 56.48962, -121.198932 56.489629, -121.199071 56.489649, -121.199132 56.489648, -121.200071 56.489643, -121.200199 56.489642, -121.200535 56.489631, -121.200783 56.489642, -121.200871 56.489646, -121.201056 56.489645, -121.20136 56.489666, -121.201513 56.48971, -121.201565 56.489739, -121.201593 56.489776, -121.201586 56.489823, -121.201512 56.489986, -121.201483 56.490118, -121.201398 56.490386, -121.201377 56.490461, -121.20136 56.490534, -121.201331 56.490757, -121.201312 56.490821, -121.201326 56.49089, -121.201375 56.490959, -121.201446 56.491104, -121.201477 56.491144, -121.2015 56.491173, -121.201867 56.491504, -121.201913 56.49158, -121.201944 56.491654, -121.201952 56.491726, -121.201938 56.491798, -121.201896 56.491869, -121.201735 56.492094, -121.201599 56.492246, -121.201443 56.49239, -121.201282 56.492492, -121.201253 56.49251, -121.20115 56.492565, -121.200941 56.492678, -121.20016 56.492974, -121.200036 56.493013, -121.199794 56.4931, -121.199537 56.493163, -121.199409 56.493182, -121.199598 56.493538, -121.199876 56.49353, -121.199948 56.493527, -121.200603 56.493521, -121.200678 56.493521, -121.201277 56.493522, -121.20134 56.493521, -121.204672 56.49358, -121.204728 56.493576, -121.205015 56.493558, -121.205043 56.493556, -121.205205 56.493531, -121.205357 56.493524, -121.205382 56.493523, -121.205468 56.493514, -121.205615 56.493521, -121.20564 56.493514, -121.206041 56.49352, -121.206099 56.493519, -121.206546 56.493524, -121.208385 56.49355, -121.208574 56.493546, -121.208641 56.493549, -121.208799 56.493561, -121.208932 56.49354, -121.20907 56.493534, -121.209124 56.493534, -121.210324 56.493548, -121.210572 56.494405, -121.211029 56.495736, -121.210495 56.496423, -121.210753 56.49692, -121.21036 56.497726, -121.209413 56.498223, -121.208994 56.4986, -121.208875 56.499093, -121.207608 56.49988, -121.207255 56.500735, -121.206334 56.50105, -121.205396 56.500972, -121.204123 56.501112, -121.202189 56.501456, -121.201041 56.501443, -121.201026 56.502433, -121.201048 56.502987, -121.202148 56.503084, -121.202401 56.503838, -121.202516 56.504833, -121.202635 56.506162, -121.202408 56.507572, -121.20279 56.508233, -121.204059 56.508592, -121.203119 56.508917, -121.204649 56.510597, -121.205769 56.511442, -121.206354 56.511895, -121.219542 56.508757, -121.220357 56.508793, -121.220772 56.508615, -121.221566 56.508536, -121.221927 56.510503, -121.222876 56.510993, -121.2237 56.51145, -121.224114 56.511996, -121.223973 56.515986, -121.223847 56.516554, -121.224286 56.517134, -121.223997 56.518496, -121.223695 56.519749, -121.223589 56.520189, -121.222155 56.520844, -121.222119 56.521502, -121.219388 56.52294, -121.217028 56.523672, -121.218289 56.524473, -121.21839 56.525113, -121.21908 56.52535, -121.21995 56.525297, -121.220846 56.524937, -121.221404 56.524302, -121.223099 56.525601, -121.224061 56.526043, -121.224541 56.526557, -121.230193 56.530459, -121.229288 56.531143, -121.229356 56.531814, -121.229043 56.532167, -121.229759 56.532684, -121.229948 56.53348, -121.229624 56.534168, -121.230093 56.53442, -121.230388 56.534457, -121.230732 56.534028, -121.230918 56.533884, -121.231055 56.533866, -121.231063 56.533754, -121.23098 56.533736, -121.230933 56.533471, -121.231209 56.533481, -121.231427 56.533554, -121.231492 56.533589, -121.231768 56.533544, -121.231987 56.533642, -121.231887 56.533786, -121.231744 56.533841, -121.231568 56.533869, -121.231476 56.533952, -121.231237 56.533896, -121.23092 56.533995, -121.230818 56.534122, -121.230732 56.534319, -121.230697 56.534432, -121.230452 56.534653, -121.230907 56.534831, -121.231564 56.53538, -121.232781 56.536215, -121.233072 56.536506, -121.232783 56.536603, -121.232804 56.53675, -121.233072 56.536884, -121.233006 56.537092, -121.233445 56.537232, -121.233556 56.537101, -121.234039 56.537027, -121.234335 56.536916, -121.234046 56.53672, -121.233756 56.536639, -121.234223 56.536468, -121.234676 56.536475, -121.23495 56.536369, -121.235387 56.536224, -121.235736 56.53633, -121.235877 56.536804, -121.23607 56.536901, -121.236395 56.536754, -121.236576 56.536547, -121.237035 56.536701, -121.236257 56.537784, -121.238079 56.537127, -121.23774 56.536801, -121.236975 56.536149, -121.237364 56.535763, -121.238663 56.535785, -121.239052 56.536629, -121.242411 56.538907, -121.245821 56.535979, -121.245846 56.535636, -121.24332 56.533484, -121.246079 56.532497, -121.247124 56.52961, -121.25095 56.527534, -121.257058 56.526754, -121.263024 56.524781, -121.265115 56.521887, -121.267433 56.519459, -121.270822 56.516987, -121.278267 56.512856, -121.282387 56.508224, -121.282555 56.505623, -121.285858 56.503399, -121.291039 56.498646, -121.290642 56.496269, -121.289696 56.493851, -121.28817 56.491695, -121.284149 56.488995, -121.282883 56.487705, -121.283279 56.487026, -121.288933 56.484489, -121.289581 56.481354, -121.289993 56.480785, -121.286697 56.477432, -121.284508 56.476688, -121.284042 56.475952, -121.284409 56.473679, -121.2864 56.473057, -121.289871 56.472042, -121.303291 56.464191, -121.305412 56.46376, -121.317185 56.46035, -121.320541 56.458469, -121.32228 56.458978, -121.338849 56.458821, -121.344022 56.462243, -121.344135 56.46237, -121.344095 56.46251, -121.343633 56.464122, -121.344053 56.464357, -121.34472 56.464393, -121.34528 56.464297, -121.347278 56.463957, -121.347252 56.464701, -121.345919 56.465116, -121.344668 56.465505, -121.344233 56.46564, -121.343818 56.465487, -121.342646 56.465057, -121.342191 56.464951, -121.340359 56.465453, -121.339733 56.466149, -121.339847 56.467725, -121.339858 56.467876, -121.3397 56.468, -121.338624 56.468846, -121.340697 56.472277, -121.340869 56.472424, -121.340954 56.472496, -121.340984 56.47258, -121.342161 56.475818, -121.342741 56.476986, -121.344119 56.477484, -121.343803 56.478891, -121.343998 56.488344, -121.343517 56.489301, -121.343084 56.490055, -121.342382 56.491169, -121.341072 56.49298, -121.340415 56.493852, -121.339924 56.49483, -121.339263 56.495866, -121.339844 56.497532, -121.340464 56.49872, -121.340865 56.49949, -121.341442 56.500468, -121.341791 56.500932, -121.342195 56.501607, -121.342635 56.502505, -121.343175 56.503393, -121.343886 56.504409, -121.344322 56.505227, -121.344347 56.505278, -121.344652 56.505889, -121.345651 56.507518, -121.346484 56.509127, -121.346803 56.509742, -121.346842 56.51026, -121.346543 56.510645, -121.346531 56.510694, -121.346632 56.510726, -121.346444 56.511067, -121.346083 56.51172, -121.346726 56.511986, -121.346973 56.512088, -121.347035 56.512255, -121.347164 56.512605, -121.347354 56.513103, -121.347437 56.51332, -121.347173 56.513488, -121.346191 56.514113, -121.345466 56.514565, -121.345535 56.514573, -121.345577 56.514603, -121.34562 56.51463, -121.34564 56.51466, -121.34564 56.514685, -121.345724 56.514721, -121.345768 56.514748, -121.345748 56.51477, -121.345775 56.514798, -121.345799 56.514841, -121.345815 56.51487, -121.345866 56.514915, -121.345878 56.514941, -121.345865 56.514978, -121.345827 56.515013, -121.345803 56.51505, -121.345785 56.515088, -121.345756 56.515125, -121.345713 56.515166, -121.345671 56.515208, -121.34562 56.515221, -121.345585 56.515253, -121.34557 56.515285, -121.345541 56.515321, -121.345512 56.515353, -121.345483 56.515373, -121.345462 56.515399, -121.345428 56.515435, -121.345388 56.515461, -121.345346 56.51549, -121.345305 56.515508, -121.345268 56.51553, -121.345258 56.515562, -121.345275 56.515585, -121.345232 56.515606, -121.345208 56.515643, -121.345179 56.51567, -121.345114 56.515685, -121.345086 56.51572, -121.345043 56.515751, -121.345009 56.515767, -121.344972 56.515786, -121.344929 56.515801, -121.34492 56.515841, -121.344902 56.515873, -121.344859 56.515912, -121.344819 56.515939, -121.344785 56.515962, -121.344722 56.51599, -121.344703 56.516006, -121.344691 56.516031, -121.34465 56.51604, -121.344623 56.516056, -121.344579 56.516065, -121.344531 56.516051, -121.34448 56.516054, -121.344427 56.516054, -121.344395 56.516067, -121.344364 56.51606, -121.344284 56.516041, -121.344241 56.516026, -121.344158 56.516003, -121.3441 56.515998, -121.344077 56.51598, -121.344056 56.515952, -121.344021 56.515958, -121.343989 56.515966, -121.343947 56.515958, -121.343916 56.515967, -121.34387 56.515959, -121.343841 56.515973, -121.343803 56.515956, -121.343743 56.515951, -121.343678 56.515958, -121.343635 56.515963, -121.343589 56.515962, -121.343524 56.515957, -121.343469 56.515956, -121.34341 56.515962, -121.343351 56.515973, -121.343284 56.515982, -121.343223 56.515996, -121.343163 56.516003, -121.343098 56.516018, -121.343033 56.51604, -121.343 56.516065, -121.342962 56.516098, -121.342942 56.516133, -121.342938 56.516169, -121.342944 56.516213, -121.342916 56.516244, -121.342896 56.516277, -121.342859 56.516305, -121.342823 56.516339, -121.342762 56.516384, -121.342716 56.516428, -121.342679 56.516463, -121.342633 56.516495, -121.342563 56.516529, -121.342495 56.516547, -121.342445 56.516583, -121.342405 56.516606, -121.342356 56.516637, -121.342337 56.516676, -121.342342 56.516716, -121.342327 56.51675, -121.342335 56.516786, -121.342292 56.516823, -121.342259 56.516836, -121.342248 56.516862, -121.342246 56.516882, -121.342267 56.516904, -121.342231 56.516912, -121.342171 56.516932, -121.342103 56.516946, -121.342045 56.516967, -121.341992 56.516987, -121.341976 56.517003, -121.341932 56.517019, -121.341903 56.51703, -121.341846 56.517046, -121.341788 56.517071, -121.341757 56.517091, -121.34171 56.517108, -121.341677 56.517122, -121.341624 56.517145, -121.341565 56.517159, -121.341515 56.517168, -121.341483 56.517156, -121.341479 56.517175, -121.341469 56.5172, -121.341439 56.517228, -121.341379 56.517224, -121.341347 56.517256, -121.341325 56.517284, -121.34127 56.517298, -121.34123 56.517321, -121.34117 56.517336, -121.341113 56.517335, -121.341078 56.517354, -121.341043 56.517367, -121.340916 56.517401, -121.340885 56.517384, -121.340896 56.517361, -121.34099 56.517284, -121.340945 56.517293, -121.340906 56.517297, -121.340861 56.517293, -121.340811 56.517299, -121.34077 56.517305, -121.340733 56.517294, -121.340679 56.517304, -121.340638 56.517308, -121.340602 56.517308, -121.340559 56.517296, -121.340523 56.517276, -121.340529 56.517247, -121.340507 56.517223, -121.340474 56.517179, -121.340438 56.517147, -121.340418 56.517106, -121.340408 56.517085, -121.340351 56.517071, -121.340289 56.517049, -121.34024 56.517038, -121.340187 56.517019, -121.34016 56.51699, -121.340126 56.516962, -121.340064 56.516955, -121.340032 56.516945, -121.339977 56.516936, -121.339948 56.516927, -121.339941 56.516896, -121.339957 56.516878, -121.33993 56.516859, -121.339913 56.516842, -121.339929 56.516823, -121.339944 56.5168, -121.339951 56.516776, -121.339918 56.516756, -121.339907 56.516726, -121.339866 56.516691, -121.339852 56.516658, -121.339808 56.516643, -121.339788 56.516611, -121.339751 56.516605, -121.339723 56.516594, -121.339701 56.516572, -121.339683 56.516551, -121.339667 56.516524, -121.339663 56.516496, -121.339653 56.516488, -121.339629 56.516466, -121.339596 56.516447, -121.339571 56.516422, -121.339569 56.516391, -121.339555 56.516366, -121.339542 56.516342, -121.339521 56.516315, -121.339509 56.516285, -121.339481 56.516252, -121.339468 56.516221, -121.339446 56.516189, -121.339411 56.516158, -121.339371 56.516133, -121.339334 56.51611, -121.339316 56.51608, -121.339298 56.516046, -121.339273 56.516015, -121.33926 56.515998, -121.339246 56.515966, -121.339228 56.515937, -121.339203 56.5159, -121.339194 56.515879, -121.339158 56.515856, -121.339135 56.515834, -121.339099 56.515809, -121.339059 56.51579, -121.339022 56.515766, -121.338952 56.515753, -121.338915 56.515729, -121.338841 56.515713, -121.338787 56.515714, -121.33873 56.51573, -121.338679 56.515714, -121.338674 56.515732, -121.338621 56.515743, -121.338571 56.515736, -121.33854 56.515743, -121.338497 56.515753, -121.33845 56.515757, -121.338405 56.515764, -121.338339 56.515769, -121.338283 56.515776, -121.3382 56.515789, -121.338137 56.515795, -121.338065 56.515804, -121.337985 56.515822, -121.337932 56.515832, -121.337878 56.515852, -121.337803 56.515864, -121.337744 56.515876, -121.337709 56.51589, -121.337658 56.515902, -121.337603 56.51592, -121.337551 56.515921, -121.337501 56.515922, -121.33746 56.515923, -121.337402 56.515931, -121.337329 56.515951, -121.337264 56.515968, -121.337196 56.515983, -121.337146 56.515997, -121.337075 56.516005, -121.33701 56.516028, -121.336939 56.516039, -121.336891 56.516049, -121.336875 56.516069, -121.33678 56.516062, -121.336719 56.516072, -121.33667 56.516078, -121.336606 56.516098, -121.336533 56.516108, -121.336492 56.516113, -121.336407 56.516131, -121.336355 56.516154, -121.336294 56.516172, -121.336217 56.516192, -121.336154 56.516197, -121.336098 56.516206, -121.33602 56.516219, -121.335951 56.516234, -121.335897 56.51624, -121.335837 56.516256, -121.335772 56.516276, -121.335715 56.516287, -121.335646 56.516289, -121.335603 56.516299, -121.335561 56.516314, -121.335501 56.516326, -121.335417 56.516329, -121.335352 56.516332, -121.335288 56.516338, -121.335228 56.516343, -121.335157 56.516334, -121.335089 56.516345, -121.335054 56.51635, -121.334996 56.516349, -121.334917 56.516349, -121.334855 56.516347, -121.334786 56.516344, -121.334731 56.51635, -121.33468 56.516356, -121.334602 56.516362, -121.334551 56.516371, -121.334505 56.516378, -121.334494 56.516381, -121.334444 56.516394, -121.334169 56.516416, -121.334105 56.516429, -121.334074 56.516434, -121.334054 56.516421, -121.334012 56.51643, -121.333988 56.516442, -121.333987 56.516447, -121.333881 56.51647, -121.333726 56.516504, -121.333709 56.516508, -121.332947 56.516703, -121.332682 56.516773, -121.332425 56.516848, -121.332168 56.516921, -121.331903 56.516975, -121.33169 56.517043, -121.331462 56.51709, -121.331235 56.517151, -121.331018 56.517229, -121.330806 56.517305, -121.330621 56.517393, -121.330498 56.517483, -121.330358 56.517575, -121.330212 56.517659, -121.330057 56.517765, -121.329885 56.517873, -121.329686 56.518003, -121.329477 56.518129, -121.329294 56.518264, -121.329196 56.518373, -121.32911 56.518495, -121.329053 56.518669, -121.328962 56.518858, -121.3289 56.519059, -121.328855 56.519245, -121.328829 56.519397, -121.328862 56.51953, -121.328895 56.519641, -121.328995 56.519741, -121.329173 56.519905, -121.329338 56.52007, -121.329539 56.520227, -121.329718 56.520382, -121.329914 56.520536, -121.330104 56.520671, -121.330254 56.520755, -121.330506 56.520887, -121.33066 56.520995, -121.33087 56.521167, -121.331024 56.521323, -121.331138 56.521501, -121.331289 56.5217, -121.331404 56.521864, -121.331526 56.522055, -121.331643 56.52224, -121.331758 56.522441, -121.331858 56.522613, -121.331939 56.52281, -121.332019 56.522987, -121.33208 56.523177, -121.332139 56.523392, -121.332199 56.523593, -121.332276 56.523806, -121.332357 56.524017, -121.332434 56.524202, -121.332494 56.524374, -121.332577 56.524513, -121.332636 56.524681, -121.332698 56.524813, -121.332722 56.524901, -121.33278 56.524992, -121.33283 56.52514, -121.332894 56.525301, -121.33298 56.525489, -121.333091 56.525703, -121.333217 56.525918, -121.333292 56.526149, -121.333389 56.526387, -121.333474 56.526637, -121.333536 56.5269, -121.333587 56.527158, -121.333641 56.527376, -121.333682 56.527603, -121.333722 56.527863, -121.333743 56.52813, -121.333761 56.528368, -121.333786 56.528642, -121.333794 56.528777, -121.33381 56.52881, -121.333812 56.528815, -121.333819 56.528829, -121.333829 56.528851, -121.333852 56.52887, -121.333854 56.528874, -121.333838 56.528896, -121.333866 56.528908, -121.333889 56.528988, -121.333909 56.529071, -121.333973 56.529151, -121.334038 56.529273, -121.334114 56.529427, -121.334172 56.52957, -121.334222 56.529692, -121.334304 56.529864, -121.334404 56.530063, -121.334532 56.530254, -121.33461 56.530369, -121.334668 56.530454, -121.334789 56.53064, -121.334892 56.53082, -121.334912 56.53102, -121.334831 56.531233, -121.334773 56.531479, -121.334856 56.531703, -121.334982 56.531927, -121.335079 56.53215, -121.33514 56.532304, -121.335192 56.53254, -121.335192 56.532788, -121.335166 56.532944, -121.335145 56.533099, -121.335122 56.533318, -121.335076 56.533528, -121.335031 56.533787, -121.334962 56.534039, -121.334947 56.534265, -121.334883 56.534499, -121.334862 56.534763, -121.334811 56.535009, -121.334764 56.535258, -121.334728 56.535489, -121.334687 56.535726, -121.334653 56.535935, -121.334595 56.536139, -121.334513 56.536385, -121.334442 56.536588, -121.334404 56.536746, -121.334322 56.536969, -121.334299 56.537019, -121.334211 56.537206, -121.334081 56.537458, -121.333928 56.537693, -121.333737 56.537925, -121.333541 56.53816, -121.333348 56.538369, -121.333187 56.538577, -121.33309 56.53881, -121.33306 56.539062, -121.333092 56.539308, -121.333081 56.53958, -121.333113 56.539854, -121.333125 56.540119, -121.333044 56.540355, -121.332904 56.540589, -121.332788 56.540827, -121.332698 56.541061, -121.332649 56.541302, -121.332577 56.541551, -121.332531 56.541797, -121.332453 56.542044, -121.332379 56.542315, -121.332321 56.542475, -121.332098 56.542665, -121.331746 56.54279, -121.331342 56.542782, -121.330913 56.542742, -121.330488 56.5427, -121.330089 56.542657, -121.329724 56.542624, -121.329507 56.542608, -121.329329 56.542613, -121.329047 56.542679, -121.328839 56.542822, -121.328732 56.542995, -121.328695 56.543146, -121.328682 56.543243, -121.328646 56.543362, -121.328621 56.543405, -121.334168 56.544062, -121.336526 56.544294, -121.336578 56.544299, -121.343979 56.545026, -121.344881 56.545161, -121.345691 56.545363, -121.346488 56.545648, -121.347111 56.545964, -121.347671 56.546344, -121.348565 56.547153, -121.349325 56.547886, -121.352113 56.550573, -121.352747 56.551144, -121.353259 56.551482, -121.353378 56.55156, -121.35422 56.55192, -121.355093 56.552167, -121.358572 56.552908, -121.359697 56.553148, -121.36074 56.55337, -121.36174 56.553583, -121.375563 56.556524, -121.376754 56.556778, -121.376954 56.55682, -121.377737 56.557009, -121.378667 56.557353, -121.379276 56.55769, -121.379841 56.558089, -121.380914 56.558948, -121.381295 56.559269, -121.381825 56.559718, -121.383459 56.561102, -121.384148 56.561764, -121.38476 56.562386, -121.385724 56.563464, -121.385823 56.563576, -121.386421 56.564246, -121.386641 56.564493, -121.386648 56.564501, -121.387622 56.565592, -121.388123 56.566094, -121.388424 56.56635, -121.388477 56.566395, -121.388854 56.566716, -121.38906 56.566854, -121.389558 56.567188, -121.389674 56.567266, -121.390045 56.56744, -121.390642 56.56772, -121.390897 56.56784, -121.393061 56.568717, -121.394178 56.56917, -121.400021 56.571539, -121.400804 56.571856, -121.401302 56.572058, -121.402896 56.572704, -121.406131 56.574015, -121.406579 56.574196, -121.40838 56.574926, -121.410582 56.575818, -121.411187 56.576064, -121.411347 56.576128, -121.413185 56.576873, -121.413891 56.577159, -121.415361 56.577754, -121.416614 56.578262, -121.417651 56.578682, -121.417793 56.578739, -121.419781 56.579544, -121.420981 56.580031, -121.421844 56.580403, -121.422725 56.580904, -121.423613 56.581661, -121.424366 56.582366, -121.424805 56.582644, -121.425222 56.58291, -121.426286 56.583354, -121.425932 56.583637, -121.425832 56.583796, -121.425826 56.583933, -121.425907 56.584126, -121.425977 56.584198, -121.427423 56.58569, -121.429337 56.587665, -121.430165 56.58852, -121.43151 56.589907, -121.432271 56.590692, -121.435627 56.594154, -121.436419 56.594971, -121.436434 56.594987, -121.436511 56.595066, -121.436667 56.595227, -121.439931 56.598594, -121.439963 56.598626, -121.441334 56.60004, -121.441687 56.600404, -121.44205 56.600902, -121.442102 56.601029, -121.442231 56.601348, -121.442238 56.60164, -121.442135 56.601946, -121.441726 56.602522, -121.440521 56.60341, -121.438804 56.604675, -121.437892 56.605347, -121.437733 56.605464, -121.436623 56.606282, -121.43624 56.60663, -121.435792 56.607038, -121.434241 56.609269, -121.433782 56.610283, -121.433635 56.610946, -121.433564 56.61127, -121.433537 56.611392, -121.433502 56.611548, -121.433393 56.612307, -121.433393 56.612307, -121.433324 56.612788, -121.433271 56.613151, -121.43315 56.613993, -121.432805 56.61639, -121.432649 56.617475, -121.432487 56.618601, -121.432247 56.620262, -121.432146 56.620964, -121.431863 56.622928, -121.429961 56.633549, -121.428237 56.633865, -121.428201 56.633871, -121.427329 56.634077, -121.427024 56.634684, -121.427373 56.635446, -121.427677 56.636198, -121.427035 56.636952, -121.425821 56.637569, -121.424635 56.638214, -121.423729 56.639023, -121.423103 56.639952, -121.422633 56.640939, -121.421922 56.641862, -121.420857 56.642649, -121.419522 56.643276, -121.418737 56.643536, -121.418058 56.64376, -121.41714 56.644079, -121.416251 56.644359, -121.414937 56.644503, -121.414159 56.644454, -121.412981 56.644485, -121.411845 56.644986, -121.411072 56.645831, -121.410105 56.64659, -121.408657 56.646966, -121.407091 56.64699, -121.405602 56.646877, -121.404114 56.647016, -121.402834 56.647726, -121.401641 56.648556, -121.400228 56.649256, -121.39865 56.649802, -121.397001 56.650228, -121.395337 56.650555, -121.393664 56.650817, -121.392008 56.651085, -121.390503 56.651402, -121.389251 56.651629, -121.388224 56.651399, -121.387797 56.650787, -121.387748 56.650063, -121.387239 56.649445, -121.386192 56.649189, -121.384979 56.649413, -121.383913 56.649963, -121.383079 56.650688, -121.382573 56.651483, -121.381757 56.651977, -121.380722 56.651783, -121.380368 56.651101, -121.380652 56.650367, -121.380865 56.649713, -121.380115 56.649201, -121.378761 56.648981, -121.377455 56.648819, -121.376191 56.648776, -121.374924 56.649105, -121.373785 56.649785, -121.372734 56.650564, -121.371525 56.651211, -121.37004 56.651592, -121.368992 56.651834, -121.367579 56.652583, -121.366572 56.653628, -121.365751 56.654714, -121.364925 56.655755, -121.363841 56.656607, -121.362406 56.657141, -121.360981 56.657295, -121.360707 56.657324, -121.358944 56.657448, -121.357226 56.657604, -121.355683 56.657585, -121.354473 56.657283, -121.353837 56.656729, -121.35379 56.656058, -121.353887 56.655436, -121.353263 56.655007, -121.351841 56.655083, -121.350314 56.655208, -121.348824 56.65512, -121.347409 56.654924, -121.346295 56.654537, -121.345803 56.653883, -121.345423 56.653218, -121.344468 56.652777, -121.343944 56.652779, -121.342917 56.652784, -121.341328 56.653079, -121.339808 56.653407, -121.338309 56.653524, -121.336834 56.65354, -121.335497 56.653511, -121.334432 56.653199, -121.333646 56.652582, -121.332742 56.652026, -121.331394 56.65185, -121.32995 56.651946, -121.328622 56.651872, -121.327477 56.651937, -121.326832 56.652471, -121.32689 56.653016, -121.327886 56.653863, -121.32911 56.654658, -121.329902 56.655154, -121.330706 56.655584, -121.33138 56.655994, -121.331758 56.656465, -121.331577 56.65717, -121.330624 56.657599, -121.329466 56.657596, -121.328488 56.657382, -121.327633 56.6571, -121.326918 56.656849, -121.326499 56.656739, -121.32637 56.656725, -121.326249 56.656716, -121.326055 56.656776, -121.325649 56.657047, -121.325049 56.657577, -121.324099 56.658051, -121.322826 56.658312, -121.321558 56.658522, -121.320381 56.658453, -121.319366 56.658109, -121.318122 56.657968, -121.316797 56.658162, -121.315625 56.658668, -121.314538 56.659292, -121.31315 56.659691, -121.311605 56.659953, -121.31003 56.660229, -121.30857 56.660515, -121.307262 56.660669, -121.30604 56.660583, -121.305802 56.660525, -121.304779 56.660277, -121.30343 56.659912)), ((-121.362135 56.665335, -121.362082 56.665331, -121.362036 56.665337, -121.361994 56.665323, -121.36197 56.665301, -121.361944 56.665264, -121.361906 56.665227, -121.3619 56.665197, -121.361885 56.665161, -121.361857 56.665133, -121.361816 56.665112, -121.36179 56.665074, -121.36175 56.665045, -121.36172 56.665013, -121.361693 56.664982, -121.361673 56.664965, -121.361664 56.664933, -121.361622 56.664928, -121.361583 56.664899, -121.361554 56.664877, -121.361491 56.664853, -121.361449 56.664839, -121.361394 56.664825, -121.361345 56.664818, -121.36129 56.664808, -121.361252 56.664785, -121.361226 56.664738, -121.361196 56.664714, -121.361152 56.664701, -121.361106 56.664688, -121.361075 56.66466, -121.361027 56.664627, -121.360978 56.664628, -121.360931 56.664622, -121.360878 56.664627, -121.360804 56.664626, -121.360759 56.664618, -121.360705 56.664606, -121.360652 56.664591, -121.3606 56.664583, -121.360559 56.664585, -121.360538 56.664578, -121.360516 56.66457, -121.360477 56.664544, -121.360438 56.66453, -121.360376 56.66452, -121.360339 56.664512, -121.360278 56.664499, -121.360238 56.664482, -121.360204 56.664467, -121.360158 56.664456, -121.360093 56.664459, -121.360054 56.664453, -121.360018 56.664446, -121.35998 56.66443, -121.359927 56.664438, -121.359877 56.664425, -121.359843 56.66442, -121.359783 56.66441, -121.359755 56.664399, -121.359707 56.66438, -121.359663 56.664375, -121.359611 56.664364, -121.359577 56.664345, -121.359558 56.664322, -121.359485 56.664311, -121.359427 56.664304, -121.359394 56.664287, -121.35935 56.664273, -121.359301 56.66426, -121.359259 56.66425, -121.359199 56.664232, -121.359165 56.664212, -121.359125 56.664194, -121.359061 56.664188, -121.35901 56.6642, -121.358973 56.664207, -121.358906 56.664202, -121.35885 56.664203, -121.358795 56.664218, -121.358754 56.664185, -121.358688 56.664197, -121.358644 56.664222, -121.358573 56.664225, -121.358531 56.664257, -121.358508 56.664274, -121.358273 56.664369, -121.358213 56.664369, -121.358161 56.664372, -121.358095 56.664374, -121.358016 56.664369, -121.357951 56.664374, -121.357868 56.66437, -121.357796 56.664364, -121.357727 56.664357, -121.357651 56.664358, -121.357582 56.664339, -121.357515 56.664323, -121.35745 56.664324, -121.357379 56.664301, -121.357328 56.664281, -121.357281 56.664258, -121.357237 56.664243, -121.357208 56.664217, -121.357194 56.664193, -121.357184 56.664174, -121.35716 56.664143, -121.357127 56.664121, -121.357127 56.664094, -121.357133 56.664074, -121.357116 56.664049, -121.357134 56.664008, -121.357117 56.663987, -121.357117 56.663961, -121.357098 56.663925, -121.357089 56.663897, -121.357085 56.663878, -121.357083 56.663841, -121.357041 56.663819, -121.357026 56.663781, -121.357002 56.663745, -121.35701 56.663724, -121.357 56.663693, -121.356982 56.663654, -121.356975 56.663629, -121.356968 56.663589, -121.356971 56.66356, -121.356962 56.663536, -121.356962 56.663518, -121.356982 56.663502, -121.35698 56.663463, -121.356957 56.663445, -121.356938 56.66341, -121.356909 56.663387, -121.35689 56.663352, -121.356893 56.66332, -121.356908 56.663302, -121.356923 56.663283, -121.356937 56.663252, -121.356955 56.663221, -121.356967 56.663188, -121.356968 56.663145, -121.35698 56.663118, -121.356981 56.663079, -121.356976 56.663046, -121.356959 56.663021, -121.356951 56.662998, -121.356948 56.662964, -121.356953 56.662931, -121.356945 56.662903, -121.356931 56.662872, -121.356901 56.662841, -121.356906 56.662818, -121.356909 56.662788, -121.356946 56.662775, -121.356967 56.662758, -121.357009 56.662729, -121.357013 56.662703, -121.357013 56.662672, -121.357029 56.662646, -121.357047 56.662613, -121.357025 56.662583, -121.357031 56.662561, -121.357053 56.662536, -121.357048 56.662506, -121.357025 56.66248, -121.357009 56.66245, -121.356998 56.662413, -121.356976 56.662387, -121.356625 56.662314, -121.356619 56.662296, -121.356618 56.662292, -121.356596 56.662264, -121.356589 56.662244, -121.356579 56.662226, -121.356561 56.662205, -121.356564 56.662177, -121.356552 56.662155, -121.356568 56.662128, -121.356583 56.662098, -121.356606 56.662074, -121.356633 56.66205, -121.356679 56.662036, -121.356731 56.662012, -121.35678 56.661989, -121.356802 56.661972, -121.356868 56.661964, -121.356912 56.661927, -121.35698 56.661922, -121.357056 56.661921, -121.357136 56.661918, -121.357194 56.661929, -121.357243 56.661953, -121.357291 56.661963, -121.357349 56.661956, -121.357374 56.661922, -121.357413 56.661898, -121.357471 56.661877, -121.357549 56.661872, -121.357598 56.66186, -121.357648 56.661851, -121.357704 56.661833, -121.357763 56.661819, -121.357809 56.661814, -121.357883 56.661797, -121.357944 56.661799, -121.358029 56.661789, -121.35809 56.661785, -121.358162 56.661785, -121.358218 56.661774, -121.358277 56.661767, -121.358341 56.661749, -121.358407 56.661729, -121.358456 56.661724, -121.358523 56.661703, -121.358562 56.661688, -121.358624 56.661678, -121.358693 56.661661, -121.358746 56.661652, -121.358813 56.661635, -121.358845 56.661622, -121.358907 56.661606, -121.358972 56.66159, -121.359004 56.661577, -121.359071 56.661556, -121.359104 56.66153, -121.35914 56.661489, -121.359183 56.661461, -121.359236 56.661438, -121.359266 56.661411, -121.359308 56.661383, -121.359347 56.661342, -121.359365 56.661318, -121.359414 56.661288, -121.359469 56.661251, -121.359501 56.66123, -121.359537 56.661187, -121.359573 56.661163, -121.359608 56.661124, -121.35964 56.661087, -121.359657 56.661051, -121.359692 56.66101, -121.359704 56.660983, -121.359719 56.660953, -121.359726 56.660917, -121.359747 56.660898, -121.359742 56.660876, -121.359702 56.660859, -121.359669 56.660841, -121.359648 56.660825, -121.359641 56.660791, -121.359675 56.660752, -121.359695 56.660724, -121.359709 56.660686, -121.359731 56.660658, -121.359754 56.660628, -121.359778 56.660594, -121.359781 56.660576, -121.359793 56.660547, -121.359807 56.660526, -121.35984 56.660481, -121.359853 56.660459, -121.359862 56.660437, -121.359897 56.660402, -121.359922 56.660377, -121.359954 56.660348, -121.35996 56.660304, -121.359953 56.660273, -121.359947 56.660228, -121.359951 56.660207, -121.359954 56.660164, -121.359939 56.660111, -121.359962 56.660089, -121.359994 56.660055, -121.36001 56.660007, -121.36002 56.65997, -121.360053 56.659941, -121.360098 56.6599, -121.360125 56.659874, -121.360162 56.659847, -121.360191 56.659808, -121.360237 56.659767, -121.360231 56.659739, -121.360271 56.659706, -121.360333 56.659693, -121.360405 56.6597, -121.360478 56.659698, -121.360559 56.659709, -121.360616 56.659718, -121.360664 56.659742, -121.360711 56.659765, -121.360754 56.659796, -121.360807 56.659825, -121.360837 56.659845, -121.360867 56.659877, -121.360897 56.659896, -121.360943 56.65992, -121.360967 56.659949, -121.361007 56.659979, -121.361035 56.660009, -121.361084 56.660033, -121.361127 56.660053, -121.361189 56.660084, -121.361252 56.660089, -121.361291 56.660105, -121.361342 56.660113, -121.361399 56.660132, -121.361466 56.660143, -121.361534 56.660156, -121.361575 56.660167, -121.361645 56.660182, -121.361697 56.660191, -121.361766 56.6602, -121.361831 56.660227, -121.361882 56.660228, -121.361951 56.66024, -121.362018 56.660249, -121.362089 56.660251, -121.362147 56.660253, -121.362218 56.660251, -121.362288 56.660249, -121.362343 56.660251, -121.36241 56.66025, -121.362485 56.660244, -121.362542 56.660228, -121.362598 56.660202, -121.362631 56.660168, -121.362653 56.660138, -121.362684 56.660099, -121.362715 56.660066, -121.362739 56.660033, -121.362754 56.659996, -121.362783 56.659962, -121.362801 56.659928, -121.362802 56.659889, -121.362807 56.659848, -121.362809 56.65981, -121.362802 56.659776, -121.362823 56.659734, -121.362821 56.6597, -121.362824 56.659668, -121.362845 56.659634, -121.36285 56.659598, -121.362853 56.659563, -121.362874 56.659527, -121.362875 56.659497, -121.362896 56.65946, -121.362893 56.659434, -121.362912 56.659412, -121.362924 56.659391, -121.362942 56.659369, -121.362969 56.659328, -121.36299 56.659303, -121.363036 56.65928, -121.363078 56.659253, -121.363116 56.659233, -121.363169 56.659214, -121.363216 56.659199, -121.363292 56.659181, -121.363364 56.659181, -121.363452 56.659184, -121.363495 56.659191, -121.363563 56.659205, -121.363637 56.659211, -121.363679 56.659212, -121.363735 56.659211, -121.363784 56.659209, -121.363827 56.659215, -121.363888 56.659225, -121.363941 56.659232, -121.364022 56.659238, -121.364071 56.659239, -121.364118 56.659246, -121.364196 56.65924, -121.364254 56.659231, -121.364332 56.65922, -121.36439 56.65922, -121.364446 56.659221, -121.364515 56.659232, -121.364556 56.65924, -121.36461 56.659246, -121.364672 56.659257, -121.364722 56.659274, -121.364787 56.659277, -121.364838 56.659302, -121.36491 56.659322, -121.364959 56.659333, -121.365017 56.659347, -121.36507 56.659364, -121.365116 56.659381, -121.365172 56.659398, -121.365199 56.659411, -121.365247 56.659421, -121.365301 56.659447, -121.365328 56.659462, -121.365369 56.659471, -121.36541 56.659495, -121.365443 56.659501, -121.365498 56.65952, -121.365535 56.659538, -121.365585 56.65955, -121.365632 56.659562, -121.365673 56.659583, -121.365718 56.659597, -121.365763 56.659611, -121.365799 56.65963, -121.365827 56.659646, -121.365863 56.659668, -121.365877 56.65969, -121.365883 56.659713, -121.365879 56.659738, -121.365878 56.659757, -121.36587 56.659785, -121.365862 56.659805, -121.365875 56.659829, -121.365865 56.659858, -121.36584 56.65988, -121.365798 56.659909, -121.365762 56.659926, -121.36573 56.659956, -121.365691 56.659985, -121.365659 56.66, -121.365608 56.660025, -121.365574 56.660046, -121.365564 56.660079, -121.365557 56.660098, -121.36551 56.660127, -121.365457 56.660151, -121.36544 56.660169, -121.365384 56.660196, -121.365379 56.660231, -121.365372 56.660262, -121.365359 56.660281, -121.365337 56.660301, -121.365336 56.66032, -121.365327 56.660356, -121.365312 56.660389, -121.36529 56.660416, -121.365291 56.660441, -121.365271 56.660462, -121.36525 56.660487, -121.365232 56.660514, -121.365213 56.660534, -121.365179 56.660587, -121.365185 56.660609, -121.365185 56.660612, -121.36518 56.660635, -121.365179 56.66068, -121.365172 56.660701, -121.36514 56.660734, -121.365144 56.660758, -121.365144 56.660788, -121.365168 56.660812, -121.365176 56.660841, -121.365194 56.660872, -121.365188 56.660892, -121.365208 56.660936, -121.365197 56.660967, -121.365177 56.660996, -121.365174 56.661023, -121.365191 56.661058, -121.365199 56.661095, -121.365191 56.661113, -121.365214 56.661153, -121.36522 56.661184, -121.365239 56.661206, -121.365267 56.661229, -121.365256 56.661261, -121.36525 56.661293, -121.365239 56.661319, -121.365242 56.661348, -121.36524 56.66138, -121.365255 56.661399, -121.365252 56.661422, -121.365251 56.661452, -121.365226 56.66147, -121.365188 56.661502, -121.365161 56.661522, -121.365191 56.661559, -121.365201 56.661587, -121.365223 56.661617, -121.365216 56.661651, -121.365223 56.661684, -121.365202 56.661707, -121.365202 56.661739, -121.365187 56.661764, -121.365186 56.661766, -121.365185 56.661767, -121.365228 56.661788, -121.365236 56.661791, -121.365256 56.661797, -121.365268 56.661801, -121.365271 56.661805, -121.365281 56.661813, -121.365283 56.661815, -121.365297 56.661829, -121.3653 56.661853, -121.365291 56.661871, -121.365324 56.661864, -121.365351 56.661852, -121.365391 56.661859, -121.365428 56.661866, -121.365458 56.661875, -121.365498 56.661887, -121.365535 56.661887, -121.365572 56.661901, -121.36562 56.661911, -121.365655 56.661923, -121.365643 56.661974, -121.365629 56.662058, -121.36534 56.663788, -121.365255 56.663927, -121.36523 56.663916, -121.365226 56.663935, -121.365181 56.663954, -121.365139 56.663963, -121.365115 56.663989, -121.365092 56.664019, -121.365054 56.664044, -121.365036 56.664075, -121.365012 56.664105, -121.36501 56.664135, -121.364993 56.664162, -121.364963 56.664185, -121.364926 56.664214, -121.364905 56.664244, -121.3649 56.664273, -121.364879 56.664298, -121.364857 56.664329, -121.364838 56.664356, -121.364827 56.664382, -121.364805 56.66442, -121.36478 56.664449, -121.364755 56.66448, -121.364726 56.6645, -121.364691 56.664529, -121.364659 56.664553, -121.364634 56.664583, -121.364598 56.664612, -121.364572 56.664629, -121.364527 56.664651, -121.364493 56.664678, -121.364451 56.664701, -121.364405 56.664713, -121.364363 56.664729, -121.364314 56.664742, -121.364261 56.664756, -121.364207 56.664775, -121.364163 56.664787, -121.364103 56.664798, -121.364052 56.664811, -121.364014 56.664831, -121.363963 56.664853, -121.363904 56.664868, -121.363865 56.66488, -121.363822 56.664894, -121.36377 56.664911, -121.363738 56.664924, -121.363706 56.664938, -121.363673 56.664962, -121.363613 56.664983, -121.363564 56.665004, -121.363504 56.665017, -121.36345 56.665027, -121.363395 56.66505, -121.363343 56.665067, -121.363295 56.665085, -121.363238 56.665107, -121.363203 56.665135, -121.363155 56.665157, -121.363115 56.66518, -121.363072 56.665204, -121.363018 56.665231, -121.362976 56.665261, -121.362946 56.665275, -121.362892 56.665276, -121.362864 56.665318, -121.362824 56.665347, -121.36279 56.665377, -121.362771 56.665415, -121.362732 56.665444, -121.362694 56.665465, -121.362636 56.665482, -121.362594 56.665509, -121.362552 56.665531, -121.362491 56.665551, -121.362443 56.665568, -121.362398 56.665579, -121.36236 56.665562, -121.362333 56.665538, -121.36229 56.66551, -121.362288 56.665476, -121.362223 56.665455, -121.362194 56.665427, -121.362187 56.665392, -121.362161 56.665355, -121.362135 56.665335)), ((-121.283751 56.493409, -121.283741 56.493387, -121.283737 56.493354, -121.283732 56.493341, -121.283729 56.49333, -121.283711 56.493294, -121.283716 56.493274, -121.283709 56.493237, -121.283682 56.493212, -121.283691 56.493166, -121.283704 56.493135, -121.283721 56.493106, -121.283694 56.493074, -121.283682 56.49304, -121.283669 56.493014, -121.283656 56.49298, -121.283674 56.492964, -121.283649 56.492942, -121.283621 56.492926, -121.283586 56.492908, -121.283532 56.492899, -121.283479 56.492887, -121.283453 56.492871, -121.283415 56.492831, -121.283454 56.492838, -121.283497 56.492833, -121.283517 56.492801, -121.283548 56.492781, -121.283533 56.492738, -121.283535 56.492717, -121.283521 56.492675, -121.283522 56.492628, -121.283505 56.492612, -121.283469 56.492601, -121.283472 56.492579, -121.283443 56.492526, -121.283399 56.492487, -121.283362 56.49247, -121.283325 56.492455, -121.283305 56.492433, -121.283308 56.492415, -121.283311 56.492374, -121.283328 56.492353, -121.28332 56.492329, -121.283288 56.492295, -121.283304 56.492257, -121.283287 56.49222, -121.283257 56.492186, -121.283205 56.492178, -121.283138 56.492189, -121.283086 56.492214, -121.28307 56.492236, -121.283044 56.492269, -121.283005 56.492283, -121.282945 56.49229, -121.282917 56.492306, -121.282878 56.492311, -121.282856 56.492329, -121.282816 56.492338, -121.282795 56.492319, -121.282793 56.492298, -121.282819 56.492273, -121.282844 56.492253, -121.282856 56.492227, -121.282868 56.492206, -121.282859 56.492179, -121.282879 56.492148, -121.282886 56.492129, -121.282878 56.492111, -121.282882 56.492082, -121.282855 56.492056, -121.282819 56.492035, -121.282784 56.492006, -121.282764 56.491988, -121.282735 56.491973, -121.282721 56.491951, -121.282745 56.491937, -121.282756 56.491906, -121.282753 56.491878, -121.282732 56.491851, -121.282717 56.491828, -121.282686 56.491803, -121.282664 56.491776, -121.282617 56.49175, -121.282574 56.491738, -121.282546 56.491729, -121.282489 56.491727, -121.282461 56.491705, -121.282442 56.49169, -121.282393 56.491651, -121.282413 56.491606, -121.282429 56.491578, -121.282454 56.491564, -121.282473 56.491541, -121.282517 56.491527, -121.282522 56.491501, -121.282535 56.491477, -121.28251 56.491454, -121.28249 56.491436, -121.282468 56.491423, -121.282414 56.491395, -121.282394 56.49138, -121.282362 56.491367, -121.28231 56.491346, -121.282272 56.491336, -121.282239 56.49132, -121.282193 56.49128, -121.282152 56.491241, -121.282129 56.491222, -121.282121 56.491179, -121.28209 56.491151, -121.282095 56.491123, -121.282053 56.491105, -121.282019 56.491088, -121.281967 56.491078, -121.281902 56.491058, -121.281855 56.491056, -121.281824 56.491033, -121.281844 56.491015, -121.281845 56.490988, -121.281861 56.490962, -121.281894 56.490937, -121.281893 56.490912, -121.281924 56.490932, -121.281926 56.490959, -121.281966 56.490967, -121.281979 56.490986, -121.282028 56.490979, -121.282045 56.490956, -121.28207 56.490929, -121.282115 56.49091, -121.282138 56.490894, -121.282151 56.490864, -121.282155 56.490842, -121.282122 56.490828, -121.28214 56.490798, -121.282156 56.490771, -121.282199 56.490745, -121.282234 56.490708, -121.282245 56.490687, -121.282245 56.490668, -121.282212 56.490641, -121.282174 56.490639, -121.282137 56.490641, -121.2821 56.490622, -121.282066 56.490613, -121.282029 56.490598, -121.282015 56.490569, -121.282005 56.490548, -121.281998 56.490522, -121.281992 56.4905, -121.282009 56.49047, -121.282037 56.490443, -121.282055 56.490425, -121.28205 56.490404, -121.282012 56.490404, -121.281981 56.490389, -121.281955 56.490378, -121.281921 56.49035, -121.281888 56.490331, -121.281862 56.490308, -121.281828 56.490297, -121.281803 56.490284, -121.281802 56.490261, -121.281786 56.49023, -121.281756 56.490208, -121.281741 56.490173, -121.28175 56.490146, -121.281757 56.49011, -121.28175 56.490081, -121.281747 56.490043, -121.281759 56.490022, -121.281734 56.489989, -121.281708 56.490004, -121.281698 56.489983, -121.281682 56.48995, -121.281661 56.489911, -121.281691 56.489886, -121.281691 56.489885, -121.281697 56.48986, -121.281736 56.489843, -121.281765 56.489813, -121.281792 56.489781, -121.281815 56.489761, -121.28187 56.48974, -121.281896 56.489723, -121.281935 56.4897, -121.281965 56.489681, -121.282008 56.489656, -121.282043 56.489646, -121.28207 56.489618, -121.282092 56.489587, -121.282099 56.489551, -121.282109 56.489531, -121.282119 56.489504, -121.282161 56.489467, -121.282165 56.489432, -121.282141 56.489407, -121.282137 56.489363, -121.28212 56.489339, -121.282074 56.489312, -121.282058 56.489296, -121.282016 56.489273, -121.281983 56.48924, -121.281956 56.489226, -121.281924 56.489201, -121.281881 56.489185, -121.28186 56.489168, -121.28188 56.489126, -121.281898 56.489097, -121.281911 56.48905, -121.281915 56.489019, -121.281902 56.488979, -121.281895 56.488972, -121.281871 56.488947, -121.281879 56.488908, -121.281902 56.488871, -121.281946 56.488836, -121.281992 56.488803, -121.282028 56.488776, -121.282058 56.488749, -121.282108 56.48871, -121.282148 56.488676, -121.282196 56.488645, -121.282247 56.488615, -121.282319 56.488596, -121.282379 56.488574, -121.28241 56.488563, -121.282447 56.488561, -121.282506 56.488575, -121.282535 56.48861, -121.28255 56.488647, -121.282567 56.488681, -121.282599 56.488723, -121.28261 56.488756, -121.282639 56.488793, -121.282671 56.488826, -121.282705 56.488855, -121.282769 56.488865, -121.282831 56.488874, -121.282892 56.488897, -121.282894 56.488938, -121.28285 56.488976, -121.282845 56.488985, -121.28283 56.489017, -121.282808 56.489052, -121.282794 56.48908, -121.282756 56.489106, -121.282697 56.489128, -121.282727 56.489145, -121.282748 56.489156, -121.282769 56.489167, -121.282795 56.48919, -121.2828 56.489209, -121.28278 56.489225, -121.28276 56.489253, -121.282733 56.489266, -121.282674 56.489283, -121.282649 56.489295, -121.282611 56.489306, -121.282581 56.489328, -121.282605 56.489365, -121.282633 56.489379, -121.282667 56.4894, -121.282696 56.489411, -121.282733 56.489428, -121.282753 56.489453, -121.282784 56.489476, -121.282801 56.489501, -121.28284 56.489525, -121.282862 56.489547, -121.282912 56.489574, -121.282945 56.489594, -121.282982 56.489626, -121.283006 56.489654, -121.283035 56.489683, -121.283079 56.489714, -121.283094 56.489747, -121.283133 56.489784, -121.283142 56.489817, -121.283172 56.489846, -121.283192 56.489879, -121.283214 56.489914, -121.283234 56.489945, -121.283254 56.489966, -121.283296 56.489996, -121.283321 56.490022, -121.283348 56.490055, -121.283374 56.490081, -121.283406 56.490108, -121.283439 56.490135, -121.283448 56.490144, -121.283463 56.490159, -121.283484 56.490195, -121.283514 56.49022, -121.283536 56.490252, -121.283563 56.490285, -121.283579 56.490319, -121.28361 56.490345, -121.283636 56.490373, -121.283673 56.490406, -121.283702 56.490439, -121.283717 56.490473, -121.283739 56.490505, -121.283753 56.490534, -121.283777 56.490562, -121.283799 56.490589, -121.283788 56.490618, -121.28379 56.490645, -121.283794 56.490665, -121.283793 56.490692, -121.283789 56.490712, -121.283782 56.490744, -121.283781 56.490763, -121.28379 56.490804, -121.283802 56.49083, -121.283818 56.49087, -121.283833 56.490897, -121.283847 56.490934, -121.283858 56.49096, -121.283872 56.490985, -121.283903 56.491021, -121.283911 56.491042, -121.283912 56.491046, -121.283946 56.491084, -121.283955 56.491114, -121.283975 56.491141, -121.283994 56.491176, -121.28401 56.491203, -121.284034 56.491231, -121.284027 56.491251, -121.28403 56.491275, -121.284036 56.491294, -121.284049 56.491325, -121.284077 56.491349, -121.28407 56.491369, -121.28408 56.491396, -121.284084 56.491418, -121.284104 56.491438, -121.284103 56.49146, -121.28412 56.491489, -121.284128 56.491508, -121.284134 56.491535, -121.284141 56.491559, -121.284139 56.491588, -121.284145 56.491608, -121.284156 56.491628, -121.284175 56.491655, -121.284179 56.49168, -121.284238 56.491834, -121.284237 56.491858, -121.28424 56.491887, -121.28426 56.491925, -121.284258 56.491962, -121.284257 56.491997, -121.284267 56.492027, -121.284297 56.492062, -121.284308 56.492105, -121.284313 56.492124, -121.284318 56.492162, -121.284321 56.492193, -121.284311 56.492221, -121.28431 56.492224, -121.284298 56.492267, -121.284298 56.492295, -121.284301 56.492331, -121.284299 56.492374, -121.284312 56.492407, -121.284313 56.492436, -121.284312 56.492477, -121.284332 56.492507, -121.284341 56.492531, -121.284339 56.492563, -121.284349 56.492586, -121.284353 56.49263, -121.284359 56.492658, -121.284363 56.492688, -121.284358 56.492717, -121.284353 56.492741, -121.284368 56.492775, -121.284345 56.492788, -121.284364 56.492826, -121.284366 56.492861, -121.284375 56.492889, -121.284376 56.492912, -121.284377 56.492948, -121.284366 56.492983, -121.284359 56.493018, -121.284347 56.493054, -121.284347 56.493087, -121.284326 56.493123, -121.2843 56.493154, -121.284308 56.493176, -121.284285 56.493206, -121.284273 56.493226, -121.284272 56.493239, -121.284271 56.493253, -121.284265 56.493286, -121.284259 56.493311, -121.284233 56.493346, -121.284206 56.493364, -121.284187 56.493371, -121.284123 56.493394, -121.284059 56.493406, -121.284035 56.493434, -121.283998 56.493431, -121.283973 56.493415, -121.283915 56.493434, -121.283879 56.493466, -121.283838 56.493508, -121.283806 56.493501, -121.283791 56.493478, -121.283759 56.493446, -121.283751 56.493409)))"
91,2023-07-29 10:30:57,2023062501,2023,116.0,Non-corrected ground GPS,1687676400000,1687892118000,Under Control,JA70003000,1160282.6018,9227.1808,178,2c8a8c08-9a4c-4522-bf3a-1de0432e2851,4111055.3359375,17369.3543776267,https://wildfiresituation.nrs.gov.bc.ca/incidents?fireYear=2023&incidentNumber=G80839,"POLYGON ((-121.044611 57.950677, -121.044759 57.950401, -121.044975 57.950285, -121.0452 57.950371, -121.0452 57.950512, -121.045166 57.950691, -121.045227 57.950791, -121.045245 57.951009, -121.045323 57.951185, -121.045455 57.951305, -121.045832 57.951401, -121.046225 57.951636, -121.046523 57.951861, -121.046659 57.951995, -121.046753 57.952062, -121.046912 57.952175, -121.047007 57.952243, -121.047114 57.952299, -121.04721 57.952424, -121.04736 57.95255, -121.04743 57.952605, -121.047522 57.952752, -121.047641 57.952913, -121.04775 57.953001, -121.047783 57.953024, -121.047898 57.953092, -121.04799 57.953153, -121.048067 57.953247, -121.048117 57.953326, -121.048195 57.953421, -121.048344 57.953484, -121.048527 57.953541, -121.048632 57.953562, -121.048706 57.953679, -121.04873 57.953774, -121.04887 57.95382, -121.048905 57.953904, -121.048825 57.954039, -121.048865 57.954102, -121.048779 57.954209, -121.048771 57.954264, -121.04874 57.954314, -121.048615 57.954356, -121.048557 57.954396, -121.048413 57.954426, -121.048295 57.954451, -121.048195 57.954434, -121.048096 57.954417, -121.048016 57.95444, -121.047976 57.954467, -121.047972 57.954542, -121.047933 57.954584, -121.04791 57.954648, -121.047941 57.954693, -121.047992 57.954709, -121.048023 57.954754, -121.04799 57.95479, -121.047927 57.954826, -121.047774 57.954787, -121.047636 57.954715, -121.047565 57.954668, -121.047476 57.954609, -121.047365 57.954573, -121.047255 57.954568, -121.047201 57.954558, -121.047093 57.954512, -121.046938 57.954466, -121.046858 57.95446, -121.046749 57.954454, -121.046618 57.954443, -121.046542 57.954442, -121.046522 57.95444, -121.046402 57.954461, -121.04626 57.954491, -121.046201 57.954501, -121.046132 57.954528, -121.046129 57.954567, -121.046115 57.954604, -121.046112 57.954644, -121.046097 57.954651, -121.046049 57.954694, -121.045983 57.95471, -121.045894 57.954736, -121.045854 57.954777, -121.04583 57.954846, -121.045878 57.954877, -121.045918 57.95491, -121.045891 57.95496, -121.045851 57.955002, -121.045767 57.955051, -121.045754 57.955094, -121.045693 57.955135, -121.045646 57.955168, -121.045585 57.955209, -121.045568 57.955212, -121.045506 57.955238, -121.045483 57.955247, -121.045407 57.955281, -121.045343 57.955302, -121.045122 57.955351, -121.045049 57.955374, -121.045032 57.955377, -121.044975 57.955412, -121.044936 57.955459, -121.044921 57.955534, -121.044977 57.95558, -121.045008 57.955616, -121.04507 57.955657, -121.045073 57.955662, -121.045187 57.955725, -121.045259 57.955764, -121.045262 57.955769, -121.045407 57.955817, -121.045537 57.955904, -121.045549 57.955907, -121.045599 57.955925, -121.045713 57.955968, -121.045774 57.956005, -121.04591 57.956051, -121.046022 57.956122, -121.046076 57.956144, -121.046207 57.956198, -121.04636 57.956269, -121.04658 57.956318, -121.046689 57.956315, -121.046851 57.95632, -121.04688 57.956365, -121.046887 57.95644, -121.04684 57.956509, -121.046764 57.956517, -121.046658 57.956524, -121.046567 57.956557, -121.046592 57.956631, -121.046669 57.956707, -121.04675 57.956789, -121.046809 57.956835, -121.046822 57.95689, -121.046805 57.956944, -121.046816 57.957012, -121.046944 57.957087, -121.04705 57.957126, -121.047201 57.957203, -121.047291 57.957298, -121.047362 57.957362, -121.047512 57.957453, -121.047554 57.957487, -121.047585 57.957552, -121.047492 57.957604, -121.047578 57.957801, -121.047693 57.958026, -121.047599 57.958194, -121.047603 57.958441, -121.047779 57.958604, -121.047951 57.958882, -121.048 57.959083, -121.048427 57.959205, -121.048025 57.959569, -121.047511 57.960304, -121.047239 57.960759, -121.047209 57.961078, -121.047463 57.961327, -121.04823 57.961486, -121.048264 57.961493, -121.048937 57.961715, -121.049514 57.961879, -121.050001 57.96206, -121.051218 57.962404, -121.052717 57.962943, -121.053673 57.963311, -121.054867 57.963777, -121.054934 57.963789, -121.055095 57.963872, -121.055105 57.963871, -121.055235 57.963887, -121.05527 57.963887, -121.055346 57.963911, -121.05536 57.963915, -121.055458 57.963954, -121.055486 57.963962, -121.055537 57.963985, -121.055657 57.964021, -121.055739 57.96407, -121.055913 57.96413, -121.055954 57.964136, -121.055999 57.964167, -121.056118 57.964198, -121.056151 57.964212, -121.056268 57.964257, -121.056276 57.964268, -121.056389 57.964308, -121.056404 57.964312, -121.056453 57.964329, -121.056557 57.964371, -121.056613 57.964381, -121.056724 57.964382, -121.056769 57.964427, -121.056875 57.964556, -121.056905 57.964598, -121.056962 57.964676, -121.057036 57.964778, -121.057055 57.964788, -121.057079 57.964873, -121.057083 57.964879, -121.057072 57.964915, -121.057044 57.965016, -121.057026 57.965026, -121.056945 57.965088, -121.056938 57.965096, -121.056883 57.965196, -121.056893 57.965229, -121.056904 57.965263, -121.056922 57.965359, -121.05699 57.965527, -121.056987 57.965542, -121.056969 57.965589, -121.056678 57.965964, -121.056648 57.965977, -121.056606 57.966067, -121.056611 57.966073, -121.056606 57.966142, -121.05661 57.966149, -121.056615 57.966194, -121.056614 57.966271, -121.056571 57.966362, -121.056559 57.966403, -121.056497 57.966507, -121.056497 57.966546, -121.056487 57.966571, -121.056482 57.966603, -121.056481 57.966682, -121.056479 57.966699, -121.056419 57.966767, -121.056298 57.966886, -121.056137 57.966882, -121.056 57.96681, -121.055973 57.966768, -121.055915 57.966675, -121.055897 57.966647, -121.055882 57.966603, -121.055838 57.966471, -121.055827 57.966434, -121.055817 57.966397, -121.055845 57.966239, -121.055877 57.966188, -121.055896 57.966177, -121.055948 57.96604, -121.055972 57.965999, -121.055989 57.965966, -121.056011 57.965844, -121.056016 57.965813, -121.056028 57.965716, -121.056044 57.965684, -121.056123 57.965518, -121.056125 57.965503, -121.056157 57.965476, -121.056221 57.965366, -121.056267 57.965323, -121.056288 57.965298, -121.056302 57.965226, -121.056292 57.965193, -121.056247 57.96509, -121.056245 57.96507, -121.056244 57.96505, -121.056252 57.964953, -121.056276 57.96488, -121.056283 57.964873, -121.056314 57.964793, -121.056313 57.964773, -121.056267 57.964706, -121.056258 57.964694, -121.056197 57.964624, -121.056067 57.964613, -121.055855 57.964588, -121.055826 57.96464, -121.05581 57.964649, -121.055801 57.964698, -121.055806 57.964703, -121.055791 57.964759, -121.055774 57.964768, -121.055766 57.964787, -121.055682 57.964861, -121.055663 57.964882, -121.055524 57.96496, -121.055485 57.964985, -121.055413 57.965028, -121.055339 57.965102, -121.055339 57.965132, -121.055341 57.965199, -121.055498 57.965314, -121.055534 57.965345, -121.055682 57.965463, -121.055686 57.965469, -121.055697 57.965498, -121.055682 57.965558, -121.055627 57.965644, -121.055379 57.965797, -121.05533 57.965812, -121.055257 57.965844, -121.055251 57.965851, -121.055216 57.96587, -121.055153 57.965933, -121.055135 57.965943, -121.055074 57.965992, -121.055031 57.965999, -121.054934 57.966068, -121.054906 57.966079, -121.054848 57.966135, -121.05483 57.966145, -121.054789 57.966172, -121.054695 57.9663, -121.054646 57.966335, -121.054578 57.966432, -121.054564 57.966448, -121.05455 57.966464, -121.054485 57.966548, -121.054467 57.966558, -121.054411 57.966621, -121.054336 57.966655, -121.054187 57.966762, -121.054126 57.966897, -121.054053 57.967014, -121.053993 57.967073, -121.053982 57.967174, -121.053961 57.9672, -121.053924 57.96732, -121.053925 57.967341, -121.053883 57.967434, -121.053872 57.967436, -121.053826 57.967523, -121.053807 57.967534, -121.053779 57.967611, -121.053754 57.967674, -121.053751 57.967762, -121.053769 57.967823, -121.053735 57.968015, -121.053757 57.968135, -121.053746 57.96817, -121.053743 57.968184, -121.053748 57.968262, -121.053757 57.968293, -121.053818 57.968382, -121.053808 57.968404, -121.053802 57.968486, -121.053796 57.968494, -121.053846 57.968586, -121.053847 57.968606, -121.05391 57.968718, -121.053923 57.968737, -121.053959 57.968827, -121.053963 57.968833, -121.054141 57.968949, -121.054304 57.969062, -121.054404 57.969209, -121.054492 57.969321, -121.054601 57.969534, -121.054717 57.969649, -121.054735 57.969675, -121.054833 57.969894, -121.054856 57.969928, -121.054913 57.970011, -121.05491 57.970027, -121.054918 57.970096, -121.055036 57.970136, -121.055074 57.970153, -121.055157 57.970295, -121.055148 57.970384, -121.055136 57.970481, -121.055107 57.970506, -121.055167 57.970637, -121.055175 57.970648, -121.055187 57.970731, -121.055138 57.970878, -121.055134 57.970906, -121.055062 57.971025, -121.055047 57.971055, -121.054926 57.971124, -121.054845 57.971166, -121.054839 57.971174, -121.054743 57.9713, -121.054708 57.97132, -121.054624 57.971466, -121.054631 57.971548, -121.054579 57.971635, -121.054537 57.97172, -121.054523 57.971737, -121.054513 57.971852, -121.054591 57.971931, -121.054595 57.971938, -121.054719 57.972009, -121.054832 57.972026, -121.054951 57.972035, -121.055158 57.972005, -121.055192 57.971999, -121.05535 57.971954, -121.055568 57.97185, -121.055658 57.971783, -121.055747 57.971715, -121.055939 57.971754, -121.056015 57.971821, -121.056216 57.971899, -121.056332 57.971916, -121.056459 57.971931, -121.056481 57.971942, -121.056622 57.972008, -121.056673 57.972107, -121.056708 57.972226, -121.05673 57.972237, -121.056793 57.972323, -121.056835 57.972397, -121.056826 57.972421, -121.05687 57.972571, -121.056835 57.972668, -121.056816 57.972679, -121.056615 57.972729, -121.056568 57.972737, -121.056299 57.97275, -121.0562 57.972759, -121.056188 57.972761, -121.055928 57.972727, -121.055752 57.972682, -121.05539 57.972629, -121.055184 57.972667, -121.055154 57.97268, -121.054851 57.972729, -121.054638 57.972799, -121.054555 57.97283, -121.054486 57.972843, -121.05439 57.972876, -121.054217 57.972908, -121.054193 57.972912, -121.053971 57.972949, -121.053822 57.972958, -121.053616 57.972977, -121.053546 57.972989, -121.053349 57.972938, -121.053214 57.972945, -121.053159 57.972938, -121.052973 57.972923, -121.052934 57.972922, -121.052834 57.972812, -121.052753 57.972738, -121.052724 57.972621, -121.052679 57.972542, -121.052615 57.972495, -121.052558 57.97244, -121.052499 57.972379, -121.052425 57.972315, -121.05237 57.972241, -121.05223 57.972189, -121.052145 57.972168, -121.052011 57.972147, -121.051963 57.972148, -121.051809 57.972132, -121.051688 57.972111, -121.051567 57.972111, -121.051401 57.972141, -121.051314 57.972183, -121.051171 57.972255, -121.051141 57.972267, -121.051064 57.972328, -121.050984 57.972482, -121.050991 57.972495, -121.050983 57.972553, -121.050967 57.97257, -121.050889 57.972633, -121.050822 57.972694, -121.050737 57.972743, -121.050555 57.972797, -121.050377 57.972836, -121.050253 57.972857, -121.050083 57.972857, -121.049811 57.972848, -121.049688 57.972849, -121.049529 57.972879, -121.049387 57.972863, -121.049261 57.972878, -121.049158 57.97286, -121.049038 57.972802, -121.048922 57.972779, -121.048854 57.972671, -121.048817 57.972607, -121.048791 57.972542, -121.048752 57.972445, -121.048711 57.972343, -121.048697 57.972251, -121.048702 57.972237, -121.048687 57.97213, -121.048658 57.972062, -121.048647 57.971977, -121.048614 57.971897, -121.04855 57.971823, -121.048416 57.971764, -121.048307 57.971729, -121.048206 57.971685, -121.048086 57.971629, -121.048005 57.971507, -121.047945 57.971333, -121.047892 57.971283, -121.04784 57.971191, -121.047825 57.971164, -121.047796 57.97109, -121.047806 57.970932, -121.047722 57.970829, -121.047622 57.970804, -121.047422 57.970819, -121.047201 57.970813, -121.047099 57.970781, -121.047066 57.970675, -121.047012 57.970574, -121.046978 57.970512, -121.047015 57.970425, -121.047064 57.970363, -121.047124 57.970299, -121.047177 57.970244, -121.047197 57.970174, -121.047158 57.970083, -121.047134 57.969957, -121.047117 57.969842, -121.047129 57.969718, -121.047179 57.9696, -121.047237 57.969438, -121.047366 57.969341, -121.04751 57.969291, -121.048279 57.968768, -121.048284 57.968654, -121.048277 57.968641, -121.048231 57.968566, -121.048208 57.968486, -121.048129 57.968355, -121.048095 57.968278, -121.04808 57.968213, -121.048065 57.968188, -121.04802 57.968115, -121.047973 57.968036, -121.047965 57.968024, -121.047932 57.967949, -121.047914 57.967919, -121.047993 57.967871, -121.048037 57.967864, -121.048155 57.967842, -121.048354 57.967813, -121.048337 57.96773, -121.04814 57.967719, -121.047914 57.96774, -121.047781 57.967758, -121.047619 57.967785, -121.047386 57.967751, -121.047237 57.967709, -121.047132 57.967682, -121.047022 57.967628, -121.046968 57.967543, -121.046973 57.967471, -121.046951 57.967417, -121.046939 57.967398, -121.046897 57.967292, -121.046885 57.967273, -121.046869 57.96715, -121.046857 57.967131, -121.046735 57.967075, -121.046702 57.967061, -121.046534 57.966989, -121.046502 57.966995, -121.046391 57.966994, -121.046333 57.966998, -121.046215 57.966964, -121.046191 57.966887, -121.046442 57.966802, -121.046625 57.966748, -121.046643 57.966738, -121.046973 57.966686, -121.047149 57.966622, -121.047134 57.966472, -121.04708 57.966371, -121.047055 57.966298, -121.047009 57.966229, -121.046974 57.966157, -121.046861 57.966042, -121.046856 57.965999, -121.046928 57.965911, -121.047066 57.965888, -121.047393 57.965831, -121.047435 57.965823, -121.047592 57.965794, -121.047686 57.965777, -121.047865 57.965714, -121.047714 57.965621, -121.047471 57.96564, -121.047143 57.965674, -121.046965 57.965705, -121.04673 57.965739, -121.04641 57.965788, -121.046137 57.965834, -121.04585 57.965877, -121.04548 57.965973, -121.045288 57.966019, -121.045068 57.966058, -121.044945 57.966085, -121.04458 57.966175, -121.044454 57.966199, -121.044143 57.96627, -121.043837 57.966323, -121.043526 57.966432, -121.043162 57.96653, -121.042964 57.966556, -121.042782 57.966613, -121.0427 57.96666, -121.042643 57.966678, -121.042484 57.966731, -121.042188 57.966798, -121.042049 57.966839, -121.041904 57.966864, -121.041855 57.966815, -121.041845 57.966792, -121.041807 57.966708, -121.041801 57.966692, -121.041784 57.966654, -121.041745 57.966538, -121.041739 57.966523, -121.041726 57.966378, -121.041732 57.966361, -121.041694 57.966247, -121.041684 57.966224, -121.041608 57.966111, -121.041587 57.966091, -121.041505 57.965965, -121.041474 57.965924, -121.041421 57.965834, -121.041418 57.965826, -121.041385 57.965725, -121.041419 57.965689, -121.041551 57.965621, -121.041559 57.965612, -121.041946 57.965529, -121.041966 57.965517, -121.042012 57.965509, -121.042393 57.965443, -121.042416 57.965439, -121.042609 57.965397, -121.042652 57.965382, -121.042868 57.965313, -121.042899 57.9653, -121.043106 57.965167, -121.043141 57.965139, -121.043245 57.965076, -121.043256 57.965074, -121.043546 57.965053, -121.043737 57.964991, -121.043768 57.964978, -121.043966 57.964884, -121.044057 57.964802, -121.043973 57.964722, -121.043973 57.9647, -121.044022 57.964656, -121.044116 57.96456, -121.044108 57.964547, -121.044032 57.964417, -121.044025 57.964404, -121.043905 57.964284, -121.043883 57.964266, -121.043761 57.964141, -121.043714 57.964039, -121.043699 57.964014, -121.043667 57.963917, -121.043667 57.963897, -121.043675 57.963806, -121.043596 57.963711, -121.043582 57.963687, -121.043479 57.963593, -121.043364 57.9636, -121.043104 57.96356, -121.042955 57.963527, -121.042836 57.963482, -121.04269 57.963436, -121.042613 57.963336, -121.042587 57.963311, -121.042431 57.963226, -121.042385 57.963138, -121.042464 57.963051, -121.042565 57.962982, -121.042596 57.962948, -121.042814 57.962822, -121.042803 57.962688, -121.042793 57.962668, -121.04267 57.962555, -121.042496 57.962459, -121.042453 57.962446, -121.04231 57.96236, -121.042267 57.962347, -121.042065 57.962307, -121.042011 57.962296, -121.041823 57.96228, -121.04179 57.962286, -121.041593 57.962321, -121.04156 57.962326, -121.041429 57.962376, -121.041374 57.962386, -121.041232 57.962513, -121.041076 57.962486, -121.040903 57.962372, -121.040822 57.962298, -121.040719 57.962229, -121.040616 57.962133, -121.040546 57.962028, -121.040531 57.961966, -121.040518 57.96188, -121.040591 57.961844, -121.040619 57.961823, -121.040734 57.96174, -121.040839 57.96169, -121.040967 57.961558, -121.04102 57.961509, -121.041051 57.961441, -121.041133 57.961346, -121.041121 57.961219, -121.041135 57.961094, -121.041124 57.961074, -121.041078 57.960934, -121.041069 57.960837, -121.040991 57.960734, -121.040833 57.960791, -121.040803 57.960804, -121.040738 57.960874, -121.040686 57.96097, -121.040651 57.961046, -121.040646 57.961061, -121.040527 57.961147, -121.040492 57.961154, -121.040409 57.961194, -121.040255 57.961197, -121.040055 57.961194, -121.039999 57.961181, -121.039785 57.961173, -121.039663 57.96115, -121.039652 57.961152, -121.039467 57.961124, -121.039453 57.961119, -121.039289 57.961081, -121.039172 57.961035, -121.039149 57.961039, -121.038989 57.961037, -121.038861 57.961052, -121.038694 57.960907, -121.038673 57.960824, -121.038676 57.960802, -121.038832 57.960625, -121.039014 57.960544, -121.039319 57.960442, -121.039634 57.960394, -121.039902 57.960347, -121.039946 57.96034, -121.04006 57.960299, -121.040195 57.960177, -121.04021 57.960133, -121.040337 57.960049, -121.040598 57.959921, -121.040915 57.959859, -121.040959 57.959851, -121.041055 57.959828, -121.04136 57.959768, -121.041405 57.959648, -121.041398 57.95951, -121.041399 57.959438, -121.041411 57.959339, -121.041427 57.959225, -121.041506 57.959085, -121.041495 57.959016, -121.04153 57.958917, -121.041788 57.95883, -121.042065 57.958822, -121.042092 57.958825, -121.042287 57.958805, -121.04218 57.958732, -121.041915 57.958695, -121.041481 57.958687, -121.041458 57.9586, -121.041535 57.958512, -121.041508 57.958419, -121.041482 57.958284, -121.041479 57.958234, -121.041457 57.958129, -121.041443 57.958017, -121.041426 57.9579, -121.041337 57.957832, -121.041265 57.957705, -121.041226 57.957571, -121.041173 57.957435, -121.041106 57.957317, -121.041058 57.95724, -121.040966 57.957084, -121.040979 57.956909, -121.041086 57.956766, -121.041001 57.95654, -121.040781 57.956389, -121.040455 57.956228, -121.040026 57.956155, -121.039787 57.956199, -121.039571 57.956134, -121.039444 57.955971, -121.0393 57.955827, -121.039228 57.955708, -121.039298 57.955532, -121.039297 57.955385, -121.039553 57.955276, -121.039551 57.955081, -121.039585 57.954946, -121.039478 57.95477, -121.03946 57.954645, -121.039652 57.954531, -121.039907 57.954474, -121.039985 57.954364, -121.040009 57.954216, -121.039762 57.954097, -121.039342 57.954027, -121.038977 57.953995, -121.038803 57.953947, -121.038534 57.953978, -121.038413 57.953873, -121.038362 57.953788, -121.038016 57.953691, -121.037922 57.953566, -121.037858 57.953493, -121.037785 57.953411, -121.03795 57.953285, -121.037843 57.953078, -121.037707 57.952925, -121.037482 57.95282, -121.037525 57.952573, -121.037547 57.952395, -121.037683 57.952166, -121.038217 57.952151, -121.038505 57.952212, -121.038791 57.952321, -121.039053 57.952433, -121.039361 57.952475, -121.039435 57.952239, -121.039177 57.952077, -121.039163 57.951732, -121.039578 57.951503, -121.039907 57.951431, -121.0403 57.95127, -121.040629 57.951197, -121.040732 57.951179, -121.040922 57.951161, -121.041171 57.951149, -121.041497 57.95117, -121.041635 57.951161, -121.041877 57.951134, -121.042067 57.951117, -121.04236 57.951082, -121.042455 57.951098, -121.042713 57.951101, -121.042739 57.951097, -121.043024 57.951094, -121.04305 57.95109, -121.043335 57.951135, -121.043836 57.951205, -121.044027 57.951235, -121.044305 57.951218, -121.044435 57.951147, -121.044497 57.951057, -121.044463 57.950905, -121.044516 57.950823, -121.044611 57.950677))"
92,2023-07-29 10:30:57,2023063001,2023,55.2,Non-corrected airborne GPS,1688108400000,1688177477000,Being Held,JA70003000,551775.1074,5588.9979,180,3c8d8480-2e59-48f7-9b22-50fda8cc26f4,1826374.453125,10172.7343854622,https://wildfiresituation.nrs.gov.bc.ca/incidents?fireYear=2023&incidentNumber=G80867,"POLYGON ((-120.037054 56.705046, -120.036956 56.705228, -120.036922 56.705424, -120.036941 56.705634, -120.037009 56.705856, -120.037124 56.706081, -120.037278 56.706307, -120.037488 56.706537, -120.037745 56.706757, -120.03805 56.706971, -120.0384 56.707173, -120.038793 56.707364, -120.041339 56.708434, -120.041755 56.708609, -120.04261 56.708945, -120.043479 56.709257, -120.044349 56.709541, -120.045635 56.709944, -120.046054 56.710079, -120.04763 56.710578, -120.04866 56.710894, -120.04896 56.710995, -120.049222 56.711107, -120.04943 56.711229, -120.049571 56.711364, -120.049641 56.711498, -120.049631 56.71164, -120.04955 56.711769, -120.04939 56.711883, -120.049162 56.711973, -120.048883 56.712021, -120.048545 56.712046, -120.048158 56.712038, -120.047739 56.711993, -120.047293 56.711911, -120.046824 56.711803, -120.046346 56.711671, -120.045858 56.711524, -120.04488 56.71121, -120.043891 56.710877, -120.043399 56.710702, -120.042906 56.710526, -120.042424 56.710345, -120.041013 56.70979, -120.038745 56.708877, -120.0383 56.7087, -120.036976 56.708175, -120.035712 56.707653, -120.034519 56.707126, -120.034136 56.706951, -120.033753 56.706783, -120.032963 56.706481, -120.032558 56.706347, -120.032136 56.706221, -120.031702 56.706111, -120.031279 56.705991, -120.030811 56.705949, -120.030325 56.705943, -120.029842 56.70596, -120.02936 56.706005, -120.028885 56.706071, -120.028417 56.706163, -120.02796 56.706281, -120.027519 56.706419, -120.027082 56.706567, -120.026233 56.706911, -120.025828 56.707094, -120.025429 56.707289, -120.02426 56.707885, -120.023858 56.708081, -120.023442 56.708264, -120.023008 56.708425, -120.022556 56.708569, -120.022087 56.708694, -120.021615 56.708789, -120.021127 56.708866, -120.020642 56.708917, -120.020155 56.708948, -120.01967 56.708954, -120.019191 56.708942, -120.01872 56.708909, -120.018253 56.708855, -120.01779 56.708781, -120.017338 56.708693, -120.016891 56.708594, -120.01646 56.708484, -120.015613 56.708242, -120.015198 56.70811, -120.014396 56.707833, -120.014013 56.707689, -120.013653 56.70754, -120.01332 56.707387, -120.013022 56.707231, -120.012757 56.707076, -120.01252 56.706929, -120.012319 56.70679, -120.01216 56.706655, -120.012051 56.706524, -120.012014 56.706394, -120.012072 56.706257, -120.012224 56.706124, -120.012453 56.706005, -120.012755 56.70591, -120.013122 56.705836, -120.013534 56.705791, -120.013979 56.705768, -120.014433 56.705761, -120.014885 56.705778, -120.015336 56.705807, -120.015783 56.705852, -120.017063 56.70604, -120.017478 56.70611, -120.017893 56.706176, -120.018305 56.706225, -120.01872 56.706258, -120.019148 56.706269, -120.019584 56.706248, -120.020029 56.706201, -120.020478 56.706124, -120.020938 56.706029, -120.021401 56.705911, -120.021865 56.70578, -120.025144 56.704779, -120.026088 56.704509, -120.026561 56.704394, -120.027037 56.704295, -120.027514 56.704211, -120.028482 56.704071, -120.02945 56.703946, -120.02994 56.703927, -120.030887 56.70393, -120.031355 56.703942, -120.032711 56.703999, -120.034406 56.704107, -120.035171 56.70418, -120.035536 56.704227, -120.037562 56.704521, -120.037373 56.704725, -120.0372 56.704883, -120.037054 56.705046))"
93,2023-07-29 10:30:57,2023071101,2023,14713.8,Derived from satellite imagery,1689058800000,1689103235000,Out of Control,JA70003000,147137694.5067,120584.5055,181,b8da74de-432c-40f2-bbff-caa6751d476a,502083166.765625,222632.98856483,https://wildfiresituation.nrs.gov.bc.ca/incidents?fireYear=2023&incidentNumber=G80875,"POLYGON ((-120.837521 57.193918, -120.845336 57.193115, -120.850782 57.190827, -120.854518 57.185969, -120.855009 57.185755, -120.854571 57.184295, -120.857279 57.179491, -120.856776 57.175565, -120.853462 57.171082, -120.851536 57.16855, -120.848905 57.166661, -120.848033 57.163948, -120.849372 57.161657, -120.8502 57.158564, -120.850868 57.155131, -120.852791 57.153086, -120.855977 57.149306, -120.855761 57.147846, -120.85419 57.144213, -120.853039 57.142047, -120.853293 57.14016, -120.854485 57.137417, -120.859435 57.135826, -120.861427 57.134789, -120.863233 57.13207, -120.867158 57.130439, -120.874914 57.129404, -120.878704 57.128772, -120.880824 57.12986, -120.87836 57.132888, -120.875501 57.135789, -120.874925 57.138556, -120.875284 57.14203, -120.874022 57.143766, -120.868487 57.145111, -120.866419 57.146704, -120.865842 57.149471, -120.864338 57.154546, -120.862561 57.157043, -120.862322 57.158819, -120.862725 57.16196, -120.867533 57.166055, -120.873763 57.170318, -120.876217 57.17354, -120.880561 57.1765, -120.881159 57.177284, -120.881363 57.177292, -120.883147 57.179309, -120.883325 57.181818, -120.88471 57.182985, -120.890331 57.183205, -120.892332 57.187454, -120.898538 57.18714, -120.896962 57.19125, -120.898564 57.194649, -120.901262 57.197535, -120.902242 57.201744, -120.89705 57.20599, -120.898874 57.20773, -120.904166 57.210439, -120.908838 57.213957, -120.908105 57.215597, -120.908322 57.21783, -120.904631 57.21852, -120.899406 57.219151, -120.898642 57.217174, -120.899485 57.214705, -120.895215 57.212036, -120.887804 57.209799, -120.885063 57.211082, -120.880787 57.212305, -120.876399 57.214358, -120.876213 57.214463, -120.87723 57.21527, -120.87849 57.21633, -120.87975 57.21741, -120.88095 57.21848, -120.88207 57.21958, -120.88279 57.22075, -120.88302 57.22197, -120.88285 57.22317, -120.88246 57.22431, -120.88204 57.22544, -120.88178 57.22659, -120.88183 57.22778, -120.88233 57.22891, -120.88326 57.22999, -120.88433 57.23105, -120.88553 57.23208, -120.88677 57.23312, -120.88803 57.23416, -120.88929 57.23518, -120.89051 57.23618, -120.89146 57.23725, -120.89186 57.2384, -120.8918 57.23953, -120.89159 57.24067, -120.89154 57.24183, -120.89181 57.24301, -120.89264 57.24414, -120.89402 57.24514, -120.89577 57.246, -120.89768 57.24679, -120.89958 57.2476, -120.90121 57.24853, -120.90239 57.24961, -120.90305 57.2508, -120.90332 57.252, -120.90344 57.25322, -120.90354 57.25442, -120.90365 57.25562, -120.90385 57.25681, -120.90431 57.258, -120.90507 57.25916, -120.90593 57.26032, -120.90765 57.26262, -120.90849 57.26378, -120.90924 57.26495, -120.90991 57.26614, -120.91045 57.26737, -120.91083 57.2686, -120.91111 57.26983, -120.91139 57.27104, -120.91184 57.27223, -120.91274 57.27335, -120.91433 57.27423, -120.91633 57.27484, -120.91846 57.27525, -120.92063 57.27552, -120.92273 57.27581, -120.92481 57.27622, -120.92672 57.27688, -120.92841 57.27771, -120.92994 57.2786, -120.9314 57.2795, -120.93266 57.28047, -120.93365 57.28153, -120.93439 57.28265, -120.93499 57.2838, -120.93581 57.28486, -120.93703 57.28581, -120.93875 57.28656, -120.94073 57.28703, -120.94281 57.28724, -120.94486 57.28716, -120.94677 57.28687, -120.9485 57.28637, -120.94982 57.28565, -120.95059 57.28475, -120.95061 57.28378, -120.9499 57.28287, -120.9487 57.28214, -120.94735 57.28144, -120.94645 57.28061, -120.94621 57.27967, -120.94663 57.27874, -120.94732 57.27785, -120.94808 57.27693, -120.9486 57.27598, -120.94886 57.27503, -120.94908 57.27408, -120.94941 57.27312, -120.94991 57.27215, -120.9505 57.27122, -120.95109 57.2703, -120.95166 57.26939, -120.95228 57.26848, -120.95302 57.26758, -120.95399 57.26671, -120.95504 57.26587, -120.95603 57.26501, -120.95609 57.264949, -120.955773 57.264611, -120.951602 57.263518, -120.948781 57.26201, -120.946849 57.260304, -120.946298 57.257951, -120.947065 57.255417, -120.947317 57.255316, -120.946032 57.253723, -120.948824 57.251985, -120.949345 57.251804, -120.949345 57.249729, -120.951174 57.247576, -120.955012 57.245777, -120.965029 57.243939, -120.969745 57.243287, -120.973109 57.245084, -120.976034 57.246309, -120.981116 57.246782, -120.986641 57.251721, -120.988693 57.255692, -120.989942 57.261857, -120.98943 57.261837, -120.989067 57.264604, -120.994664 57.265096, -121.002309 57.265666, -120.999133 57.270271, -120.997746 57.272999, -120.996984 57.278809, -121.001202 57.285921, -121.005306 57.28997, -121.006885 57.293645, -121.011612 57.296884, -121.01403 57.298088, -121.017293 57.300715, -121.022455 57.300633, -121.024361 57.301817, -121.02704 57.304978, -121.029611 57.308968, -121.028485 57.313652, -121.027612 57.316399, -121.026081 57.320234, -121.026413 57.321636, -121.025612 57.32383, -121.02239 57.32482, -121.01924 57.325257, -121.012184 57.323114, -121.011109 57.32649, -121.012826 57.333745, -121.007004 57.337478, -121.001416 57.339422, -120.998145 57.340559, -120.998157 57.340581, -120.997685 57.344177, -120.996626 57.348308, -120.991312 57.349495, -120.988673 57.349951, -120.982001 57.349695, -120.974045 57.347444, -120.967556 57.345805, -120.969753 57.340884, -120.967517 57.338296, -120.956815 57.337328, -120.949816 57.339561, -120.950475 57.342367, -120.955093 57.342545, -120.958576 57.347406, -120.959639 57.347169, -120.962939 57.34952, -120.966312 57.351318, -120.96591 57.354362, -120.968111 57.357227, -120.969285 57.360053, -120.966903 57.362464, -120.964263 57.362919, -120.958505 57.363532, -120.949888 57.362366, -120.945707 57.362761, -120.939694 57.361417, -120.937177 57.361167, -120.937343 57.36182, -120.932736 57.362846, -120.934192 57.363985, -120.937491 57.366337, -120.938187 57.368867, -120.940534 57.370626, -120.941781 57.372899, -120.94255 57.374875, -120.935361 57.374597, -120.929382 57.372976, -120.923002 57.370505, -120.921652 57.369974, -120.917282 57.370342, -120.913008 57.372992, -120.913131 57.374261, -120.913648 57.375351, -120.914376 57.377342, -120.913126 57.379256, -120.911829 57.381525, -120.911076 57.381786, -120.911068 57.382556, -120.907801 57.38382, -120.905895 57.382633, -120.903438 57.381704, -120.901018 57.380497, -120.89702 57.379508, -120.892367 57.375711, -120.892384 57.375589, -120.888727 57.374266, -120.887832 57.370995, -120.887976 57.369922, -120.884945 57.367647, -120.881866 57.365729, -120.879403 57.364194, -120.881592 57.363046, -120.881524 57.363041, -120.880302 57.362279, -120.882822 57.360772, -120.885953 57.359645, -120.887766 57.358467, -120.889304 57.356982, -120.889074 57.356681, -120.88742 57.352886, -120.889608 57.349474, -120.893212 57.34859, -120.893231 57.348454, -120.892448 57.34705, -120.890178 57.34587, -120.886697 57.3449, -120.881202 57.343573, -120.877573 57.34371, -120.875013 57.344149, -120.874787 57.344223, -120.874013 57.343993, -120.870349 57.344675, -120.865648 57.345421, -120.860707 57.343677, -120.859365 57.340834, -120.860191 57.340085, -120.859867 57.339536, -120.862201 57.336951, -120.86305 57.335557, -120.86258 57.333535, -120.860063 57.332647, -120.86098 57.329115, -120.863557 57.326361, -120.861435 57.322472, -120.859058 57.320476, -120.862575 57.317284, -120.865189 57.31787, -120.86563 57.31758, -120.86699 57.31746, -120.86846 57.31778, -120.86978 57.31842, -120.87111 57.31902, -120.8727 57.31927, -120.87435 57.31907, -120.87557 57.31841, -120.87633 57.31752, -120.8768 57.31658, -120.87698 57.31593, -120.87708 57.31495, -120.87708 57.31429, -120.87719 57.31329, -120.87737 57.31266, -120.87789 57.31172, -120.8785 57.31081, -120.87895 57.30988, -120.87911 57.30894, -120.87874 57.30806, -120.87792 57.30722, -120.87703 57.3064, -120.87626 57.30556, -120.87574 57.30471, -120.87552 57.30379, -120.87546 57.30287, -120.87554 57.30197, -120.87576 57.30105, -120.87609 57.30016, -120.8762 57.29926, -120.87573 57.29838, -120.87464 57.29763, -120.8735 57.29692, -120.87255 57.29616, -120.87176 57.29539, -120.87113 57.29459, -120.87064 57.2938, -120.87022 57.29301, -120.86985 57.29221, -120.86963 57.29142, -120.8698 57.29059, -120.8706 57.28988, -120.87203 57.28942, -120.87388 57.28925, -120.87586 57.28921, -120.87787 57.28927, -120.87985 57.28945, -120.8818 57.28956, -120.8837 57.28941, -120.88543 57.28894, -120.88677 57.28819, -120.88768 57.28724, -120.88836 57.28625, -120.88897 57.28529, -120.88956 57.28433, -120.89014 57.28339, -120.89074 57.28248, -120.89141 57.28157, -120.89185 57.28068, -120.89185 57.27977, -120.89132 57.27887, -120.89038 57.27803, -120.88923 57.27728, -120.88796 57.27662, -120.88666 57.27599, -120.88538 57.27537, -120.88415 57.27472, -120.88306 57.27402, -120.88208 57.27327, -120.88095 57.27255, -120.87933 57.27205, -120.87734 57.27193, -120.87523 57.27208, -120.87097 57.27256, -120.86883 57.27276, -120.86672 57.27287, -120.86465 57.27286, -120.86257 57.27285, -120.86047 57.27304, -120.85851 57.27351, -120.85681 57.27428, -120.85523 57.27511, -120.85364 57.27595, -120.85206 57.27678, -120.8505 57.27761, -120.84894 57.27842, -120.84734 57.27919, -120.84561 57.27984, -120.84375 57.28033, -120.84183 57.28072, -120.83987 57.28095, -120.83803 57.2809, -120.83642 57.28052, -120.83529 57.27985, -120.83475 57.279, -120.83441 57.27809, -120.83408 57.27717, -120.83393 57.27625, -120.8343 57.27537, -120.83526 57.27462, -120.83676 57.27413, -120.83861 57.27387, -120.84054 57.27373, -120.8424 57.27365, -120.84418 57.27349, -120.84565 57.27309, -120.84647 57.27233, -120.8463 57.27143, -120.84533 57.27064, -120.84383 57.27011, -120.84216 57.26971, -120.84059 57.26924, -120.83917 57.26868, -120.8381 57.26796, -120.83754 57.26712, -120.83737 57.26625, -120.83729 57.26538, -120.83709 57.26454, -120.83643 57.26375, -120.83522 57.26314, -120.83343 57.26292, -120.83153 57.26309, -120.82965 57.26341, -120.82785 57.26395, -120.82606 57.26449, -120.82412 57.26484, -120.82212 57.26506, -120.82012 57.26518, -120.81815 57.26523, -120.81634 57.26504, -120.81487 57.26452, -120.81408 57.26369, -120.81399 57.26275, -120.81439 57.26183, -120.81523 57.26103, -120.81643 57.26042, -120.81772 57.25994, -120.81895 57.25951, -120.82001 57.25907, -120.8205 57.25846, -120.82008 57.25778, -120.81875 57.25727, -120.8169 57.2571, -120.81494 57.25711, -120.81299 57.25727, -120.81109 57.25752, -120.80913 57.2577, -120.80728 57.25764, -120.80559 57.2573, -120.80417 57.25676, -120.80284 57.25616, -120.8019 57.2558, -120.80054 57.25526, -120.79966 57.25454, -120.79966 57.25367, -120.79999 57.25308, -120.80073 57.25222, -120.80161 57.25139, -120.80251 57.25056, -120.80328 57.2497, -120.80354 57.24877, -120.80326 57.24782, -120.80292 57.24689, -120.80308 57.24596, -120.80391 57.24514, -120.80507 57.24438, -120.80603 57.24353, -120.80673 57.24258, -120.80768 57.24169, -120.80903 57.24096, -120.81059 57.24035, -120.81228 57.23989, -120.81401 57.2396, -120.81576 57.23945, -120.81745 57.23925, -120.81893 57.23878, -120.8203 57.23824, -120.82168 57.23775, -120.82306 57.23734, -120.82449 57.23714, -120.82583 57.23737, -120.8267 57.23817, -120.8268 57.23929, -120.82665 57.24046, -120.82654 57.2416, -120.82653 57.24274, -120.82659 57.24385, -120.82683 57.24491, -120.82749 57.24585, -120.82888 57.24639, -120.8306 57.24628, -120.832 57.24567, -120.83312 57.24488, -120.83387 57.24395, -120.83436 57.24297, -120.83477 57.24201, -120.83537 57.2411, -120.83628 57.24028, -120.83717 57.23948, -120.83757 57.23858, -120.83722 57.23766, -120.8365 57.23679, -120.83578 57.23595, -120.83567 57.23504, -120.83614 57.23416, -120.83707 57.23339, -120.83815 57.23266, -120.8389 57.23184, -120.83882 57.23092, -120.83802 57.23008, -120.83668 57.22945, -120.83527 57.22887, -120.83451 57.22809, -120.83473 57.22727, -120.834758 57.227252, -120.834411 57.226515, -120.833158 57.224735, -120.832967 57.222996, -120.833748 57.220373, -120.827511 57.217588, -120.825229 57.215536, -120.823009 57.213025, -120.821472 57.211556, -120.818138 57.210571, -120.817867 57.210351, -120.816301 57.210088, -120.8143 57.211907, -120.806254 57.216107, -120.805737 57.216739, -120.803617 57.219332, -120.801358 57.220252, -120.799892 57.220849, -120.798064 57.224582, -120.798295 57.229349, -120.79888 57.231513, -120.793551 57.235107, -120.790861 57.235475, -120.784961 57.233575, -120.781134 57.229378, -120.779237 57.227161, -120.778376 57.226395, -120.774216 57.224771, -120.770541 57.221565, -120.770709 57.209057, -120.772204 57.201887, -120.780986 57.197789, -120.78797 57.195565, -120.795351 57.194191, -120.797696 57.192059, -120.79773 57.192062, -120.800022 57.189979, -120.803164 57.187934, -120.803139 57.183902, -120.801598 57.182601, -120.801615 57.178261, -120.80288 57.177381, -120.809187 57.177322, -120.814062 57.179376, -120.816325 57.183806, -120.816921 57.18786, -120.819921 57.19108, -120.829357 57.193314, -120.831614 57.193884, -120.837521 57.193918))"
94,2023-07-29 10:30:57,2023071801,2023,19166.3,Derived from satellite imagery,1689663600000,1689711818000,Out of Control,JA70003000,191663195.5925,63626.9462,183,7871bd53-e161-4797-aec2-db8a67db5efa,686737566.742188,120425.611815701,https://wildfiresituation.nrs.gov.bc.ca/incidents?fireYear=2023&incidentNumber=G81010,"POLYGON ((-120.53925 58.23913, -120.531717 58.238108, -120.525427 58.237851, -120.519657 58.237139, -120.516028 58.237229, -120.509085 58.235278, -120.502417 58.234528, -120.500551 58.233054, -120.498001 58.232919, -120.479174 58.232446, -120.471161 58.232418, -120.466283 58.230556, -120.465507 58.226148, -120.46674 58.223633, -120.465255 58.222063, -120.456308 58.220637, -120.45141 58.218925, -120.448482 58.217445, -120.447744 58.21623, -120.444282 58.216816, -120.438959 58.217281, -120.433362 58.217386, -120.420174 58.215881, -120.412634 58.215786, -120.407544 58.215394, -120.400067 58.214253, -120.395269 58.213079, -120.391715 58.211448, -120.388571 58.208969, -120.38724 58.207276, -120.386114 58.203538, -120.38411 58.201909, -120.380113 58.200146, -120.376036 58.198931, -120.370532 58.197793, -120.363257 58.196806, -120.359942 58.194938, -120.358329 58.192726, -120.358981 58.190555, -120.359991 58.189394, -120.357927 58.18706, -120.35816 58.185517, -120.361887 58.184224, -120.362121 58.182681, -120.363617 58.18057, -120.366579 58.179142, -120.368582 58.17757, -120.371964 58.175952, -120.374117 58.173424, -120.370747 58.170601, -120.36977 58.16922, -120.370056 58.166646, -120.371737 58.164273, -120.374869 58.162235, -120.378634 58.160864, -120.382571 58.160223, -120.382722 58.159219, -120.381325 58.15678, -120.381051 58.154698, -120.38341 58.153348, -120.383136 58.151266, -120.380307 58.150526, -120.378654 58.148489, -120.377733 58.146794, -120.379048 58.144572, -120.377037 58.142314, -120.378756 58.140005, -120.380889 58.138853, -120.385457 58.137568, -120.388832 58.133702, -120.39222 58.130807, -120.393206 58.130238, -120.391836 58.129892, -120.389739 58.126906, -120.389387 58.125338, -120.387493 58.123602, -120.387582 58.123364, -120.386807 58.123026, -120.384028 58.120528, -120.383056 58.115009, -120.386241 58.111808, -120.38828 58.110227, -120.392934 58.109231, -120.401125 58.108342, -120.409223 58.104688, -120.422239 58.100468, -120.430098 58.09993, -120.438706 58.097268, -120.444279 58.0975, -120.448879 58.097422, -120.452664 58.095961, -120.458088 58.09376, -120.46089 58.095494, -120.463225 58.096938, -120.461228 58.100091, -120.459166 58.102538, -120.459318 58.102573, -120.483633 58.100361, -120.493434 58.100165, -120.507466 58.100331, -120.520252 58.101179, -120.524085 58.101803, -120.525159 58.101378, -120.530842 58.099468, -120.531261 58.099445, -120.531009 58.097035, -120.527933 58.093674, -120.524351 58.090292, -120.522678 58.087797, -120.521044 58.085033, -120.520075 58.081219, -120.522843 58.079715, -120.527986 58.079387, -120.529149 58.080586, -120.533996 58.08312, -120.537939 58.08651, -120.541585 58.091944, -120.542543 58.093562, -120.54364 58.094316, -120.544351 58.095294, -120.544514 58.095264, -120.549781 58.096194, -120.55491 58.09807, -120.557285 58.10031, -120.563449 58.101275, -120.569922 58.103205, -120.570116 58.103738, -120.571353 58.103533, -120.577786 58.104873, -120.578774 58.106619, -120.584074 58.108938, -120.591675 58.110126, -120.603397 58.113536, -120.607733 58.118114, -120.608025 58.11938, -120.608291 58.119586, -120.610595 58.121297, -120.609585 58.124761, -120.605454 58.128638, -120.606704 58.130575, -120.610023 58.132327, -120.609752 58.134203, -120.60835 58.136842, -120.611201 58.138305, -120.61565 58.139293, -120.623145 58.140404, -120.630601 58.141781, -120.635567 58.145096, -120.63909 58.147262, -120.643861 58.152737, -120.643827 58.156846, -120.643241 58.160932, -120.640398 58.164507, -120.639159 58.167466, -120.634673 58.170252, -120.628779 58.172172, -120.623662 58.174608, -120.624374 58.175414, -120.622136 58.17842, -120.623589 58.18086, -120.622317 58.183428, -120.618698 58.186617, -120.613352 58.189259, -120.612078 58.191828, -120.60818 58.193814, -120.608598 58.197165, -120.614193 58.199057, -120.613988 58.200477, -120.611504 58.202044, -120.614441 58.203591, -120.614582 58.20574, -120.610507 58.205815, -120.607433 58.205215, -120.602427 58.205489, -120.600977 58.206145, -120.601083 58.208531, -120.599359 58.211081, -120.593488 58.211082, -120.584475 58.210957, -120.57629 58.21134, -120.575117 58.213198, -120.572872 58.216203, -120.57042 58.217532, -120.56289 58.219609, -120.55574 58.222176, -120.552111 58.225363, -120.553619 58.226482, -120.556187 58.228386, -120.557949 58.228696, -120.556878 58.229843, -120.558087 58.230845, -120.55477 58.231901, -120.550498 58.230953, -120.549518 58.230735, -120.547064 58.232064, -120.546442 58.23323, -120.544367 58.235051, -120.540633 58.238948, -120.53925 58.23913))"
95,2023-07-29 10:30:57,2023071201,2023,1037.0,Non-corrected airborne GPS,1689145200000,1689215397000,Out of Control,JA70003000,10369726.71,19474.4276,184,26fe2f7c-f064-4d48-8e81-b35f35260b88,35740609.6171875,36152.7716520185,https://wildfiresituation.nrs.gov.bc.ca/incidents?fireYear=2023&incidentNumber=G81157,"POLYGON ((-120.501398 57.476447, -120.499263 57.476178, -120.496159 57.476565, -120.49303 57.476148, -120.49088 57.474488, -120.490211 57.473603, -120.490132 57.472314, -120.490846 57.471059, -120.491642 57.469236, -120.493421 57.469311, -120.493386 57.469091, -120.495095 57.469519, -120.496718 57.470539, -120.498208 57.470958, -120.499947 57.470545, -120.499914 57.470512, -120.499814 57.469489, -120.500577 57.468227, -120.501924 57.467179, -120.504075 57.466205, -120.504752 57.46573, -120.50548 57.464902, -120.506132 57.46361, -120.503334 57.463081, -120.501945 57.463499, -120.50081 57.46369, -120.499084 57.463379, -120.498681 57.461578, -120.499715 57.46055, -120.500378 57.459031, -120.500769 57.457857, -120.500941 57.456674, -120.5013 57.456655, -120.501946 57.45496, -120.502799 57.454567, -120.503653 57.454174, -120.50544 57.455588, -120.505529 57.455557, -120.507238 57.455986, -120.509216 57.457615, -120.510365 57.458853, -120.510382 57.458735, -120.510871 57.459945, -120.512309 57.460719, -120.513249 57.461163, -120.514514 57.460783, -120.514555 57.460333, -120.513494 57.459007, -120.513706 57.458267, -120.514462 57.457481, -120.515668 57.456678, -120.516024 57.456543, -120.516683 57.454952, -120.516256 57.454031, -120.513362 57.453152, -120.51166 57.450225, -120.510912 57.448052, -120.511788 57.445661, -120.512501 57.444406, -120.514412 57.442201, -120.514901 57.440651, -120.515918 57.439123, -120.517522 57.439047, -120.521642 57.439933, -120.522839 57.440102, -120.522924 57.439998, -120.524973 57.439708, -120.527998 57.438198, -120.531369 57.436911, -120.534617 57.436475, -120.537498 57.438594, -120.537806 57.439643, -120.538264 57.441204, -120.538356 57.441515, -120.53934 57.442275, -120.539872 57.442158, -120.542028 57.442387, -120.543536 57.441756, -120.544629 57.441317, -120.546004 57.441316, -120.547332 57.441555, -120.548517 57.441604, -120.549787 57.441657, -120.55075 57.442063, -120.550802 57.442889, -120.550568 57.443338, -120.549877 57.443996, -120.548874 57.444458, -120.547434 57.445105, -120.545454 57.446338, -120.543926 57.448007, -120.54299 57.449145, -120.541886 57.449654, -120.54029 57.450003, -120.539071 57.450749, -120.539195 57.450773, -120.538585 57.451938, -120.538009 57.452866, -120.538381 57.453357, -120.540039 57.45414, -120.541849 57.455405, -120.545467 57.457477, -120.547901 57.457107, -120.549143 57.457436, -120.549684 57.458151, -120.549485 57.458329, -120.550056 57.458391, -120.551011 57.459145, -120.552716 57.460215, -120.552777 57.461646, -120.552614 57.462779, -120.552932 57.463004, -120.552474 57.464651, -120.553439 57.465643, -120.554082 57.467335, -120.552219 57.467972, -120.551643 57.4689, -120.552083 57.470465, -120.552286 57.47214, -120.552793 57.473231, -120.551574 57.474014, -120.549017 57.47486, -120.543293 57.474622, -120.539416 57.473866, -120.537502 57.474858, -120.535791 57.475977, -120.533047 57.476577, -120.53022 57.476221, -120.526715 57.475956, -120.524345 57.4755, -120.521992 57.474926, -120.521145 57.474653, -120.519453 57.474107, -120.517371 57.473187, -120.514469 57.473066, -120.513038 57.474024, -120.512219 57.475096, -120.510811 57.478031, -120.509147 57.479517, -120.508447 57.479876, -120.507619 57.479986, -120.504992 57.479541, -120.502833 57.478864, -120.50222 57.478295, -120.502229 57.477403, -120.502858 57.47688, -120.501398 57.476447))"
96,2023-07-29 10:30:57,2023071801,2023,347.0,Non-corrected airborne GPS,1689663600000,1689713511000,Out of Control,JA70003000,3469619.2375,11253.9325,186,e1216eaf-2ed5-4c76-9351-229c20edd254,11940691.359375,20874.9908274381,https://wildfiresituation.nrs.gov.bc.ca/incidents?fireYear=2023&incidentNumber=G81530,"POLYGON ((-120.181243 57.414705, -120.181322 57.414539, -120.181421 57.414372, -120.181535 57.414209, -120.18168 57.414053, -120.181862 57.413917, -120.182072 57.413796, -120.182306 57.413693, -120.182592 57.413627, -120.182907 57.413577, -120.18322 57.413567, -120.183553 57.41358, -120.183876 57.41365, -120.184199 57.413741, -120.184513 57.41386, -120.184807 57.414004, -120.185082 57.414169, -120.185603 57.414533, -120.185849 57.414727, -120.18681 57.41553, -120.187072 57.415735, -120.187354 57.415937, -120.187658 57.416131, -120.187985 57.416321, -120.188335 57.416501, -120.188701 57.416675, -120.190196 57.417366, -120.190572 57.417545, -120.191723 57.41809, -120.193258 57.418792, -120.193982 57.419143, -120.194315 57.419307, -120.194628 57.419467, -120.195388 57.419884, -120.195601 57.419982, -120.195815 57.420057, -120.196043 57.420117, -120.196284 57.42015, -120.196538 57.420149, -120.196794 57.42012, -120.197059 57.420058, -120.197313 57.419966, -120.197556 57.419851, -120.198295 57.419435, -120.198556 57.419301, -120.198847 57.419181, -120.199165 57.419084, -120.199498 57.419027, -120.199887 57.418991, -120.200497 57.419198, -120.200754 57.41935, -120.200942 57.419538, -120.201052 57.419749, -120.201094 57.419968, -120.201079 57.420186, -120.201032 57.4204, -120.200965 57.420601, -120.20091 57.420799, -120.200887 57.420996, -120.200909 57.421191, -120.201012 57.421382, -120.20118 57.421565, -120.201411 57.421734, -120.201706 57.421883, -120.202039 57.422015, -120.20241 57.422124, -120.20281 57.422215, -120.203223 57.422288, -120.203653 57.422345, -120.204102 57.422376, -120.204561 57.422383, -120.205028 57.422374, -120.206409 57.422321, -120.20686 57.422326, -120.207294 57.422352, -120.207722 57.422409, -120.208131 57.42251, -120.208487 57.422657, -120.208782 57.422849, -120.208985 57.423088, -120.209079 57.423358, -120.209066 57.42365, -120.208953 57.423945, -120.208755 57.424239, -120.208487 57.424522, -120.208198 57.424801, -120.207579 57.425352, -120.207288 57.425634, -120.207037 57.425926, -120.206826 57.426232, -120.206677 57.426548, -120.206589 57.426874, -120.206559 57.427207, -120.206613 57.427544, -120.206728 57.427882, -120.206904 57.428218, -120.20712 57.42855, -120.207366 57.428879, -120.208153 57.429865, -120.208393 57.430194, -120.208603 57.430522, -120.208784 57.430856, -120.208929 57.431191, -120.209033 57.431522, -120.209093 57.431858, -120.209096 57.432188, -120.209029 57.432511, -120.208899 57.432827, -120.208711 57.433132, -120.208467 57.433432, -120.208186 57.433719, -120.207878 57.433992, -120.207232 57.43453, -120.20625 57.435311, -120.205591 57.435802, -120.204923 57.436266, -120.204603 57.436494, -120.204291 57.436721, -120.204 57.436948, -120.203727 57.437175, -120.20349 57.437411, -120.203301 57.437659, -120.203153 57.437913, -120.203062 57.438177, -120.203026 57.438447, -120.203035 57.438723, -120.203088 57.439004, -120.203165 57.439286, -120.203682 57.44069, -120.203898 57.441233, -120.204016 57.441495, -120.204161 57.441749, -120.204326 57.441989, -120.204519 57.442233, -120.20475 57.442459, -120.205021 57.442678, -120.205329 57.442887, -120.205669 57.443091, -120.20603 57.44329, -120.206384 57.443509, -120.206716 57.443748, -120.206995 57.444007, -120.207236 57.444284, -120.207437 57.444572, -120.207602 57.444861, -120.207895 57.44543, -120.208404 57.446523, -120.208526 57.446781, -120.208781 57.44728, -120.208869 57.44753, -120.20891 57.447775, -120.208889 57.448016, -120.208801 57.448255, -120.208638 57.448487, -120.208409 57.4487, -120.208113 57.448897, -120.207756 57.449072, -120.207358 57.449228, -120.206922 57.449363, -120.205071 57.449847, -120.20413 57.450083, -120.203641 57.450192, -120.203153 57.450269, -120.202585 57.450422, -120.202151 57.450331, -120.20137 57.45005, -120.201057 57.449848, -120.20084 57.449599, -120.200705 57.449322, -120.200603 57.449039, -120.200487 57.44876, -120.200297 57.448506, -120.200002 57.448297, -120.199605 57.448147, -120.199127 57.448064, -120.198607 57.448064, -120.198092 57.44814, -120.197593 57.448263, -120.197134 57.448436, -120.196265 57.44884, -120.195808 57.449025, -120.19531 57.449171, -120.194782 57.449268, -120.194239 57.449305, -120.193691 57.449292, -120.193146 57.449224, -120.192622 57.449121, -120.191621 57.44886, -120.191138 57.448712, -120.190665 57.448556, -120.190214 57.448388, -120.189784 57.448206, -120.189374 57.448009, -120.188992 57.447796, -120.188642 57.44757, -120.188322 57.447333, -120.188022 57.447087, -120.187466 57.446585, -120.187205 57.446329, -120.186737 57.445808, -120.186528 57.445548, -120.186335 57.445286, -120.186163 57.445025, -120.186005 57.444764, -120.185868 57.444507, -120.185766 57.444254, -120.185703 57.443999, -120.185702 57.443749, -120.185766 57.443502, -120.185915 57.443263, -120.18614 57.443035, -120.186424 57.442815, -120.186759 57.442602, -120.187127 57.442401, -120.187519 57.442213, -120.188348 57.441839, -120.188767 57.441657, -120.191285 57.440546, -120.192088 57.440168, -120.192471 57.439962, -120.192841 57.439749, -120.193545 57.439292, -120.194225 57.438794, -120.194561 57.438535, -120.195212 57.438002, -120.195834 57.437461, -120.196118 57.437186, -120.196388 57.436906, -120.196613 57.436615, -120.196798 57.436318, -120.196939 57.436018, -120.197019 57.435713, -120.197047 57.435408, -120.19701 57.435106, -120.196907 57.434807, -120.196748 57.434511, -120.196534 57.434218, -120.196273 57.433937, -120.195974 57.433659, -120.195653 57.433383, -120.193967 57.432006, -120.19365 57.431734, -120.193341 57.431457, -120.193043 57.431175, -120.192769 57.430889, -120.192517 57.430603, -120.192042 57.430018, -120.191633 57.429412, -120.191449 57.429102, -120.191294 57.42879, -120.191138 57.428471, -120.190988 57.428151, -120.190818 57.427832, -120.190622 57.427518, -120.190398 57.427214, -120.190123 57.426923, -120.189806 57.426646, -120.189441 57.426389, -120.189026 57.426151, -120.188571 57.425934, -120.188098 57.42573, -120.187615 57.425534, -120.187157 57.425336, -120.186738 57.425116, -120.186392 57.42487, -120.186147 57.424599, -120.186003 57.4243, -120.185978 57.423983, -120.186045 57.42367, -120.186181 57.423361, -120.186308 57.423052, -120.186391 57.422743, -120.186387 57.422427, -120.186293 57.42211, -120.186107 57.4218, -120.185843 57.421502, -120.185526 57.421214, -120.185181 57.420926, -120.184444 57.420349, -120.184076 57.420052, -120.182597 57.418846, -120.181522 57.417928, -120.181192 57.417619, -120.180909 57.417308, -120.180677 57.416988, -120.180511 57.41666, -120.18043 57.416328, -120.180438 57.416, -120.18053 57.415681, -120.180734 57.415379, -120.181043 57.415106, -120.181243 57.414705))"
97,2023-07-29 10:30:57,2023071101,2023,42240.9,Derived from satellite imagery,1689058800000,1689103964000,Out of Control,JA70003000,422408592.9613,189253.5667,190,4656ec07-ed71-4a27-acd0-ef79d5dc5027,1501234974.67188,356753.785840721,https://wildfiresituation.nrs.gov.bc.ca/incidents?fireYear=2023&incidentNumber=G90273,"POLYGON ((-121.729477 58.054963, -121.727625 58.054291, -121.722912 58.053849, -121.718519 58.054424, -121.708909 58.055691, -121.704382 58.055665, -121.703967 58.05586, -121.698103 58.053646, -121.694525 58.051506, -121.694989 58.047472, -121.703117 58.04328, -121.708541 58.042644, -121.712647 58.041976, -121.713683 58.039586, -121.715321 58.036978, -121.714769 58.036749, -121.714206 58.032086, -121.721474 58.029223, -121.729657 58.027937, -121.735358 58.02599, -121.74162 58.022319, -121.746613 58.020156, -121.754582 58.017507, -121.762587 58.017762, -121.76546 58.018096, -121.767644 58.017556, -121.774587 58.018189, -121.782741 58.018447, -121.78754 58.01736, -121.79551 58.019263, -121.79729 58.020765, -121.794086 58.025001, -121.790267 58.027772, -121.785763 58.029695, -121.782493 58.031038, -121.775153 58.033903, -121.771108 58.035612, -121.767577 58.038241, -121.76618 58.040906, -121.767135 58.045387, -121.768894 58.047567, -121.774348 58.04774, -121.781888 58.047223, -121.787425 58.045512, -121.794215 58.042141, -121.801673 58.039169, -121.806393 58.038354, -121.806286 58.038239, -121.806249 58.038194, -121.806223 58.038147, -121.806205 58.038099, -121.806198 58.038051, -121.806145 58.03683, -121.806145 58.036802, -121.806236 58.035533, -121.805531 58.034818, -121.805489 58.034768, -121.805458 58.034715, -121.80544 58.03466, -121.805435 58.034604, -121.805443 58.034549, -121.805464 58.034495, -121.805497 58.034442, -121.805543 58.034392, -121.805599 58.034345, -121.806293 58.033845, -121.806208 58.033199, -121.806207 58.033144, -121.806219 58.033089, -121.806244 58.033035, -121.806281 58.032983, -121.80633 58.032935, -121.807719 58.031733, -121.80777 58.031693, -121.80783 58.031657, -121.807896 58.031624, -121.807968 58.031595, -121.808046 58.03157, -121.808129 58.03155, -121.810999 58.030951, -121.8111 58.030934, -121.811205 58.030923, -121.811311 58.03092, -121.811416 58.030923, -121.811521 58.030934, -121.811622 58.030951, -121.811718 58.030975, -121.811807 58.031005, -121.811889 58.031041, -121.811962 58.031082, -121.812024 58.031127, -121.812076 58.031177, -121.812115 58.031229, -121.812141 58.031283, -121.812155 58.031339, -121.812155 58.031395, -121.812142 58.031451, -121.811362 58.033633, -121.811939 58.034267, -121.814069 58.034437, -121.814397 58.034285, -121.814523 58.033957, -121.814349 58.033696, -121.81432 58.033643, -121.814304 58.033589, -121.814301 58.033534, -121.81431 58.033479, -121.814332 58.033425, -121.814366 58.033373, -121.814412 58.033324, -121.814469 58.033278, -121.814536 58.033236, -121.814612 58.033199, -121.814697 58.033167, -121.814788 58.03314, -121.814884 58.03312, -121.815281 58.033051, -121.815363 58.03304, -121.815446 58.033032, -121.815531 58.033029, -121.817949 58.033009, -121.818985 58.032424, -121.820113 58.031431, -121.820122 58.031423, -121.820166 58.03139, -121.821457 58.030494, -121.820799 58.029367, -121.819303 58.028317, -121.818664 58.027876, -121.81861 58.027834, -121.818565 58.027788, -121.81853 58.02774, -121.818505 58.027691, -121.818492 58.02764, -121.81849 58.027589, -121.818498 58.027537, -121.818518 58.027487, -121.818548 58.027438, -121.818589 58.027392, -121.82158 58.024424, -121.82161 58.024396, -121.821674 58.024349, -121.821994 58.024147, -121.821143 58.023087, -121.82111 58.023037, -121.821087 58.022985, -121.821077 58.022933, -121.821078 58.02288, -121.82109 58.022827, -121.821115 58.022776, -121.82115 58.022727, -121.821197 58.02268, -121.821253 58.022636, -121.821319 58.022597, -121.821393 58.022561, -121.821474 58.022531, -121.821993 58.022359, -121.822056 58.02234, -121.822121 58.022324, -121.82219 58.022311, -121.822884 58.022197, -121.822987 58.022183, -121.823092 58.022177, -121.823198 58.022178, -121.823241 58.022181, -121.826839 58.017885, -121.827342 58.013373, -121.827657 58.007346, -121.825781 58.001817, -121.81905 57.991985, -121.815738 57.986599, -121.811112 57.983435, -121.802859 57.980912, -121.798547 57.978135, -121.799592 57.97515, -121.80639 57.971591, -121.804394 57.967189, -121.80489 57.965965, -121.788425 57.967948, -121.779452 57.970816, -121.770317 57.975116, -121.762413 57.968494, -121.7716 57.960291, -121.771662 57.959609, -121.772634 57.948814, -121.776333 57.944616, -121.782375 57.940217, -121.787377 57.932429, -121.795412 57.921722, -121.80811 57.921164, -121.811768 57.926659, -121.811968 57.92819, -121.810249 57.930279, -121.809626 57.932326, -121.80883 57.93393, -121.8091 57.93599, -121.81274 57.938131, -121.815468 57.938412, -121.81692 57.940402, -121.816628 57.94182, -121.815217 57.94363, -121.814665 57.944969, -121.816286 57.94609, -121.818216 57.946864, -121.82065 57.94654, -121.824139 57.946764, -121.826509 57.947195, -121.82865 57.94739, -121.83033 57.94903, -121.83281 57.949747, -121.834843 57.950389, -121.834949 57.950384, -121.835055 57.950386, -121.835161 57.950395, -121.835263 57.95041, -121.835361 57.950433, -121.835453 57.950462, -121.835537 57.950497, -121.835612 57.950537, -121.836184 57.950884, -121.836238 57.95092, -121.836285 57.950959, -121.836323 57.951001, -121.836354 57.951044, -121.836376 57.951089, -121.836583 57.951621, -121.836676 57.951688, -121.837501 57.951688, -121.837606 57.951692, -121.838677 57.951764, -121.838776 57.951775, -121.83879 57.951776, -121.839774 57.951918, -121.839851 57.951931, -121.839924 57.951947, -121.839995 57.951968, -121.840916 57.952267, -121.840985 57.952198, -121.84084 57.952133, -121.840765 57.952095, -121.8407 57.952053, -121.840645 57.952007, -121.840601 57.951957, -121.840568 57.951905, -121.840548 57.951852, -121.84054 57.951797, -121.840545 57.951743, -121.840666 57.951132, -121.840513 57.950814, -121.840493 57.950759, -121.840486 57.950703, -121.840493 57.950647, -121.840513 57.950592, -121.840545 57.950539, -121.84059 57.950488, -121.840646 57.950441, -121.840713 57.950397, -121.840789 57.950359, -121.840874 57.950326, -121.840966 57.950298, -121.841064 57.950277, -121.841166 57.950263, -121.84127 57.950255, -121.841376 57.950255, -121.84148 57.950261, -121.841583 57.950274, -121.841681 57.950294, -121.842469 57.950484, -121.844187 57.950646, -121.844288 57.950659, -121.844385 57.950678, -121.844477 57.950704, -121.844562 57.950735, -121.844639 57.950772, -121.844707 57.950813, -121.844766 57.950858, -121.844813 57.950907, -121.844849 57.950958, -121.844873 57.951012, -121.844884 57.951066, -121.844883 57.951121, -121.844869 57.951176, -121.844842 57.951229, -121.844804 57.95128, -121.844754 57.951328, -121.844693 57.951372, -121.844623 57.951413, -121.844544 57.951448, -121.844457 57.951478, -121.844364 57.951502, -121.844266 57.95152, -121.844165 57.951532, -121.843599 57.951577, -121.843475 57.95209, -121.843593 57.952095, -121.845348 57.951707, -121.845358 57.951705, -121.845426 57.951693, -121.846108 57.951582, -121.846903 57.951301, -121.847392 57.950729, -121.847441 57.95068, -121.847501 57.950635, -121.847571 57.950595, -121.847649 57.950559, -121.847736 57.950528, -121.847829 57.950504, -121.847926 57.950485, -121.848028 57.950473, -121.848131 57.950468, -121.848235 57.950469, -121.848337 57.950478, -121.848437 57.950493, -121.848533 57.950514, -121.848623 57.950541, -121.848706 57.950574, -121.848781 57.950612, -121.848846 57.950655, -121.848902 57.950701, -121.848946 57.950751, -121.848978 57.950804, -121.849195 57.951247, -121.850099 57.951146, -121.85054 57.950506, -121.850574 57.950464, -121.850616 57.950424, -121.850665 57.950386, -121.850721 57.950352, -121.850784 57.95032, -121.852428 57.949572, -121.852369 57.947725, -121.851879 57.947242, -121.85186 57.947222, -121.851819 57.947168, -121.851437 57.946533, -121.851416 57.946492, -121.851403 57.946452, -121.851397 57.94641, -121.85134 57.945466, -121.850876 57.944742, -121.850848 57.944685, -121.850834 57.944628, -121.850796 57.944311, -121.850795 57.944257, -121.850807 57.944203, -121.850832 57.94415, -121.850868 57.944099, -121.850915 57.944051, -121.850973 57.944006, -121.851041 57.943965, -121.852134 57.943385, -121.851918 57.943004, -121.851623 57.942796, -121.850972 57.942645, -121.850879 57.94262, -121.850792 57.942588, -121.850713 57.942551, -121.850643 57.942509, -121.850584 57.942463, -121.850536 57.942413, -121.8505 57.94236, -121.850477 57.942306, -121.850466 57.94225, -121.850469 57.942194, -121.850485 57.942139, -121.850514 57.942085, -121.850665 57.941858, -121.850616 57.941845, -121.850594 57.941838, -121.850578 57.941834, -121.849662 57.941555, -121.849576 57.941525, -121.849497 57.94149, -121.849427 57.941449, -121.849367 57.941405, -121.849318 57.941357, -121.84928 57.941306, -121.84902 57.940881, -121.848993 57.940827, -121.84898 57.940771, -121.84898 57.940715, -121.848993 57.94066, -121.849019 57.940605, -121.849057 57.940553, -121.849108 57.940504, -121.84927 57.940367, -121.849106 57.939628, -121.849102 57.939605, -121.8491 57.939575, -121.8491 57.939098, -121.849107 57.939042, -121.849127 57.938987, -121.849482 57.938255, -121.849393 57.938124, -121.849026 57.937971, -121.848961 57.93794, -121.848901 57.937907, -121.848849 57.93787, -121.848056 57.937248, -121.848006 57.937204, -121.847966 57.937156, -121.847936 57.937107, -121.847918 57.937056, -121.84791 57.937004, -121.847914 57.936952, -121.84793 57.936901, -121.847956 57.936851, -121.847993 57.936803, -121.84804 57.936758, -121.84851 57.936361, -121.848391 57.935885, -121.848383 57.935829, -121.848389 57.935773, -121.848408 57.935718, -121.848439 57.935664, -121.848483 57.935614, -121.848539 57.935566, -121.848605 57.935522, -121.848681 57.935484, -121.848765 57.93545, -121.848857 57.935422, -121.849346 57.935295, -121.849439 57.935161, -121.849376 57.935061, -121.848654 57.934727, -121.846614 57.933892, -121.846544 57.93386, -121.846481 57.933823, -121.846425 57.933784, -121.846378 57.933741, -121.84634 57.933696, -121.846312 57.933649, -121.846083 57.93318, -121.846064 57.933129, -121.846057 57.933078, -121.84606 57.933026, -121.846074 57.932975, -121.8461 57.932926, -121.846136 57.932878, -121.846182 57.932832, -121.846237 57.93279, -121.846302 57.932751, -121.846374 57.932717, -121.848891 57.931649, -121.84897 57.931619, -121.849054 57.931595, -121.849143 57.931575, -121.851776 57.931092, -121.852258 57.930982, -121.852712 57.92997, -121.851411 57.929638, -121.851321 57.929611, -121.851237 57.929579, -121.851162 57.929541, -121.851096 57.929499, -121.85104 57.929453, -121.850995 57.929404, -121.850962 57.929352, -121.850941 57.929299, -121.850932 57.929244, -121.850936 57.929189, -121.851174 57.927912, -121.851138 57.927439, -121.850189 57.926417, -121.849529 57.925791, -121.849485 57.925743, -121.849452 57.925692, -121.849431 57.92564, -121.849422 57.925587, -121.849424 57.925534, -121.849438 57.925482, -121.849464 57.92543, -121.849501 57.925381, -121.849549 57.925334, -121.849607 57.925291, -121.849674 57.925251, -121.84975 57.925216, -121.849832 57.925186, -121.849921 57.925162, -121.851561 57.924773, -121.851657 57.924754, -121.851757 57.924741, -121.851859 57.924734, -121.851961 57.924735, -121.852063 57.924742, -121.852162 57.924755, -121.853063 57.924908, -121.853101 57.924915, -121.855305 57.925352, -121.857629 57.92565, -121.859193 57.925542, -121.859384 57.92458, -121.859282 57.924485, -121.858205 57.923939, -121.858135 57.923899, -121.858075 57.923855, -121.858025 57.923807, -121.857987 57.923757, -121.85796 57.923704, -121.857946 57.92365, -121.857944 57.923596, -121.857954 57.923542, -121.857977 57.923489, -121.858012 57.923437, -121.858058 57.923389, -121.858115 57.923343, -121.858182 57.923302, -121.858258 57.923265, -121.858341 57.923234, -121.858431 57.923208, -121.858527 57.923188, -121.858626 57.923174, -121.858728 57.923167, -121.85883 57.923166, -121.858932 57.923173, -121.859032 57.923185, -121.859673 57.923288, -121.859736 57.9233, -121.8598 57.923315, -121.86131 57.923708, -121.861395 57.923733, -121.861474 57.923763, -121.861546 57.923799, -121.86161 57.923838, -121.861664 57.923881, -121.861709 57.923927, -121.861744 57.923975, -121.862201 57.924744, -121.862925 57.92509, -121.863639 57.925436, -121.864571 57.925436, -121.86466 57.925438, -121.864748 57.925446, -121.864834 57.925458, -121.865652 57.925601, -121.866176 57.925682, -121.867195 57.925833, -121.868762 57.926053, -121.868801 57.926059, -121.869503 57.926178, -121.869579 57.926193, -121.869651 57.926211, -121.869721 57.926234, -121.870615 57.926555, -121.871201 57.926672, -121.871731 57.926688, -121.873278 57.926184, -121.874145 57.925816, -121.874218 57.925788, -121.874297 57.925765, -121.874711 57.925656, -121.877731 57.924745, -121.875061 57.923502, -121.874986 57.923462, -121.874921 57.923417, -121.874867 57.923369, -121.874824 57.923317, -121.874794 57.923263, -121.874778 57.923207, -121.874774 57.923151, -121.874784 57.923095, -121.874807 57.92304, -121.874843 57.922987, -121.874891 57.922937, -121.87495 57.92289, -121.87502 57.922848, -121.8751 57.92281, -121.875188 57.922778, -121.875806 57.922584, -121.875898 57.922559, -121.875996 57.92254, -121.876097 57.922527, -121.8762 57.922522, -121.876304 57.922523, -121.879176 57.922646, -121.880414 57.922141, -121.880429 57.922135, -121.880463 57.922122, -121.881243 57.921849, -121.885292 57.917532, -121.885336 57.917491, -121.885388 57.917452, -121.885447 57.917417, -121.885514 57.917385, -121.885586 57.917357, -121.890324 57.915713, -121.890414 57.915685, -121.89051 57.915664, -121.892729 57.915257, -121.893841 57.91361, -121.893975 57.912971, -121.893984 57.912939, -121.893989 57.912924, -121.894447 57.911829, -121.894468 57.911788, -121.894497 57.911748, -121.894532 57.911709, -121.894838 57.911415, -121.894855 57.911112, -121.894856 57.911099, -121.894861 57.911071, -121.895021 57.910369, -121.89504 57.910315, -121.89507 57.910263, -121.895113 57.910213, -121.895167 57.910166, -121.895231 57.910123, -121.895305 57.910085, -121.895387 57.910051, -121.895476 57.910024, -121.89557 57.910002, -121.895669 57.909986, -121.895771 57.909977, -121.896512 57.909936, -121.897897 57.909707, -121.898057 57.909427, -121.898092 57.909377, -121.898137 57.90933, -121.898192 57.909286, -121.898257 57.909246, -121.89833 57.90921, -121.89841 57.909179, -121.898497 57.909154, -121.898589 57.909133, -121.898684 57.909119, -121.898958 57.909087, -121.898923 57.908809, -121.898922 57.908753, -121.898925 57.908737, -121.899026 57.908168, -121.897623 57.907732, -121.897544 57.907705, -121.897472 57.907673, -121.897407 57.907636, -121.89735 57.907597, -121.897301 57.907554, -121.897262 57.907508, -121.897233 57.907461, -121.897055 57.907106, -121.896627 57.907059, -121.896557 57.907246, -121.89653 57.9073, -121.89649 57.907352, -121.896439 57.907401, -121.896376 57.907446, -121.896303 57.907487, -121.896222 57.907522, -121.896132 57.907552, -121.896037 57.907576, -121.895936 57.907593, -121.895832 57.907603, -121.895727 57.907606, -121.895622 57.907603, -121.895518 57.907592, -121.895418 57.907575, -121.894649 57.90741, -121.893616 57.90747, -121.893515 57.907473, -121.893413 57.907469, -121.893314 57.907459, -121.893217 57.907442, -121.893125 57.90742, -121.893038 57.907391, -121.892959 57.907357, -121.892888 57.907319, -121.892826 57.907276, -121.892774 57.90723, -121.892733 57.90718, -121.892703 57.907129, -121.892686 57.907075, -121.89268 57.907021, -121.892687 57.906968, -121.892706 57.906914, -121.892737 57.906863, -121.892779 57.906814, -121.892894 57.906699, -121.892011 57.906262, -121.891953 57.90623, -121.891901 57.906196, -121.891856 57.906159, -121.891818 57.906119, -121.891795 57.906093, -121.891757 57.906041, -121.891732 57.905987, -121.89172 57.905931, -121.891721 57.905875, -121.891735 57.90582, -121.891761 57.905766, -121.8918 57.905714, -121.891851 57.905666, -121.891913 57.905621, -121.892659 57.905147, -121.892304 57.904788, -121.892262 57.904738, -121.892232 57.904686, -121.892213 57.904633, -121.892207 57.904579, -121.892207 57.904564, -121.892212 57.904518, -121.892225 57.904473, -121.892247 57.904429, -121.892544 57.903928, -121.892577 57.903883, -121.892618 57.90384, -121.892667 57.903799, -121.892725 57.903762, -121.893411 57.903362, -121.893484 57.903324, -121.893563 57.903292, -121.89365 57.903265, -121.893742 57.903243, -121.893839 57.903227, -121.894806 57.903104, -121.894653 57.90247, -121.893389 57.90036, -121.894203 57.898121, -121.894853 57.898173, -121.894786 57.89802, -121.892437 57.893936, -121.888187 57.889346, -121.884987 57.885383, -121.883168 57.884138, -121.88832 57.877908, -121.893575 57.875841, -121.903337 57.875994, -121.904944 57.874612, -121.897648 57.87058, -121.895992 57.859985, -121.896194 57.859978, -121.896139 57.859882, -121.894954 57.858414, -121.894053 57.856812, -121.890961 57.855572, -121.887601 57.854323, -121.88599 57.851839, -121.886981 57.850153, -121.893915 57.84822, -121.90246 57.84877, -121.907156 57.847627, -121.91182 57.846769, -121.918236 57.847109, -121.918596 57.847253, -121.918658 57.847237, -121.928669 57.848262, -121.928771 57.848055, -121.934852 57.846094, -121.939225 57.844665, -121.945044 57.845136, -121.948658 57.845637, -121.953057 57.845673, -121.95607 57.846643, -121.960782 57.847177, -121.964611 57.847391, -121.968127 57.847108, -121.972201 57.846743, -121.972483 57.847533, -121.970865 57.848948, -121.973827 57.850405, -121.976397 57.850385, -121.97668 57.851175, -121.97807 57.8519, -121.979225 57.853107, -121.975108 57.853861, -121.970809 57.854609, -121.967496 57.854704, -121.964215 57.854507, -121.958933 57.854151, -121.955333 57.855213, -121.954152 57.855958, -121.952276 57.858049, -121.95204 57.860244, -121.952185 57.860407, -121.952297 57.862699, -121.952746 57.865193, -121.952608 57.865712, -121.954366 57.867828, -121.957817 57.873093, -121.957134 57.880376, -121.956312 57.884283, -121.957347 57.88501, -121.955204 57.885679, -121.949155 57.888547, -121.945037 57.890139, -121.94008 57.892849, -121.935797 57.895961, -121.934099 57.898389, -121.933351 57.901991, -121.930242 57.904185, -121.925928 57.904244, -121.921849 57.905455, -121.919455 57.90767, -121.915526 57.910793, -121.914878 57.913444, -121.918209 57.915836, -121.923391 57.917711, -121.927101 57.919923, -121.929203 57.923151, -121.929256 57.923233, -121.929449 57.924765, -121.936505 57.925934, -121.936617 57.925948, -121.938552 57.92618, -121.93857 57.926197, -121.938609 57.926246, -121.938947 57.926754, -121.939529 57.927054, -121.93974 57.927083, -121.942253 57.926785, -121.942354 57.926777, -121.942456 57.926775, -121.942559 57.926779, -121.943146 57.926825, -121.943245 57.926836, -121.94334 57.926853, -121.943431 57.926876, -121.943516 57.926904, -121.943594 57.926938, -121.944523 57.927389, -121.944849 57.927439, -121.945175 57.927291, -121.945224 57.92727, -121.945261 57.927256, -121.945521 57.927166, -121.946683 57.926237, -121.946525 57.926055, -121.946421 57.926045, -121.94632 57.926028, -121.946224 57.926004, -121.946134 57.925975, -121.946052 57.925939, -121.945979 57.925899, -121.945916 57.925854, -121.945864 57.925805, -121.945825 57.925753, -121.945797 57.925699, -121.945783 57.925643, -121.945781 57.925587, -121.945793 57.925531, -121.945818 57.925477, -121.945856 57.925424, -121.945906 57.925375, -121.946327 57.925011, -121.946389 57.924964, -121.946461 57.924923, -121.946542 57.924886, -121.946632 57.924856, -121.946728 57.924831, -121.946829 57.924813, -121.946933 57.924802, -121.94704 57.924799, -121.947146 57.924802, -121.947251 57.924812, -121.947352 57.924829, -121.947449 57.924853, -121.947539 57.924884, -121.948592 57.925062, -121.948892 57.924929, -121.948963 57.924901, -121.949038 57.924877, -121.949117 57.924858, -121.9492 57.924843, -121.949726 57.924763, -121.94981 57.924752, -121.949896 57.924746, -121.949982 57.924745, -121.951273 57.924764, -121.951809 57.924768, -121.951846 57.924769, -121.953528 57.924821, -121.955228 57.924477, -121.955297 57.924465, -121.955368 57.924456, -121.95544 57.92445, -121.957476 57.924336, -121.957579 57.924333, -121.95768 57.924337, -121.957781 57.924348, -121.957878 57.924365, -121.95797 57.924388, -121.958057 57.924417, -121.958136 57.924451, -121.958207 57.92449, -121.958269 57.924533, -121.95832 57.92458, -121.95836 57.92463, -121.958389 57.924682, -121.958693 57.925393, -121.959145 57.925503, -121.959228 57.925526, -121.959305 57.925554, -121.959377 57.925587, -121.959441 57.925623, -121.959497 57.925663, -121.959544 57.925706, -121.959583 57.925751, -121.959903 57.926197, -121.959932 57.926245, -121.95995 57.926295, -121.959958 57.926345, -121.959955 57.926395, -121.959942 57.926445, -121.959725 57.92702, -121.959915 57.927473, -121.959932 57.927527, -121.959935 57.927583, -121.959926 57.927638, -121.959904 57.927692, -121.959869 57.927745, -121.959823 57.927794, -121.959765 57.92784, -121.959698 57.927883, -121.959621 57.92792, -121.959535 57.927952, -121.959443 57.927978, -121.959346 57.927998, -121.958103 57.928522, -121.955121 57.927495, -121.955019 57.927496, -121.954918 57.927491, -121.954818 57.927479, -121.954722 57.927462, -121.95463 57.927438, -121.954545 57.927408, -121.954467 57.927373, -121.954397 57.927334, -121.954337 57.92729, -121.954287 57.927243, -121.954248 57.927192, -121.954221 57.92714, -121.954206 57.927087, -121.954126 57.926595, -121.952594 57.926346, -121.952583 57.926354, -121.952471 57.926549, -121.952508 57.927031, -121.952648 57.927298, -121.953091 57.927684, -121.953132 57.927725, -121.953165 57.927767, -121.95319 57.927811, -121.953206 57.927857, -121.953351 57.928421, -121.953359 57.928474, -121.953355 57.928527, -121.953339 57.928579, -121.953312 57.92863, -121.953273 57.928679, -121.953224 57.928725, -121.953165 57.928768, -121.953098 57.928807, -121.952831 57.928942, -121.952988 57.929634, -121.953236 57.93014, -121.953843 57.930564, -121.953881 57.930593, -121.953915 57.930624, -121.954108 57.930815, -121.954411 57.930817, -121.954495 57.930726, -121.954548 57.930677, -121.954612 57.930632, -121.954687 57.930591, -121.95477 57.930556, -121.954861 57.930526, -121.954958 57.930503, -121.955805 57.930335, -121.955904 57.930319, -121.956006 57.93031, -121.956109 57.930307, -121.956212 57.930311, -121.956314 57.930322, -121.956412 57.930339, -121.956506 57.930362, -121.956593 57.930391, -121.956673 57.930426, -121.95788 57.931018, -121.957949 57.931056, -121.958009 57.931098, -121.95806 57.931144, -121.958099 57.931193, -121.958128 57.931244, -121.958145 57.931296, -121.95815 57.931349, -121.958144 57.931402, -121.958126 57.931455, -121.958096 57.931505, -121.958055 57.931554, -121.958004 57.931599, -121.957632 57.931889, -121.95793 57.932231, -121.958881 57.932523, -121.959706 57.93272, -121.960231 57.932714, -121.960342 57.932669, -121.960955 57.932256, -121.961347 57.931992, -121.967158 57.928081, -121.966719 57.925619, -121.967101 57.923729, -121.96549 57.922063, -121.965178 57.919961, -121.962901 57.918562, -121.963434 57.91776, -121.966385 57.915281, -121.969433 57.913581, -121.975423 57.911283, -121.981331 57.909744, -121.989723 57.908471, -121.989965 57.90845, -121.991028 57.911575, -121.998498 57.912414, -121.998922 57.912269, -122.002729 57.911813, -122.006455 57.914635, -122.007461 57.917804, -122.005896 57.919897, -122.006205 57.922046, -122.00873 57.923548, -122.011953 57.92607, -122.01457 57.926719, -122.018821 57.926287, -122.021343 57.92573, -122.023441 57.925337, -122.024875 57.925581, -122.027985 57.926834, -122.030841 57.928641, -122.030576 57.930023, -122.03155 57.93122, -122.033447 57.934566, -122.043372 57.937239, -122.047228 57.939731, -122.049881 57.94451, -122.050853 57.944906, -122.051412 57.949214, -122.057796 57.952399, -122.064104 57.954171, -122.067578 57.956599, -122.068436 57.96113, -122.072932 57.964401, -122.079593 57.966569, -122.091702 57.97996, -122.094801 57.986726, -122.09917 57.989011, -122.120369 57.994824, -122.134226 57.995282, -122.134273 57.998914, -122.126933 58.002667, -122.128002 58.007613, -122.125 58.014228, -122.128365 58.019409, -122.120702 58.025219, -122.106158 58.028189, -122.119643 58.040548, -122.147579 58.050908, -122.147718 58.055716, -122.144038 58.056615, -122.141787 58.06208, -122.143172 58.071169, -122.137955 58.072638, -122.13657 58.076552, -122.138117 58.079285, -122.136257 58.080849, -122.134989 58.080689, -122.134617 58.080909, -122.128872 58.081309, -122.12042 58.080309, -122.110566 58.07908, -122.108055 58.077891, -122.101989 58.078373, -122.090191 58.075175, -122.080074 58.072199, -122.069622 58.073404, -122.068848 58.075531, -122.05917 58.086061, -122.04093 58.088094, -122.031652 58.078378, -122.030691 58.078557, -122.028773 58.078922, -122.027737 58.079066, -122.02662 58.079155, -122.025449 58.079256, -122.024236 58.079384, -122.021783 58.07953, -122.020602 58.079376, -122.019504 58.079072, -122.018456 58.078716, -122.01614 58.078237, -122.014876 58.078158, -122.013624 58.078168, -122.011211 58.078078, -122.010105 58.077862, -122.008762 58.076855, -122.008702 58.076197, -122.00918 58.075586, -122.010756 58.074558, -122.011789 58.073395, -122.01173 58.072831, -122.011195 58.072423, -122.010373 58.072273, -122.008701 58.072682, -122.006697 58.073102, -122.005591 58.072965, -122.004615 58.07261, -122.003821 58.072116, -122.002527 58.070648, -122.001714 58.069385, -122.001289 58.068429, -122.002775 58.067692, -122.004983 58.067894, -122.007257 58.068431, -122.00978 58.068335, -122.010869 58.067945, -122.012672 58.066115, -122.012329 58.064733, -122.01224 58.064596, -122.01149 58.063435, -122.009625 58.062661, -122.007942 58.062527, -122.005166 58.061191, -121.999659 58.060174, -121.999414 58.060129, -121.999324 58.060099, -121.999243 58.060064, -121.99917 58.060024, -121.997899 58.059228, -121.997219 58.058877, -121.997161 58.058844, -121.997145 58.058833, -121.996665 58.05851, -121.995834 58.058408, -121.99531 58.058462, -121.995235 58.058468, -121.995159 58.05847, -121.995083 58.058469, -121.993389 58.0584, -121.993302 58.058394, -121.993217 58.058384, -121.993134 58.058368, -121.993055 58.058349, -121.99298 58.058325, -121.991842 58.057918, -121.991363 58.05801, -121.990914 58.058351, -121.990884 58.058372, -121.990595 58.058566, -121.990538 58.058601, -121.990474 58.058632, -121.990405 58.05866, -121.989375 58.05903, -121.989287 58.059058, -121.989193 58.05908, -121.989094 58.059095, -121.988993 58.059104, -121.98889 58.059107, -121.988788 58.059103, -121.988687 58.059093, -121.988589 58.059076, -121.988496 58.059053, -121.988409 58.059025, -121.988329 58.05899, -121.987862 58.058766, -121.987173 58.058893, -121.986647 58.059344, -121.986624 58.059399, -121.986589 58.059453, -121.986541 58.059503, -121.986481 58.05955, -121.986411 58.059592, -121.986332 58.05963, -121.986244 58.059662, -121.986149 58.059688, -121.986049 58.059707, -121.985945 58.059719, -121.985839 58.059725, -121.985732 58.059723, -121.985627 58.059715, -121.985525 58.059699, -121.985427 58.059677, -121.985335 58.059648, -121.985251 58.059614, -121.984544 58.059286, -121.984353 58.059318, -121.984308 58.059325, -121.984256 58.059332, -121.98389 58.05937, -121.983785 58.059377, -121.983679 58.059377, -121.983573 58.059371, -121.98347 58.059357, -121.980733 58.058897, -121.980146 58.059854, -121.980135 58.05987, -121.979958 58.060125, -121.979826 58.060581, -121.979804 58.060634, -121.97977 58.060686, -121.979724 58.060735, -121.979667 58.060781, -121.9796 58.060823, -121.979524 58.06086, -121.97944 58.060892, -121.979348 58.060919, -121.979252 58.060939, -121.979152 58.060953, -121.977004 58.061175, -121.976864 58.06162, -121.976862 58.061628, -121.976843 58.06167, -121.976604 58.062113, -121.976528 58.062339, -121.977211 58.062843, -121.978768 58.062504, -121.978782 58.062501, -121.979593 58.062335, -121.981518 58.061674, -121.981609 58.061646, -121.981705 58.061625, -121.981806 58.061611, -121.981909 58.061603, -121.982013 58.061602, -121.982117 58.061607, -121.982218 58.061619, -121.982316 58.061638, -121.982409 58.061663, -121.982936 58.061827, -121.983019 58.061857, -121.983095 58.061891, -121.983162 58.06193, -121.983221 58.061973, -121.983269 58.062019, -121.983307 58.062068, -121.983334 58.062119, -121.98335 58.062171, -121.983402 58.062464, -121.9835 58.062905, -121.983506 58.06296, -121.983499 58.063014, -121.98348 58.063068, -121.983448 58.06312, -121.983284 58.063344, -121.982511 58.064484, -121.983457 58.06485, -121.983536 58.064885, -121.983606 58.064925, -121.983667 58.064968, -121.983718 58.065016, -121.983757 58.065066, -121.983785 58.065119, -121.9838 58.065173, -121.983803 58.065227, -121.983774 58.065688, -121.983776 58.065701, -121.984785 58.065714, -121.984889 58.065718, -121.984991 58.06573, -121.98509 58.065748, -121.985184 58.065772, -121.985271 58.065803, -121.985351 58.065838, -121.985422 58.065879, -121.985482 58.065924, -121.985532 58.065973, -121.985571 58.066024, -121.985597 58.066078, -121.98561 58.066133, -121.98564 58.066386, -121.985885 58.06645, -121.986443 58.066333, -121.98654 58.066316, -121.98664 58.066305, -121.986742 58.066301, -121.986844 58.066303, -121.986944 58.066312, -121.987042 58.066327, -121.987136 58.066349, -121.98817 58.066624, -121.989058 58.066798, -121.989858 58.066805, -121.989964 58.066809, -121.990068 58.06682, -121.990168 58.066838, -121.990264 58.066863, -121.990352 58.066894, -121.990433 58.06693, -121.990837 58.067136, -121.990899 58.067171, -121.990956 58.067211, -121.99132 58.067502, -121.991636 58.067691, -121.991811 58.067666, -121.991912 58.067655, -121.992016 58.067651, -121.99212 58.067654, -121.992222 58.067663, -121.992321 58.067679, -121.992416 58.067701, -121.992506 58.06773, -121.992588 58.067763, -121.992661 58.067802, -121.992725 58.067845, -121.992779 58.067892, -121.992821 58.067943, -121.992851 58.067995, -121.99287 58.068049, -121.992875 58.068104, -121.992868 58.068159, -121.992848 58.068213, -121.992413 58.069098, -121.992383 58.069146, -121.992344 58.069192, -121.992295 58.069236, -121.992237 58.069276, -121.992171 58.069313, -121.992097 58.069345, -121.992017 58.069373, -121.991319 58.069587, -121.991099 58.069866, -121.991139 58.070077, -121.991143 58.070132, -121.991134 58.070187, -121.991113 58.07024, -121.99108 58.070292, -121.991035 58.070341, -121.990979 58.070387, -121.990913 58.070429, -121.990837 58.070467, -121.990754 58.070499, -121.990664 58.070526, -121.990568 58.070547, -121.990468 58.070561, -121.988599 58.070767, -121.988509 58.070774, -121.988417 58.070776, -121.988326 58.070773, -121.988236 58.070765, -121.986169 58.070513, -121.986094 58.070502, -121.986023 58.070488, -121.984954 58.070244, -121.984887 58.070226, -121.984808 58.070201, -121.984354 58.070034, -121.983028 58.070005, -121.982922 58.07, -121.982818 58.069987, -121.982718 58.069967, -121.982623 58.069941, -121.982536 58.069908, -121.982457 58.069871, -121.982388 58.069828, -121.982329 58.06978, -121.981879 58.069553, -121.981243 58.069811, -121.981161 58.06984, -121.981074 58.069864, -121.980982 58.069882, -121.980887 58.069895, -121.98079 58.069902, -121.980692 58.069902, -121.980594 58.069897, -121.980498 58.069886, -121.980405 58.069869, -121.978971 58.069556, -121.978882 58.069534, -121.978799 58.069506, -121.978723 58.069473, -121.978654 58.069436, -121.978594 58.069394, -121.978543 58.06935, -121.978502 58.069302, -121.978247 58.068951, -121.977917 58.068821, -121.977295 58.068881, -121.977193 58.068887, -121.97709 58.068887, -121.976988 58.068881, -121.976888 58.068868, -121.976792 58.068848, -121.976701 58.068823, -121.976617 58.068792, -121.97654 58.068755, -121.976473 58.068714, -121.976415 58.06867, -121.975649 58.067991, -121.974281 58.066836, -121.973702 58.066929, -121.972757 58.067382, -121.973188 58.068279, -121.973204 58.068322, -121.973213 58.068365, -121.973213 58.068409, -121.973206 58.068452, -121.972817 58.069921, -121.972796 58.069974, -121.972764 58.070025, -121.972721 58.070074, -121.972666 58.07012, -121.972602 58.070162, -121.972528 58.070199, -121.972447 58.070232, -121.971905 58.070423, -121.971854 58.07044, -121.969982 58.071001, -121.969892 58.071024, -121.969797 58.071042, -121.9697 58.071053, -121.9696 58.071058, -121.9695 58.071057, -121.969401 58.07105, -121.969304 58.071037, -121.969211 58.071017, -121.96854 58.070853, -121.968449 58.070827, -121.968365 58.070796, -121.968288 58.070759, -121.968221 58.070718, -121.968163 58.070673, -121.968117 58.070624, -121.968082 58.070572, -121.968059 58.070519, -121.968048 58.070465, -121.96805 58.07041, -121.968064 58.070356, -121.968091 58.070303, -121.96813 58.070253, -121.96818 58.070205, -121.968241 58.070161, -121.968311 58.070121, -121.970105 58.069218, -121.968719 58.068759, -121.964682 58.069081, -121.963611 58.070519, -121.963591 58.070543, -121.963543 58.07059, -121.956088 58.076985, -121.956077 58.076994, -121.955821 58.077201, -121.956371 58.077946, -121.956387 58.077969, -121.956406 58.078004, -121.956505 58.078222, -121.956523 58.078273, -121.956529 58.078326, -121.956523 58.078378, -121.956506 58.07843, -121.956478 58.07848, -121.956439 58.078528, -121.95639 58.078573, -121.956331 58.078615, -121.955201 58.079329, -121.954829 58.080426, -121.954803 58.080481, -121.954764 58.080533, -121.954713 58.080583, -121.954651 58.080629, -121.954578 58.080671, -121.954496 58.080707, -121.954405 58.080738, -121.954308 58.080762, -121.954207 58.08078, -121.954101 58.08079, -121.950982 58.08099, -121.950312 58.081538, -121.950258 58.081578, -121.950195 58.081615, -121.950125 58.081647, -121.950049 58.081676, -121.949967 58.0817, -121.949881 58.081718, -121.947162 58.082223, -121.944484 58.082707, -121.945077 58.084334, -121.945088 58.084375, -121.945092 58.084416, -121.94509 58.084457, -121.944655 58.087213, -121.945173 58.08751, -121.945232 58.087548, -121.945283 58.087589, -121.945325 58.087633, -121.945358 58.087679, -121.945381 58.087726, -121.945542 58.08815, -121.945555 58.088204, -121.945557 58.088257, -121.945547 58.088311, -121.945524 58.088363, -121.94549 58.088414, -121.945444 58.088462, -121.945389 58.088507, -121.945323 58.088548, -121.945248 58.088584, -121.945166 58.088616, -121.944106 58.088974, -121.943406 58.089327, -121.942759 58.09012, -121.942722 58.090195, -121.94271 58.090217, -121.942675 58.090265, -121.940791 58.092467, -121.940819 58.092785, -121.941388 58.092937, -121.942061 58.092994, -121.94265 58.093039, -121.942753 58.09305, -121.942852 58.093068, -121.942947 58.093093, -121.943035 58.093123, -121.943115 58.093159, -121.943186 58.0932, -121.943247 58.093245, -121.943297 58.093294, -121.943335 58.093346, -121.943361 58.0934, -121.943374 58.093455, -121.943406 58.09375, -121.943669 58.094173, -121.945157 58.095187, -121.946053 58.094813, -121.946139 58.094782, -121.946231 58.094756, -121.946328 58.094737, -121.946429 58.094724, -121.946532 58.094717, -121.946637 58.094718, -121.94674 58.094725, -121.94684 58.094738, -121.946937 58.094759, -121.947029 58.094785, -121.951446 58.096246, -121.951532 58.096279, -121.95161 58.096317, -121.951678 58.09636, -121.951736 58.096407, -121.951782 58.096457, -121.951816 58.09651, -121.951837 58.096565, -121.951845 58.096621, -121.951839 58.096677, -121.951821 58.096733, -121.951789 58.096786, -121.951745 58.096837, -121.95169 58.096885, -121.951623 58.096929, -121.951547 58.096968, -121.951462 58.097001, -121.95137 58.097029, -121.951272 58.097051, -121.945473 58.1003, -121.938667 58.101601, -121.935223 58.100422, -121.936401 58.098309, -121.936027 58.098027, -121.934755 58.097645, -121.934473 58.09786, -121.934407 58.097903, -121.934331 58.097943, -121.934247 58.097976, -121.934155 58.098004, -121.934058 58.098026, -121.933956 58.098041, -121.933851 58.09805, -121.933746 58.098051, -121.93364 58.098046, -121.933537 58.098033, -121.932968 58.097945, -121.928764 58.097397, -121.928438 58.097439, -121.927238 58.100866, -121.930514 58.102152, -121.930593 58.102187, -121.930663 58.102228, -121.930724 58.102272, -121.930774 58.10232, -121.930813 58.102371, -121.93084 58.102424, -121.930854 58.102478, -121.930855 58.102533, -121.930845 58.102587, -121.93073 58.102946, -121.930707 58.102998, -121.930672 58.103049, -121.930626 58.103097, -121.930569 58.103142, -121.930503 58.103183, -121.930428 58.10322, -121.930344 58.103251, -121.930255 58.103277, -121.93016 58.103297, -121.930061 58.103311, -121.92996 58.103318, -121.929858 58.103319, -121.929756 58.103314, -121.929657 58.103302, -121.92956 58.103284, -121.929469 58.103259, -121.929384 58.10323, -121.926079 58.101917, -121.920554 58.103308, -121.920199 58.103561, -121.920132 58.103604, -121.920056 58.103641, -121.919971 58.103674, -121.91988 58.1037, -121.919783 58.103721, -121.919682 58.103735, -121.919578 58.103742, -121.919474 58.103742, -121.91937 58.103736, -121.919269 58.103723, -121.919171 58.103704, -121.917642 58.103342, -121.914127 58.102706, -121.912777 58.103128, -121.912701 58.103149, -121.91262 58.103166, -121.912537 58.103178, -121.912451 58.103186, -121.912365 58.103189, -121.912313 58.103475, -121.912296 58.10353, -121.912266 58.103584, -121.912224 58.103636, -121.91217 58.103684, -121.912105 58.103729, -121.912029 58.103768, -121.911945 58.103803, -121.911854 58.103831, -121.911756 58.103854, -121.911185 58.103963, -121.910794 58.104227, -121.910782 58.104235, -121.91076 58.104249, -121.910477 58.104417, -121.910466 58.104423, -121.910359 58.104484, -121.910289 58.10452, -121.910211 58.104552, -121.910126 58.104578, -121.910037 58.104599, -121.909943 58.104615, -121.909847 58.104624, -121.909014 58.104682, -121.908913 58.104685, -121.908812 58.104683, -121.908712 58.104674, -121.908615 58.104658, -121.908522 58.104637, -121.908435 58.10461, -121.908354 58.104578, -121.908281 58.104541, -121.908217 58.104499, -121.908163 58.104454, -121.908119 58.104405, -121.908086 58.104355, -121.908066 58.104302, -121.908057 58.104249, -121.90806 58.104195, -121.908075 58.104142, -121.908103 58.104091, -121.908141 58.104041, -121.908428 58.103728, -121.907952 58.103833, -121.90738 58.103998, -121.907287 58.104021, -121.90719 58.104037, -121.907089 58.104048, -121.906489 58.104091, -121.906369 58.104475, -121.906347 58.104674, -121.906279 58.104765, -121.905583 58.105687, -121.905513 58.10578, -121.901143 58.10659, -121.896834 58.106835, -121.891207 58.106096, -121.888234 58.103929, -121.885803 58.100081, -121.884084 58.096255, -121.884095 58.09403, -121.884023 58.09406, -121.882459 58.094624, -121.882393 58.094646, -121.882303 58.094669, -121.881316 58.094883, -121.881222 58.0949, -121.881124 58.094911, -121.881025 58.094916, -121.880926 58.094914, -121.880827 58.094907, -121.879405 58.096316, -121.877437 58.096789, -121.875776 58.097217, -121.87435 58.096427, -121.873392 58.095971, -121.871539 58.095975, -121.870791 58.095977, -121.870705 58.095951, -121.867345 58.095944, -121.86465 58.095426, -121.862506 58.095818, -121.862403 58.095833, -121.862297 58.095841, -121.862191 58.095842, -121.862085 58.095836, -121.861981 58.095823, -121.861881 58.095804, -121.861787 58.095777, -121.8617 58.095745, -121.861621 58.095707, -121.861551 58.095664, -121.861492 58.095617, -121.861445 58.095567, -121.861411 58.095513, -121.861066 58.094853, -121.857541 58.09424, -121.855629 58.096611, -121.855629 58.096628, -121.857013 58.097277, -121.85735 58.098781, -121.857049 58.100585, -121.852693 58.101677, -121.849518 58.102112, -121.845432 58.102, -121.83887 58.100508, -121.839008 58.096079, -121.839977 58.093157, -121.840433 58.09221, -121.838391 58.092432, -121.836388 58.092316, -121.835312 58.092016, -121.832419 58.090868, -121.832355 58.090848, -121.824713 58.088284, -121.822202 58.089191, -121.818881 58.089943, -121.815307 58.090545, -121.811669 58.091715, -121.808584 58.09276, -121.804947 58.092152, -121.802198 58.093636, -121.795396 58.091638, -121.791906 58.090191, -121.789935 58.089133, -121.784174 58.09036, -121.78564 58.092444, -121.783242 58.094702, -121.784506 58.095628, -121.78936 58.097986, -121.79456 58.100165, -121.796155 58.102306, -121.807643 58.102427, -121.808378 58.101917, -121.810798 58.101992, -121.811114 58.102787, -121.810105 58.103969, -121.807313 58.104275, -121.807188 58.104974, -121.812335 58.106604, -121.814067 58.106039, -121.815654 58.105681, -121.819118 58.106921, -121.820545 58.106802, -121.820267 58.105999, -121.821414 58.105393, -121.822198 58.105025, -121.824211 58.104517, -121.826592 58.104342, -121.827837 58.104666, -121.828949 58.104986, -121.830891 58.104511, -121.831583 58.104961, -121.833299 58.1053, -121.831796 58.106074, -121.830131 58.106485, -121.829063 58.106381, -121.828149 58.106709, -121.828406 58.107431, -121.829296 58.107922, -121.828184 58.108208, -121.82769 58.109014, -121.825605 58.108949, -121.824094 58.109187, -121.822666 58.109891, -121.820807 58.110226, -121.818798 58.110092, -121.816405 58.109767, -121.815266 58.109114, -121.812076 58.109125, -121.805713 58.109671, -121.801715 58.110682, -121.798847 58.112784, -121.796527 58.11331, -121.79478 58.113703, -121.793361 58.114081, -121.786212 58.114363, -121.783286 58.114299, -121.780227 58.11648, -121.78044 58.116986, -121.781671 58.118723, -121.785016 58.120715, -121.790453 58.123151, -121.79133 58.124876, -121.78823 58.127043, -121.78291 58.129894, -121.782066 58.134207, -121.782836 58.136873, -121.783899 58.140114, -121.775902 58.14125, -121.776356 58.145377, -121.761914 58.158444, -121.721969 58.157729, -121.711279 58.154183, -121.704062 58.140812, -121.689819 58.139544, -121.687082 58.138305, -121.685547 58.12442, -121.691496 58.118033, -121.689578 58.116887, -121.685439 58.115514, -121.683635 58.114217, -121.683944 58.111541, -121.685052 58.108551, -121.677105 58.106011, -121.666278 58.097742, -121.651384 58.091729, -121.676286 58.077076, -121.703339 58.087733, -121.706683 58.088167, -121.712537 58.088161, -121.720966 58.088044, -121.72555 58.089546, -121.727712 58.089687, -121.730309 58.088982, -121.737336 58.088561, -121.742748 58.087558, -121.747612 58.084484, -121.748286 58.082515, -121.746597 58.079732, -121.743497 58.077435, -121.74205 58.076841, -121.737629 58.075095, -121.736086 58.073395, -121.734779 58.069613, -121.735046 58.066525, -121.735935 58.065888, -121.736483 58.064271, -121.740441 58.060813, -121.742447 58.057441, -121.73711 58.056446, -121.729477 58.054963))"
98,2023-07-29 10:30:57,2023072402,2023,642255.3,Derived from satellite imagery,1690182000000,1690239838000,Out of Control,JA70003000,6422553324.284,988268.6729,191,86391c31-6999-4052-a84e-b2f578543aa6,25749293147.6641,1976633.69902029,https://wildfiresituation.nrs.gov.bc.ca/incidents?fireYear=2023&incidentNumber=G90288,"POLYGON ((-119.681038 60.369275, -119.657627 60.35207, -119.674847 60.338153, -119.685908 60.309272, -119.715539 60.291501, -119.722926 60.283018, -119.691852 60.259606, -119.66403 60.251017, -119.652872 60.231425, -119.657056 60.208117, -119.680802 60.190095, -119.722219 60.171391, -119.739478 60.16415, -119.729148 60.161275, -119.729071 60.161251, -119.729 60.161223, -119.728934 60.161192, -119.728875 60.161157, -119.719365 60.154971, -119.717632 60.153834, -119.717579 60.153795, -119.717535 60.153753, -119.717499 60.15371, -119.715569 60.150952, -119.715539 60.150899, -119.715522 60.150844, -119.715518 60.15079, -119.715528 60.150735, -119.715551 60.150681, -119.715587 60.150629, -119.715636 60.15058, -119.718095 60.148414, -119.717643 60.147038, -119.717632 60.146986, -119.717634 60.146933, -119.717647 60.14688, -119.717673 60.146829, -119.717711 60.14678, -119.71776 60.146733, -119.717819 60.14669, -119.720382 60.145027, -119.720455 60.144985, -119.720536 60.144948, -119.720626 60.144917, -119.720724 60.144891, -119.720826 60.144872, -119.720933 60.144859, -119.721042 60.144852, -119.721151 60.144853, -119.72126 60.14486, -119.721366 60.144873, -119.721469 60.144893, -119.721565 60.144919, -119.721655 60.144951, -119.721736 60.144988, -119.721807 60.14503, -119.721868 60.145076, -119.721917 60.145125, -119.721954 60.145177, -119.721978 60.14523, -119.721989 60.145285, -119.721986 60.14534, -119.721649 60.147315, -119.724106 60.149753, -119.724146 60.149799, -119.724176 60.149848, -119.724195 60.149897, -119.724202 60.149948, -119.724198 60.149998, -119.724183 60.150048, -119.723559 60.151534, -119.731437 60.155946, -119.739705 60.154628, -119.746224 60.153132, -119.746255 60.153126, -119.747917 60.152781, -119.749133 60.151865, -119.751168 60.149338, -119.745869 60.146448, -119.744402 60.145829, -119.744322 60.145791, -119.744252 60.145748, -119.744193 60.145701, -119.744146 60.145651, -119.744111 60.145598, -119.74409 60.145543, -119.744083 60.145488, -119.744089 60.145432, -119.744108 60.145378, -119.744141 60.145325, -119.745531 60.143496, -119.746215 60.141999, -119.745871 60.140479, -119.746837 60.138312, -119.746903 60.13827, -119.74698 60.138232, -119.750121 60.136853, -119.750618 60.135649, -119.750647 60.135596, -119.750689 60.135545, -119.750742 60.135498, -119.750807 60.135453, -119.750882 60.135414, -119.750967 60.135379, -119.751059 60.135349, -119.751157 60.135325, -119.751261 60.135308, -119.751368 60.135297, -119.751477 60.135292, -119.751586 60.135294, -119.751694 60.135303, -119.755352 60.135719, -119.755827 60.135207, -119.75602 60.134633, -119.756028 60.134613, -119.756036 60.134597, -119.756311 60.134058, -119.754059 60.131813, -119.754015 60.131762, -119.753984 60.131707, -119.753967 60.131652, -119.753963 60.131596, -119.753974 60.13154, -119.754523 60.129817, -119.755286 60.127309, -119.755297 60.127279, -119.755641 60.126514, -119.755672 60.126461, -119.755715 60.12641, -119.755771 60.126363, -119.755838 60.126319, -119.755916 60.126279, -119.756002 60.126245, -119.756096 60.126216, -119.756197 60.126193, -119.756302 60.126176, -119.756411 60.126167, -119.756521 60.126164, -119.756631 60.126167, -119.756739 60.126178, -119.756844 60.126195, -119.756944 60.126218, -119.75823 60.12657, -119.765824 60.124473, -119.767056 60.122629, -119.767095 60.12258, -119.767145 60.122534, -119.767206 60.122491, -119.767276 60.122452, -119.767355 60.122417, -119.767442 60.122387, -119.77203 60.120992, -119.776597 60.119368, -119.776691 60.119339, -119.776792 60.119316, -119.776898 60.119299, -119.779062 60.119028, -119.780459 60.118128, -119.780527 60.118089, -119.780603 60.118054, -119.780687 60.118024, -119.783913 60.116999, -119.787714 60.115677, -119.787811 60.115647, -119.787878 60.115632, -119.789466 60.115299, -119.789534 60.115285, -119.789632 60.115267, -119.789733 60.115256, -119.789837 60.11525, -119.789941 60.115251, -119.790044 60.115257, -119.790145 60.11527, -119.790242 60.115288, -119.790379 60.115319, -119.790474 60.115343, -119.790563 60.115374, -119.790644 60.115409, -119.790716 60.115449, -119.790778 60.115493, -119.790829 60.11554, -119.790868 60.11559, -119.790895 60.115642, -119.79091 60.115695, -119.790912 60.115749, -119.790901 60.115802, -119.790878 60.115855, -119.790842 60.115905, -119.789434 60.117579, -119.788479 60.118934, -119.789669 60.120122, -119.798175 60.122271, -119.800612 60.121823, -119.799302 60.119945, -119.799273 60.119894, -119.799256 60.119841, -119.799088 60.11899, -119.799084 60.118943, -119.799089 60.118895, -119.79944 60.117361, -119.799459 60.117308, -119.799491 60.117256, -119.799534 60.117206, -119.79959 60.117159, -119.799656 60.117116, -119.799732 60.117078, -119.799817 60.117044, -119.799909 60.117015, -119.800008 60.116993, -119.802403 60.116527, -119.802417 60.116525, -119.802497 60.116512, -119.804534 60.116241, -119.804548 60.116239, -119.815284 60.114905, -119.817236 60.112614, -119.8175 60.112125, -119.816258 60.110794, -119.816223 60.110751, -119.816197 60.110705, -119.81618 60.110659, -119.816174 60.110612, -119.816139 60.109691, -119.813694 60.106913, -119.813656 60.106862, -119.813631 60.106809, -119.813619 60.106755, -119.81362 60.106701, -119.813634 60.106646, -119.813661 60.106594, -119.8137 60.106543, -119.813752 60.106495, -119.813814 60.10645, -119.813887 60.10641, -119.813969 60.106374, -119.814059 60.106344, -119.814155 60.106319, -119.814257 60.1063, -119.814363 60.106288, -119.81447 60.106282, -119.814579 60.106282, -119.814686 60.10629, -119.818531 60.106667, -119.818606 60.106676, -119.818679 60.106689, -119.818749 60.106704, -119.82076 60.107191, -119.82264 60.107069, -119.823163 60.105943, -119.823195 60.105889, -119.82324 60.105838, -119.823297 60.10579, -119.823366 60.105746, -119.823445 60.105706, -119.823534 60.105672, -119.82363 60.105644, -119.823732 60.105621, -119.823839 60.105606, -119.823949 60.105597, -119.826357 60.105486, -119.826433 60.105484, -119.827554 60.10548, -119.827658 60.105483, -119.827761 60.105492, -119.827861 60.105506, -119.827957 60.105527, -119.828047 60.105552, -119.828131 60.105583, -119.829763 60.10626, -119.831447 60.106867, -119.832405 60.106676, -119.831888 60.105343, -119.829411 60.103784, -119.82741 60.10329, -119.827314 60.103263, -119.827226 60.10323, -119.827146 60.103192, -119.827077 60.103149, -119.827018 60.103102, -119.826971 60.103052, -119.826937 60.102999, -119.826916 60.102945, -119.826908 60.10289, -119.826914 60.102835, -119.827128 60.101904, -119.827145 60.101853, -119.827174 60.101804, -119.827214 60.101757, -119.827264 60.101712, -119.827324 60.101671, -119.829132 60.100557, -119.829204 60.100518, -119.829285 60.100483, -119.829374 60.100453, -119.829469 60.100429, -119.829569 60.10041, -119.831522 60.100117, -119.833081 60.099528, -119.833334 60.098888, -119.833362 60.098835, -119.833403 60.098784, -119.833456 60.098736, -119.83352 60.098691, -119.833594 60.098651, -119.833678 60.098615, -119.83377 60.098585, -119.833868 60.098561, -119.833972 60.098543, -119.834079 60.098531, -119.834188 60.098526, -119.834298 60.098528, -119.834406 60.098537, -119.834512 60.098552, -119.834613 60.098573, -119.834643 60.098581, -119.834737 60.098608, -119.834823 60.09864, -119.834901 60.098678, -119.836079 60.099316, -119.837623 60.099773, -119.838317 60.099568, -119.839107 60.098714, -119.839159 60.098666, -119.839221 60.098622, -119.839293 60.098582, -119.839374 60.098547, -119.839464 60.098516, -119.839559 60.098492, -119.83966 60.098473, -119.839765 60.09846, -119.839872 60.098454, -119.83998 60.098455, -119.840087 60.098461, -119.840191 60.098475, -119.840292 60.098494, -119.840387 60.098519, -119.840475 60.09855, -119.840555 60.098586, -119.840627 60.098627, -119.841219 60.099012, -119.841708 60.099284, -119.843046 60.098751, -119.842932 60.097896, -119.842931 60.097883, -119.84293 60.097874, -119.842816 60.094654, -119.842821 60.094598, -119.84284 60.094543, -119.842873 60.094489, -119.842919 60.094437, -119.842977 60.094389, -119.843047 60.094345, -119.843127 60.094305, -119.843217 60.094271, -119.843314 60.094243, -119.843418 60.094221, -119.843526 60.094206, -119.843637 60.094198, -119.843749 60.094197, -119.843861 60.094203, -119.84397 60.094215, -119.844075 60.094235, -119.849057 60.095345, -119.849081 60.095351, -119.865609 60.093134, -119.863095 60.087648, -119.863078 60.0876, -119.863072 60.087552, -119.863029 60.085505, -119.86192 60.084481, -119.860045 60.083975, -119.858778 60.083897, -119.858671 60.083887, -119.858567 60.083871, -119.858468 60.083848, -119.858375 60.08382, -119.85829 60.083786, -119.858213 60.083747, -119.858146 60.083704, -119.858091 60.083657, -119.858047 60.083607, -119.858015 60.083554, -119.857997 60.0835, -119.856875 60.078461, -119.85687 60.078408, -119.856877 60.078355, -119.856896 60.078302, -119.856928 60.078252, -119.856971 60.078203, -119.857025 60.078157, -119.85709 60.078115, -119.857164 60.078077, -119.857247 60.078044, -119.857337 60.078016, -119.878673 60.072175, -119.890849 60.063002, -119.890896 60.06297, -119.890948 60.06294, -119.891005 60.062913, -119.898989 60.059406, -119.900048 60.056243, -119.900107 60.055497, -119.900114 60.055455, -119.90013 60.055412, -119.900153 60.055371, -119.900811 60.054396, -119.900847 60.054352, -119.900891 60.05431, -119.900944 60.05427, -119.901006 60.054234, -119.901074 60.054201, -119.901149 60.054172, -119.902182 60.053815, -119.901081 60.052727, -119.899046 60.052392, -119.896287 60.051946, -119.896228 60.051935, -119.894694 60.051626, -119.894595 60.051603, -119.894503 60.051573, -119.894418 60.051538, -119.894343 60.051498, -119.894278 60.051454, -119.894224 60.051406, -119.894181 60.051356, -119.894152 60.051303, -119.892074 60.046419, -119.891575 60.045723, -119.889884 60.044686, -119.887074 60.0436, -119.887004 60.04357, -119.886941 60.043537, -119.886884 60.0435, -119.886836 60.043461, -119.886796 60.04342, -119.88604 60.042527, -119.886003 60.042475, -119.88598 60.04242, -119.885969 60.042365, -119.885973 60.042309, -119.88599 60.042254, -119.88602 60.042201, -119.886063 60.04215, -119.886119 60.042102, -119.886186 60.042057, -119.886263 60.042017, -119.886349 60.041983, -119.886443 60.041954, -119.886544 60.04193, -119.886649 60.041914, -119.888709 60.041658, -119.888799 60.04165, -119.888889 60.041645, -119.891685 60.041591, -119.89208 60.041192, -119.892112 60.040733, -119.891216 60.039618, -119.889755 60.039237, -119.889665 60.03921, -119.889582 60.039178, -119.889506 60.039141, -119.88944 60.0391, -119.887862 60.037992, -119.884348 60.036715, -119.884261 60.036679, -119.884184 60.036638, -119.884118 60.036592, -119.884063 60.036542, -119.882576 60.034956, -119.874929 60.032798, -119.874838 60.032769, -119.874754 60.032734, -119.87468 60.032694, -119.874615 60.03265, -119.87354 60.031815, -119.873486 60.031767, -119.873445 60.031717, -119.873416 60.031664, -119.8734 60.03161, -119.873361 60.031393, -119.873358 60.031339, -119.873368 60.031285, -119.873391 60.031232, -119.873426 60.031181, -119.873473 60.031132, -119.873531 60.031087, -119.8736 60.031045, -119.873678 60.031008, -119.873764 60.030976, -119.873857 60.030949, -119.873956 60.030928, -119.876031 60.030562, -119.876049 60.030559, -119.878815 60.030103, -119.879243 60.029001, -119.873441 60.025591, -119.870993 60.025893, -119.870886 60.025902, -119.870778 60.025905, -119.87067 60.025902, -119.870563 60.025892, -119.870459 60.025875, -119.87036 60.025853, -119.870268 60.025824, -119.870183 60.02579, -119.870106 60.025751, -119.87004 60.025708, -119.869985 60.025661, -119.869941 60.02561, -119.86991 60.025558, -119.869892 60.025504, -119.869887 60.02545, -119.869895 60.025395, -119.869916 60.025341, -119.86995 60.025289, -119.869996 60.02524, -119.870054 60.025194, -119.870122 60.025151, -119.874227 60.022901, -119.874306 60.022862, -119.874394 60.022829, -119.87449 60.022801, -119.874591 60.02278, -119.874697 60.022765, -119.874806 60.022757, -119.874916 60.022755, -119.875026 60.02276, -119.875133 60.022772, -119.876616 60.022991, -119.882107 60.02251, -119.884344 60.022076, -119.888722 60.020023, -119.888596 60.017238, -119.883971 60.016811, -119.88387 60.016799, -119.883772 60.016781, -119.883679 60.016757, -119.883592 60.016727, -119.883513 60.016693, -119.883442 60.016655, -119.88338 60.016612, -119.883329 60.016566, -119.883289 60.016518, -119.88326 60.016467, -119.883243 60.016416, -119.883238 60.016363, -119.883271 60.01508, -119.881262 60.014197, -119.877528 60.014479, -119.877421 60.014484, -119.877313 60.014482, -119.877206 60.014474, -119.877102 60.014459, -119.877003 60.014438, -119.876909 60.014412, -119.876822 60.014379, -119.876744 60.014342, -119.876675 60.0143, -119.876616 60.014255, -119.876569 60.014206, -119.876534 60.014155, -119.876512 60.014101, -119.876125 60.012812, -119.874511 60.011716, -119.874449 60.011668, -119.8744 60.011617, -119.874365 60.011563, -119.874343 60.011507, -119.874335 60.011451, -119.874341 60.011394, -119.874362 60.011338, -119.874396 60.011284, -119.874444 60.011233, -119.874504 60.011185, -119.874576 60.011141, -119.874658 60.011102, -119.874749 60.011068, -119.874848 60.011041, -119.874953 60.01102, -119.875062 60.011006, -119.875174 60.010999, -119.875287 60.010999, -119.87692 60.011052, -119.877021 60.011059, -119.877121 60.011071, -119.877217 60.011088, -119.877309 60.011112, -119.877394 60.01114, -119.877473 60.011173, -119.878879 60.011836, -119.881527 60.012036, -119.882852 60.011029, -119.882236 60.009573, -119.88222 60.009519, -119.882217 60.009465, -119.882227 60.009411, -119.88225 60.009358, -119.882285 60.009306, -119.882333 60.009258, -119.882391 60.009212, -119.882461 60.00917, -119.88254 60.009133, -119.882627 60.009101, -119.882721 60.009074, -119.886479 60.00816, -119.885784 60.004927, -119.885779 60.004874, -119.885787 60.004821, -119.885807 60.004768, -119.885839 60.004717, -119.888126 60.001723, -119.881916 60.001467, -119.88181 60.001459, -119.881706 60.001445, -119.881607 60.001425, -119.881513 60.0014, -119.881426 60.001368, -119.881347 60.001332, -119.881278 60.001291, -119.881218 60.001246, -119.881169 60.001199, -119.881133 60.001148, -119.881108 60.001096, -119.881096 60.001042, -119.881097 60.000988, -119.88111 60.000935, -119.881137 60.000883, -119.881175 60.000832, -119.881225 60.000785, -119.881286 60.000741, -119.884101 59.998936, -119.884175 59.998894, -119.884259 59.998858, -119.884351 59.998826, -119.88445 59.998801, -119.884555 59.998782, -119.884664 59.99877, -119.884774 59.998764, -119.884885 59.998766, -119.884995 59.998775, -119.885102 59.99879, -119.885205 59.998812, -119.885301 59.99884, -119.885389 59.998874, -119.885469 59.998913, -119.885538 59.998957, -119.886447 59.999616, -119.893778 60.000473, -119.894606 59.999934, -119.895925 59.999076, -119.895649 59.997286, -119.892907 59.995823, -119.892706 59.995716, -119.892636 59.995674, -119.892577 59.995627, -119.892529 59.995578, -119.892494 59.995526, -119.892472 59.995472, -119.892463 59.995417, -119.892467 59.995362, -119.892485 59.995307, -119.892516 59.995255, -119.892559 59.995204, -119.892614 59.995156, -119.892627 59.995147, -119.891072 59.991383, -119.884096 59.986418, -119.869474 59.980402, -119.849607 59.975947, -119.824644 59.976283, -119.797872 59.974742, -119.758724 59.974797, -119.746202 59.973163, -119.751751 59.965881, -119.760307 59.957657, -119.774918 59.94325, -119.780519 59.935611, -119.788627 59.929877, -119.801779 59.931894, -119.81622 59.934683, -119.820664 59.937747, -119.817039 59.942248, -119.809303 59.945849, -119.812795 59.950306, -119.830101 59.948918, -119.836088 59.943088, -119.844406 59.931982, -119.860414 59.929817, -119.872897 59.935741, -119.882468 59.937952, -119.900166 59.938366, -119.928084 59.941371, -119.933508 59.938739, -119.939758 59.935425, -119.949352 59.933331, -119.967411 59.931601, -119.986202 59.938144, -119.974759 59.946971, -119.961132 59.956063, -119.958108 59.961309, -119.960793 59.966443, -119.9703 59.973304, -119.971798 59.981255, -119.972588 59.983426, -119.972706 59.983418, -119.974081 59.983082, -119.974183 59.983061, -119.974288 59.983046, -119.974396 59.983038, -119.974505 59.983037, -119.974614 59.983042, -119.974721 59.983054, -119.974824 59.983072, -119.976285 59.983392, -119.979207 59.983349, -119.979253 59.983349, -119.979283 59.98335, -119.98491 59.98351, -119.985317 59.983316, -119.985402 59.98328, -119.985496 59.98325, -119.985596 59.983226, -119.985702 59.983208, -119.985811 59.983197, -119.985922 59.983193, -119.986033 59.983196, -119.986143 59.983205, -119.986249 59.983222, -119.986351 59.983245, -119.986446 59.983275, -119.986532 59.98331, -119.98661 59.98335, -119.986677 59.983395, -119.986732 59.983443, -119.986775 59.983495, -119.986805 59.983549, -119.986822 59.983605, -119.986824 59.983661, -119.986812 59.983717, -119.986787 59.983771, -119.986749 59.983824, -119.986698 59.983874, -119.986635 59.98392, -119.986561 59.983962, -119.986083 59.984201, -119.985095 59.987054, -119.985073 59.987101, -119.985042 59.987146, -119.985002 59.98719, -119.984952 59.987231, -119.983434 59.988348, -119.983372 59.988389, -119.983319 59.988417, -119.981028 59.989538, -119.982561 59.990633, -119.985446 59.99072, -119.988671 59.990381, -119.988777 59.990373, -119.988885 59.990372, -119.988992 59.990377, -119.989097 59.990389, -119.989198 59.990407, -119.989295 59.990431, -119.989385 59.99046, -119.989467 59.990495, -119.989541 59.990534, -119.989604 59.990578, -119.989657 59.990625, -119.989698 59.990675, -119.989727 59.990727, -119.989743 59.99078, -119.989747 59.990835, -119.989737 59.990888, -119.989715 59.990941, -119.98968 59.990993, -119.988978 59.991855, -119.988933 59.991902, -119.988878 59.991946, -119.987425 59.992967, -119.988385 59.993574, -119.990548 59.994156, -119.990639 59.994184, -119.990722 59.994217, -119.990797 59.994255, -119.990863 59.994297, -119.990918 59.994343, -119.990962 59.994391, -119.990994 59.994442, -119.991014 59.994495, -119.991021 59.994548, -119.991016 59.994602, -119.990398 59.997425, -119.990384 59.99747, -119.99036 59.997514, -119.989078 59.999509, -119.989037 59.999562, -119.988983 59.999611, -119.988917 59.999657, -119.988841 59.999698, -119.988755 59.999734, -119.98866 59.999764, -119.986692 60.000312, -119.985474 60.001603, -119.985125 60.003089, -119.985107 60.003142, -119.985076 60.003193, -119.985034 60.003241, -119.98498 60.003287, -119.982827 60.004893, -119.982219 60.005814, -119.982905 60.006863, -119.982932 60.006914, -119.982946 60.006966, -119.982949 60.007018, -119.98294 60.00707, -119.982918 60.007122, -119.982885 60.007171, -119.982313 60.007889, -119.982292 60.007913, -119.980864 60.009434, -119.981677 60.010691, -119.981683 60.0107, -119.981694 60.010719, -119.982042 60.011408, -119.983732 60.012318, -119.985067 60.011628, -119.98506 60.010744, -119.985065 60.010695, -119.985081 60.010646, -119.985107 60.010599, -119.985143 60.010554, -119.985188 60.01051, -119.985243 60.01047, -119.986662 60.009531, -119.986735 60.009489, -119.986819 60.009451, -119.986911 60.009419, -119.98701 60.009393, -119.987115 60.009373, -119.987224 60.00936, -119.987335 60.009354, -119.987447 60.009355, -119.987558 60.009363, -119.987666 60.009378, -119.987769 60.0094, -119.987866 60.009428, -119.987955 60.009462, -119.988036 60.009502, -119.988106 60.009546, -119.989666 60.010667, -119.99257 60.010485, -119.992919 60.01005, -119.992798 60.008573, -119.99062 60.007586, -119.990543 60.007546, -119.990476 60.007502, -119.99042 60.007454, -119.990377 60.007403, -119.990346 60.00735, -119.990329 60.007295, -119.990325 60.007239, -119.990335 60.007184, -119.990359 60.007129, -119.990395 60.007077, -119.990444 60.007027, -119.990505 60.006981, -119.990577 60.006938, -119.991806 60.006301, -119.991876 60.006268, -119.991953 60.00624, -119.992036 60.006215, -119.993495 60.005837, -119.993592 60.005815, -119.993692 60.0058, -119.993796 60.00579, -119.993902 60.005787, -119.994007 60.00579, -119.994111 60.005799, -119.994212 60.005815, -119.995555 60.006063, -119.995634 60.006079, -119.995709 60.0061, -119.995781 60.006124, -120.00011 60.007747, -120.000193 60.007782, -120.000267 60.007823, -120.000331 60.007868, -120.000383 60.007916, -120.000423 60.007967, -120.00045 60.008021, -120.000465 60.008075, -120.000465 60.00813, -120.000453 60.008185, -120.000427 60.008239, -120.000389 60.00829, -119.999336 60.009473, -119.99932 60.009489, -119.999291 60.009516, -119.998614 60.010098, -119.998575 60.010427, -120.000518 60.011311, -120.001594 60.011172, -120.001674 60.011164, -120.001756 60.011159, -120.003106 60.011113, -120.003136 60.011113, -120.005072 60.01108, -120.005779 60.010378, -120.00583 60.010334, -120.00589 60.010294, -120.005959 60.010256, -120.007106 60.009705, -120.006336 60.008598, -120.006305 60.008544, -120.006289 60.008488, -120.006286 60.008432, -120.006298 60.008375, -120.006323 60.00832, -120.006362 60.008267, -120.006414 60.008217, -120.006478 60.008171, -120.006553 60.008129, -120.006637 60.008092, -120.006731 60.00806, -120.008638 60.007503, -120.008737 60.007479, -120.008841 60.00746, -120.008948 60.007448, -120.009058 60.007443, -120.009168 60.007444, -120.009277 60.007453, -120.009383 60.007468, -120.009484 60.00749, -120.00958 60.007517, -120.009668 60.007551, -120.009747 60.007589, -120.009816 60.007632, -120.009874 60.00768, -120.00992 60.00773, -120.009954 60.007783, -120.009974 60.007837, -120.010241 60.008925, -120.010247 60.008975, -120.010243 60.009026, -120.010227 60.009076, -120.010199 60.009125, -120.010161 60.009173, -120.009229 60.010162, -120.009072 60.010756, -120.009061 60.01079, -120.009033 60.010841, -120.008634 60.011431, -120.010091 60.012095, -120.010131 60.012105, -120.012805 60.011971, -120.013833 60.011789, -120.015232 60.010955, -120.015302 60.010918, -120.01538 60.010885, -120.015465 60.010857, -120.015556 60.010834, -120.017598 60.010382, -120.017898 60.009827, -120.017933 60.009775, -120.01798 60.009726, -120.018038 60.00968, -120.018108 60.009638, -120.018186 60.0096, -120.018274 60.009568, -120.018368 60.009541, -120.018468 60.00952, -120.018573 60.009505, -120.01868 60.009497, -120.018789 60.009495, -120.018897 60.0095, -120.019003 60.009512, -120.019106 60.00953, -120.019203 60.009554, -120.020724 60.00999, -120.021259 60.009657, -120.022534 60.008332, -120.022823 60.006931, -120.022835 60.006891, -120.022853 60.006852, -120.022879 60.006814, -120.023848 60.005556, -120.02389 60.005509, -120.023943 60.005464, -120.024006 60.005424, -120.024077 60.005387, -120.024156 60.005354, -120.024243 60.005326, -120.024335 60.005303, -120.026914 60.004758, -120.027015 60.00474, -120.027119 60.004728, -120.027226 60.004723, -120.027333 60.004724, -120.027439 60.004732, -120.027543 60.004746, -120.027642 60.004766, -120.027736 60.004792, -120.027823 60.004823, -120.027902 60.00486, -120.027972 60.004901, -120.028031 60.004946, -120.02808 60.004994, -120.028117 60.005044, -120.029307 60.007089, -120.030504 60.00875, -120.030532 60.008799, -120.03055 60.008848, -120.030557 60.008899, -120.030552 60.008949, -120.030537 60.008999, -120.03051 60.009048, -120.030472 60.009095, -120.0289 60.010777, -120.028857 60.010818, -120.028805 60.010857, -120.028746 60.010892, -120.02868 60.010924, -120.027574 60.011412, -120.027602 60.012133, -120.028471 60.012405, -120.028541 60.012429, -120.028575 60.012442, -120.03049 60.013251, -120.030536 60.013272, -120.032157 60.014059, -120.035026 60.014076, -120.035136 60.014081, -120.035243 60.014092, -120.035348 60.014109, -120.035447 60.014133, -120.035539 60.014163, -120.035624 60.014199, -120.035699 60.014239, -120.035764 60.014283, -120.035817 60.014332, -120.035859 60.014383, -120.035887 60.014436, -120.035903 60.014491, -120.035904 60.014547, -120.035893 60.014602, -120.035868 60.014655, -120.03583 60.014707, -120.03578 60.014757, -120.035718 60.014802, -120.034588 60.015535, -120.034516 60.015576, -120.034435 60.015612, -120.034345 60.015644, -120.034248 60.015669, -120.034146 60.015689, -120.03404 60.015702, -120.033932 60.015708, -120.033823 60.015708, -120.033714 60.015701, -120.033609 60.015687, -120.030106 60.015121, -120.028427 60.017618, -120.029822 60.018724, -120.033457 60.021218, -120.039138 60.019626, -120.039216 60.019114, -120.039232 60.019059, -120.03926 60.019006, -120.039301 60.018956, -120.039354 60.018908, -120.039418 60.018863, -120.039492 60.018823, -120.039576 60.018788, -120.039667 60.018758, -120.039765 60.018734, -120.039868 60.018716, -120.039974 60.018705, -120.040083 60.0187, -120.040192 60.018702, -120.040299 60.01871, -120.040404 60.018725, -120.040504 60.018746, -120.047028 60.020372, -120.047078 60.020385, -120.047129 60.020401, -120.048969 60.021023, -120.050302 60.021221, -120.050394 60.021237, -120.050482 60.021259, -120.050565 60.021285, -120.050642 60.021316, -120.050712 60.02135, -120.050774 60.021389, -120.050827 60.02143, -120.054559 60.02474, -120.057171 60.024769, -120.057283 60.024774, -120.057392 60.024785, -120.057497 60.024804, -120.057597 60.024829, -120.057691 60.02486, -120.060835 60.026054, -120.060921 60.026092, -120.062175 60.026711, -120.064524 60.027504, -120.064595 60.02753, -120.064659 60.02756, -120.066705 60.028593, -120.068499 60.028491, -120.068612 60.028488, -120.068725 60.028493, -120.068835 60.028505, -120.072862 60.029067, -120.077776 60.029034, -120.080199 60.028867, -120.081862 60.0285, -120.081942 60.028484, -120.082024 60.028473, -120.082108 60.028465, -120.083992 60.028343, -120.084071 60.02834, -120.08415 60.02834, -120.086755 60.028404, -120.091237 60.02826, -120.091324 60.02826, -120.091411 60.028263, -120.091497 60.028271, -120.094289 60.028599, -120.094383 60.028613, -120.094473 60.028632, -120.09516 60.028798, -120.097084 60.027342, -120.096869 60.02653, -120.096861 60.026475, -120.096867 60.02642, -120.096885 60.026366, -120.096917 60.026314, -120.096961 60.026263, -120.097017 60.026216, -120.097084 60.026173, -120.097161 60.026134, -120.097246 60.0261, -120.097339 60.026072, -120.097439 60.026049, -120.097543 60.026033, -120.09765 60.026023, -120.097759 60.02602, -120.097868 60.026024, -120.097975 60.026034, -120.098078 60.026051, -120.098178 60.026073, -120.09827 60.026102, -120.101189 60.027136, -120.102371 60.027416, -120.104345 60.026833, -120.104439 60.026809, -120.104537 60.026791, -120.104639 60.026779, -120.104743 60.026773, -120.104848 60.026772, -120.104952 60.026778, -120.105054 60.026791, -120.105153 60.026809, -120.105246 60.026832, -120.107125 60.027384, -120.109485 60.027595, -120.110888 60.026601, -120.112696 60.025222, -120.112761 60.025179, -120.112836 60.025139, -120.11292 60.025105, -120.113012 60.025076, -120.113111 60.025053, -120.113214 60.025036, -120.11332 60.025025, -120.113428 60.025021, -120.113537 60.025023, -120.113644 60.025032, -120.113748 60.025048, -120.113847 60.02507, -120.113941 60.025097, -120.114027 60.025131, -120.116469 60.026195, -120.116546 60.026233, -120.116614 60.026276, -120.116671 60.026322, -120.116716 60.026372, -120.116749 60.026423, -120.11677 60.026477, -120.116777 60.026531, -120.116772 60.026586, -120.116422 60.028132, -120.116748 60.02824, -120.118961 60.028369, -120.119062 60.028378, -120.11916 60.028393, -120.119254 60.028413, -120.119342 60.028438, -120.119425 60.028468, -120.1195 60.028503, -120.119567 60.028542, -120.119625 60.028584, -120.120488 60.029311, -120.121269 60.029209, -120.124172 60.0287, -120.124278 60.028685, -120.124386 60.028677, -120.124497 60.028675, -120.124606 60.028681, -120.124714 60.028693, -120.124817 60.028711, -120.124916 60.028736, -120.125007 60.028767, -120.125241 60.028857, -120.133852 60.021102, -120.140153 60.013122, -120.158711 60.00852, -120.172606 60.00193, -120.184907 59.996348, -120.191076 59.989077, -120.183826 59.985551, -120.162165 59.991819, -120.147147 59.992268, -120.136249 59.989304, -120.114518 59.987319, -120.1071 59.980556, -120.104806 59.972933, -120.098275 59.965132, -120.087396 59.953563, -120.076871 59.948459, -120.064765 59.940062, -120.05366 59.934215, -120.051003 59.932629, -120.045381 59.935225, -120.041895 59.938362, -120.038012 59.943871, -120.038096 59.950445, -120.036075 59.955437, -120.032396 59.956176, -120.027341 59.958052, -120.016951 59.956414, -120.012255 59.952629, -120.012415 59.948155, -120.019043 59.943958, -120.021405 59.940475, -120.020876 59.93657, -120.021474 59.933011, -120.021732 59.927945, -120.021103 59.924633, -120.015823 59.920823, -120.01926 59.917983, -120.028712 59.918088, -120.037287 59.916363, -120.04875 59.915059, -120.057373 59.914257, -120.060985 59.91159, -120.06534 59.906758, -120.074096 59.905337, -120.084435 59.907208, -120.093303 59.913675, -120.103233 59.918035, -120.101114 59.926547, -120.108226 59.935088, -120.119457 59.935919, -120.13192 59.929275, -120.136619 59.922304, -120.138376 59.911628, -120.134611 59.904303, -120.134196 59.898194, -120.147998 59.896264, -120.150225 59.891341, -120.145697 59.884343, -120.146219 59.87684, -120.153026 59.874259, -120.157247 59.870135, -120.152196 59.866341, -120.144091 59.859552, -120.130065 59.854306, -120.129006 59.847812, -120.128768 59.840636, -120.135567 59.833756, -120.144594 59.830552, -120.149515 59.826459, -120.166549 59.813235, -120.176496 59.804336, -120.184321 59.791049, -120.197414 59.780131, -120.20032 59.770938, -120.200299 59.76234, -120.200462 59.756973, -120.204952 59.751071, -120.219338 59.749519, -120.229239 59.753869, -120.228392 59.763506, -120.234025 59.768037, -120.250426 59.77158, -120.266299 59.774024, -120.275793 59.776563, -120.298713 59.77786, -120.317775 59.773624, -120.342002 59.77246, -120.361787 59.772545, -120.374037 59.766593, -120.372682 59.757226, -120.36696 59.749589, -120.36055 59.748519, -120.335329 59.749117, -120.314615 59.744337, -120.305018 59.73862, -120.297495 59.731366, -120.295652 59.725733, -120.302427 59.720453, -120.310649 59.717548, -120.321935 59.715461, -120.331678 59.713052, -120.325406 59.707678, -120.325299 59.699436, -120.33167 59.690385, -120.35368 59.680537, -120.366656 59.674259, -120.382119 59.665574, -120.397464 59.6576, -120.413447 59.650008, -120.423435 59.64468, -120.453543 59.645884, -120.48036 59.650174, -120.490272 59.65248, -120.490817 59.652354, -120.493233 59.651304, -120.496943 59.64916, -120.500683 59.646826, -120.505053 59.64528, -120.511376 59.643239, -120.518903 59.643154, -120.525596 59.643608, -120.529991 59.644354, -120.531914 59.64653, -120.536912 59.648254, -120.541134 59.650138, -120.543114 59.654417, -120.542337 59.657059, -120.538052 59.660519, -120.538197 59.660856, -120.550158 59.665237, -120.55659 59.664682, -120.56507 59.663296, -120.568777 59.661149, -120.571076 59.658375, -120.57257 59.655951, -120.574869 59.653177, -120.576305 59.651133, -120.583891 59.650665, -120.589551 59.650503, -120.597337 59.648706, -120.601962 59.647931, -120.604491 59.648602, -120.61337 59.649519, -120.616391 59.651927, -120.621625 59.654611, -120.627796 59.65757, -120.635153 59.658397, -120.638076 59.663767, -120.638368 59.667353, -120.630296 59.668724, -120.621588 59.668808, -120.611994 59.669278, -120.604141 59.669184, -120.600719 59.667158, -120.596443 59.66531, -120.59409 59.663472, -120.590997 59.663352, -120.58726 59.663206, -120.582806 59.665324, -120.581198 59.668507, -120.58071 59.671734, -120.583242 59.674888, -120.58655 59.67788, -120.59009 59.681837, -120.589832 59.683545, -120.586612 59.684947, -120.58017 59.685269, -120.573202 59.686614, -120.564352 59.691073, -120.55216 59.697041, -120.53756 59.703388, -120.535494 59.707869, -120.534843 59.71214, -120.533599 59.715671, -120.534029 59.717478, -120.538615 59.719806, -120.541636 59.723147, -120.536991 59.72583, -120.53321 59.727472, -120.531962 59.729719, -120.535136 59.734685, -120.535467 59.738489, -120.535739 59.738671, -120.544489 59.736865, -120.551727 59.735716, -120.557289 59.736291, -120.563986 59.738701, -120.575922 59.739166, -120.578623 59.739987, -120.58046 59.741849, -120.578301 59.746778, -120.572899 59.74979, -120.564201 59.751241, -120.555773 59.750912, -120.541889 59.749295, -120.536377 59.748923, -120.53642 59.749416, -120.535062 59.758314, -120.539216 59.768145, -120.543915 59.774416, -120.54382 59.774496, -120.545008 59.775199, -120.547277 59.778868, -120.546843 59.781716, -120.542948 59.78407, -120.540133 59.788615, -120.537371 59.792804, -120.533583 59.794446, -120.531851 59.796527, -120.528493 59.799977, -120.521618 59.803288, -120.517125 59.804902, -120.512202 59.804709, -120.509935 59.801039, -120.509669 59.798163, -120.506426 59.796245, -120.505316 59.795454, -120.48915 59.79948, -120.468841 59.807272, -120.450247 59.817636, -120.44216 59.824119, -120.439257 59.833674, -120.437057 59.843257, -120.440394 59.84912, -120.445419 59.85326, -120.454022 59.857184, -120.450636 59.865287, -120.432451 59.872803, -120.42624 59.880794, -120.428263 59.890546, -120.428877 59.900242, -120.432386 59.905038, -120.441511 59.910237, -120.459741 59.911676, -120.478038 59.908101, -120.497368 59.902414, -120.510385 59.905433, -120.507877 59.912498, -120.488764 59.916762, -120.480176 59.921797, -120.478809 59.926041, -120.484665 59.929496, -120.489633 59.931424, -120.593879 59.917101, -120.596337 59.916512, -120.599356 59.913702, -120.601674 59.910562, -120.603275 59.909344, -120.605559 59.908695, -120.610327 59.907357, -120.611589 59.907153, -120.61407 59.906978, -120.616167 59.90638, -120.616855 59.90545, -120.616718 59.904789, -120.615634 59.904152, -120.612638 59.904095, -120.607422 59.903965, -120.605087 59.90363, -120.603898 59.902816, -120.603897 59.902054, -120.604912 59.901107, -120.60561 59.899977, -120.605748 59.898542, -120.606151 59.895689, -120.605458 59.894358, -120.604175 59.892983, -120.603966 59.891917, -120.604867 59.891227, -120.606843 59.890928, -120.609129 59.890919, -120.612328 59.890538, -120.614227 59.890019, -120.616489 59.889097, -120.619831 59.88792, -120.623458 59.887129, -120.626523 59.886074, -120.627952 59.885567, -120.629657 59.885271, -120.630619 59.88541, -120.631261 59.886108, -120.631381 59.88722, -120.631708 59.888318, -120.632389 59.890136, -120.633257 59.891768, -120.634344 59.892676, -120.635062 59.893337, -120.635546 59.89452, -120.636352 59.896211, -120.637598 59.897842, -120.639491 59.898734, -120.64388 59.899729, -120.646323 59.899867, -120.651357 59.899536, -120.652606 59.899508, -120.655078 59.899988, -120.656075 59.900779, -120.657373 59.90229, -120.659328 59.90314, -120.661544 59.902942, -120.66358 59.902607, -120.664869 59.903052, -120.667258 59.904599, -120.668259 59.904858, -120.671291 59.905062, -120.675908 59.904566, -120.679159 59.904457, -120.681641 59.904134, -120.683061 59.903618, -120.684895 59.90295, -120.686663 59.901858, -120.689496 59.901003, -120.691904 59.900629, -120.69294 59.899931, -120.69279 59.89905, -120.692274 59.897808, -120.692698 59.896368, -120.694647 59.894161, -120.695042 59.892463, -120.693785 59.891208, -120.692343 59.889995, -120.691827 59.888311, -120.691286 59.887492, -120.690125 59.887119, -120.688088 59.887533, -120.686584 59.888006, -120.685702 59.887789, -120.685617 59.887445, -120.686385 59.885965, -120.685678 59.885293, -120.683839 59.884985, -120.681712 59.88503, -120.680007 59.884885, -120.677301 59.883643, -120.675444 59.882989, -120.674408 59.882348, -120.675135 59.881968, -120.677708 59.881953, -120.678347 59.88167, -120.678606 59.880971, -120.677979 59.879518, -120.677849 59.879178, -120.676754 59.876007, -120.676781 59.875704, -120.6777 59.875269, -120.678573 59.875181, -120.680779 59.875093, -120.68285 59.87459, -120.683445 59.874097, -120.683786 59.872927, -120.683774 59.871932, -120.684167 59.871396, -120.685872 59.871175, -120.687487 59.87126, -120.690475 59.870966, -120.691029 59.870779, -120.692744 59.869896, -120.694308 59.868904, -120.696133 59.867112, -120.697346 59.867103, -120.698079 59.867381, -120.699662 59.868187, -120.702852 59.868838, -120.706631 59.868503, -120.710594 59.867772, -120.714001 59.867073, -120.715652 59.866436, -120.716472 59.865051, -120.716366 59.863589, -120.716571 59.862975, -120.717111 59.862549, -120.718685 59.862077, -120.720566 59.861836, -120.722791 59.861567, -120.724509 59.861184, -120.725389 59.860988, -120.726039 59.860682, -120.727483 59.860002, -120.728663 59.859286, -120.729438 59.859136, -120.729764 59.85917, -120.730398 59.859629, -120.730541 59.85986, -120.731504 59.861515, -120.73171 59.861803, -120.733289 59.862738, -120.735301 59.862955, -120.736042 59.862949, -120.736564 59.862913, -120.737191 59.86287, -120.739062 59.862741, -120.740515 59.862546, -120.741218 59.862452, -120.743661 59.862483, -120.744153 59.862594, -120.746188 59.862912, -120.746742 59.862877, -120.747786 59.862652, -120.749205 59.862314, -120.75082 59.862478, -120.753539 59.862731, -120.754568 59.862449, -120.756248 59.861499, -120.756693 59.860935, -120.756776 59.860642, -120.756807 59.860354, -120.756922 59.859531, -120.757048 59.858749, -120.756859 59.858287, -120.756596 59.858106, -120.75588 59.85789, -120.755101 59.857915, -120.753497 59.857758, -120.752314 59.857381, -120.75146 59.857105, -120.751037 59.856959, -120.749603 59.855972, -120.749142 59.855254, -120.749086 59.855113, -120.748586 59.853861, -120.748526 59.853262, -120.748523 59.85298, -120.74775 59.852132, -120.746267 59.851866, -120.745911 59.851626, -120.745962 59.851372, -120.746273 59.850841, -120.746234 59.849884, -120.746176 59.849612, -120.745991 59.848752, -120.745255 59.84722, -120.745202 59.846621, -120.745302 59.846342, -120.745669 59.845822, -120.746758 59.844829, -120.747198 59.844617, -120.7484 59.844039, -120.748826 59.843863, -120.749755 59.842917, -120.749418 59.842083, -120.74862 59.840974, -120.748456 59.840421, -120.74864 59.83994, -120.749983 59.839398, -120.750699 59.83949, -120.750225 59.830092, -120.74845 59.82329, -120.733762 59.816641, -120.727843 59.818216, -120.721965 59.821917, -120.714035 59.823089, -120.711494 59.827162, -120.710095 59.830219, -120.70776 59.833754, -120.704474 59.833629, -120.698912 59.832941, -120.69335 59.832252, -120.687283 59.831783, -120.681394 59.830127, -120.676302 59.829455, -120.674132 59.828179, -120.677892 59.822162, -120.67646 59.818229, -120.67374 59.813711, -120.669604 59.811845, -120.666978 59.812867, -120.665862 59.814018, -120.662472 59.814605, -120.657888 59.813713, -120.653933 59.809013, -120.650264 59.808644, -120.648428 59.808088, -120.646293 59.808273, -120.645071 59.810136, -120.643028 59.812599, -120.643061 59.815055, -120.641767 59.817393, -120.637622 59.81986, -120.630299 59.821488, -120.624705 59.821034, -120.622752 59.818333, -120.623868 59.817182, -120.626428 59.815849, -120.627397 59.812544, -120.63353 59.806121, -120.630917 59.803863, -120.627017 59.801565, -120.622649 59.799248, -120.621202 59.796328, -120.623478 59.793285, -120.62081 59.791817, -120.615691 59.787206, -120.619387 59.781953, -120.622454 59.777657, -120.629926 59.77304, -120.643587 59.772339, -120.657883 59.773869, -120.664822 59.779284, -120.679406 59.788668, -120.683534 59.793485, -120.689169 59.79468, -120.696274 59.792498, -120.702945 59.793242, -120.705619 59.794815, -120.723586 59.794514, -120.731653 59.792367, -120.738453 59.788945, -120.743576 59.783744, -120.749391 59.783718, -120.752671 59.787764, -120.749655 59.791819, -120.746468 59.793296, -120.750702 59.795274, -120.754539 59.798044, -120.761556 59.801649, -120.766402 59.803979, -120.772969 59.804225, -120.77596 59.804236, -120.775563 59.802042, -120.773686 59.795528, -120.787621 59.792111, -120.81771 59.794305, -120.823904 59.790597, -120.822225 59.782659, -120.831691 59.77585, -120.841929 59.778377, -120.854879 59.781719, -120.876168 59.786082, -120.882834 59.793844, -120.885944 59.796821, -120.893002 59.799313, -120.893419 59.799232, -120.89352 59.799216, -120.893626 59.799206, -120.893732 59.799202, -120.893839 59.799205, -120.893944 59.799215, -120.894047 59.79923, -120.894145 59.799252, -120.894237 59.79928, -120.894321 59.799313, -120.894398 59.799351, -120.894464 59.799393, -120.894521 59.799439, -120.894566 59.799488, -120.894966 59.800007, -120.895544 59.800756, -120.896909 59.801889, -120.8988 59.801647, -120.898855 59.80138, -120.89898 59.800773, -120.898997 59.80072, -120.899027 59.800669, -120.899068 59.80062, -120.89912 59.800573, -120.899826 59.800032, -120.89849 59.799476, -120.896909 59.799001, -120.896816 59.79897, -120.896733 59.798932, -120.896659 59.79889, -120.896596 59.798843, -120.896546 59.798793, -120.896508 59.798739, -120.896484 59.798684, -120.896308 59.798118, -120.895258 59.797323, -120.895203 59.797276, -120.89516 59.797226, -120.895 59.797001, -120.89497 59.796948, -120.894952 59.796895, -120.894947 59.79684, -120.894956 59.796786, -120.894977 59.796732, -120.895012 59.79668, -120.895058 59.796631, -120.895115 59.796585, -120.895184 59.796543, -120.895262 59.796505, -120.895348 59.796472, -120.895442 59.796445, -120.895541 59.796424, -120.895645 59.796409, -120.895751 59.796401, -120.895859 59.796399, -120.895966 59.796403, -120.896856 59.79647, -120.897735 59.795955, -120.897812 59.795915, -120.897898 59.795881, -120.897993 59.795851, -120.898094 59.795828, -120.898199 59.795812, -120.898308 59.795802, -120.898419 59.7958, -120.898529 59.795804, -120.898637 59.795815, -120.898742 59.795833, -120.898841 59.795857, -120.898934 59.795887, -120.899019 59.795923, -120.899094 59.795964, -120.899159 59.79601, -120.899212 59.796059, -120.899252 59.796111, -120.89928 59.796165, -120.899294 59.796221, -120.899294 59.796276, -120.899281 59.796332, -120.899253 59.796386, -120.899008 59.796775, -120.900587 59.797627, -120.901066 59.79787, -120.90114 59.797912, -120.901203 59.797959, -120.902088 59.798722, -120.902959 59.799327, -120.903499 59.799495, -120.904571 59.799281, -120.905595 59.798977, -120.905575 59.798463, -120.905579 59.798412, -120.905594 59.798361, -120.905621 59.798312, -120.905659 59.798264, -120.905707 59.798219, -120.905765 59.798176, -120.905832 59.798138, -120.905907 59.798104, -120.90599 59.798074, -120.90776 59.797509, -120.907813 59.797494, -120.90785 59.797484, -120.909023 59.7972, -120.908986 59.795828, -120.908987 59.795798, -120.909084 59.794898, -120.909074 59.794616, -120.906611 59.794264, -120.906526 59.794249, -120.906444 59.79423, -120.906366 59.794207, -120.903705 59.793324, -120.902453 59.791649, -120.902457 59.791627, -120.902532 59.791379, -120.902216 59.789849, -120.902211 59.789799, -120.902217 59.789749, -120.902338 59.789243, -120.90038 59.788791, -120.898741 59.788652, -120.898634 59.788639, -120.898531 59.78862, -120.898433 59.788595, -120.898343 59.788563, -120.89826 59.788527, -120.898188 59.788485, -120.898126 59.788439, -120.898075 59.78839, -120.898037 59.788338, -120.898012 59.788284, -120.898 59.788229, -120.898002 59.788173, -120.898017 59.788118, -120.898046 59.788064, -120.898087 59.788013, -120.898141 59.787964, -120.898206 59.78792, -120.898281 59.787879, -120.898366 59.787844, -120.898458 59.787814, -120.899248 59.787594, -120.899727 59.78709, -120.89864 59.786327, -120.898584 59.786283, -120.898539 59.786235, -120.898505 59.786185, -120.898483 59.786133, -120.898333 59.785645, -120.897473 59.785379, -120.895787 59.785369, -120.895678 59.785365, -120.895625 59.785361, -120.893115 59.785109, -120.893022 59.785097, -120.892932 59.78508, -120.892846 59.785058, -120.892766 59.785032, -120.892691 59.785001, -120.892624 59.784967, -120.891472 59.784311, -120.891406 59.784268, -120.891351 59.784223, -120.891307 59.784174, -120.891275 59.784122, -120.891255 59.784069, -120.891247 59.784016, -120.891253 59.783962, -120.891271 59.783909, -120.891301 59.783858, -120.891344 59.783808, -120.891397 59.783762, -120.891461 59.783719, -120.891535 59.78368, -120.892511 59.783229, -120.893173 59.782508, -120.892789 59.781122, -120.892781 59.781069, -120.892785 59.781016, -120.892801 59.780964, -120.892829 59.780913, -120.892869 59.780864, -120.892919 59.780818, -120.89298 59.780775, -120.895605 59.779143, -120.895615 59.779137, -120.895636 59.779124, -120.89736 59.778163, -120.897313 59.778116, -120.897276 59.778067, -120.897251 59.778015, -120.897239 59.777963, -120.897238 59.77791, -120.89725 59.777858, -120.897273 59.777807, -120.897309 59.777757, -120.897356 59.77771, -120.897413 59.777666, -120.89748 59.777626, -120.897556 59.77759, -120.897639 59.777558, -120.898495 59.777276, -120.898482 59.777138, -120.896952 59.776927, -120.896853 59.77691, -120.896758 59.776887, -120.896669 59.776859, -120.896587 59.776825, -120.896514 59.776787, -120.89645 59.776744, -120.896396 59.776698, -120.896354 59.77665, -120.896323 59.776599, -120.896304 59.776546, -120.896298 59.776493, -120.896304 59.77644, -120.896323 59.776387, -120.896354 59.776336, -120.896396 59.776288, -120.896742 59.775947, -120.879307 59.774026, -120.861642 59.769082, -120.846024 59.769579, -120.834982 59.767739, -120.838821 59.760722, -120.856403 59.75636, -120.877046 59.750319, -120.872842 59.745153, -120.866736 59.738486, -120.872326 59.729027, -120.88533 59.721989, -120.897643 59.717286, -120.899004 59.712683, -120.904727 59.707166, -120.905426 59.706965, -120.905429 59.704949, -120.907222 59.702915, -120.910111 59.701112, -120.914793 59.697274, -120.917924 59.693762, -120.924259 59.691512, -120.930594 59.689261, -120.936019 59.688123, -120.944596 59.688625, -120.949994 59.687676, -120.956513 59.686767, -120.96525 59.686129, -120.972063 59.685803, -120.97193 59.686752, -120.971476 59.687308, -120.96632 59.689222, -120.962339 59.690795, -120.956434 59.692681, -120.956461 59.695163, -120.958813 59.697157, -120.96031 59.699883, -120.960488 59.702555, -120.965531 59.706156, -120.976913 59.710504, -120.97822 59.716277, -120.980583 59.724594, -120.988661 59.72739, -121.003457 59.727563, -121.015395 59.72799, -121.019879 59.72943, -121.02658 59.723693, -121.025748 59.720132, -121.023632 59.715046, -121.030644 59.711957, -121.045578 59.709387, -121.05437 59.710415, -121.058994 59.714397, -121.069258 59.714999, -121.080185 59.714192, -121.086347 59.717272, -121.086651 59.717627, -121.091276 59.718685, -121.089673 59.721153, -121.091619 59.723422, -121.099466 59.721074, -121.103618 59.714779, -121.111625 59.711243, -121.124454 59.710262, -121.135879 59.70923, -121.151175 59.707377, -121.159842 59.709349, -121.163253 59.715431, -121.159708 59.720794, -121.157194 59.725478, -121.158137 59.732428, -121.162082 59.738052, -121.160844 59.743734, -121.151494 59.746749, -121.143985 59.750067, -121.148656 59.753808, -121.153039 59.759685, -121.145963 59.763256, -121.145105 59.763127, -121.141454 59.764873, -121.136891 59.767959, -121.133788 59.768614, -121.129586 59.76904, -121.121284 59.769132, -121.11628 59.769911, -121.111197 59.77126, -121.109813 59.77312, -121.113537 59.773441, -121.12184 59.77335, -121.130233 59.775361, -121.141382 59.776513, -121.145625 59.778569, -121.146092 59.780685, -121.147232 59.783397, -121.147221 59.786259, -121.145812 59.78831, -121.142151 59.790282, -121.140315 59.792699, -121.139902 59.795739, -121.138014 59.798536, -121.135762 59.798458, -121.13153 59.799074, -121.127997 59.800096, -121.125163 59.801524, -121.122497 59.804484, -121.120283 59.806888, -121.112322 59.807183, -121.108724 59.805912, -121.106925 59.805276, -121.10264 59.806271, -121.098255 59.806117, -121.097429 59.809274, -121.101039 59.819064, -121.084883 59.828518, -121.063673 59.833498, -121.043507 59.836005, -121.025402 59.838941, -121.024529 59.839269, -121.071771 59.858594, -121.075822 59.860249, -121.106192 59.872651, -121.14976 59.866571, -121.151703 59.864483, -121.152115 59.861443, -121.152502 59.858593, -121.156972 59.856266, -121.158733 59.854419, -121.161272 59.852407, -121.165031 59.852537, -121.16708 59.854135, -121.170165 59.853669, -121.173958 59.850745, -121.175693 59.849087, -121.177845 59.849925, -121.17987 59.851713, -121.182023 59.852551, -121.18591 59.85173, -121.188618 59.851251, -121.191274 59.851151, -121.194248 59.854307, -121.194548 59.85489, -121.19823 59.855589, -121.202716 59.855934, -121.208355 59.856128, -121.217174 59.857956, -121.22008 59.858819, -121.22103 59.860188, -121.222204 59.862709, -121.222936 59.86322, -121.247504 59.85918, -121.24761 59.859166, -121.247719 59.859159, -121.247828 59.859159, -121.247937 59.859165, -121.318669 59.865566, -121.318775 59.865579, -121.318878 59.865599, -121.318974 59.865624, -121.319064 59.865656, -121.319146 59.865693, -121.319218 59.865735, -121.319279 59.865781, -121.319329 59.86583, -121.319366 59.865882, -121.319391 59.865936, -121.319402 59.865991, -121.319399 59.866046, -121.319383 59.866101, -121.319354 59.866154, -121.318122 59.867973, -121.317866 59.868612, -121.317838 59.868665, -121.317798 59.868716, -121.317745 59.868764, -121.317681 59.868808, -121.317413 59.868973, -121.318194 59.869962, -121.320346 59.869834, -121.32045 59.869831, -121.320553 59.869834, -121.320656 59.869844, -121.320755 59.869859, -121.32085 59.869879, -121.32094 59.869906, -121.321024 59.869937, -121.321099 59.869973, -121.321166 59.870014, -121.322127 59.87067, -121.322182 59.870713, -121.322228 59.870758, -121.323162 59.871846, -121.323652 59.872323, -121.324216 59.872754, -121.325139 59.873306, -121.326995 59.87405, -121.328788 59.873746, -121.328895 59.873731, -121.329006 59.873724, -121.329117 59.873723, -121.329228 59.873729, -121.329336 59.873743, -121.32944 59.873763, -121.329538 59.873789, -121.329629 59.873822, -121.329711 59.87386, -121.329784 59.873902, -121.329845 59.873949, -121.329894 59.874, -121.32993 59.874053, -121.329952 59.874108, -121.329961 59.874164, -121.329956 59.874221, -121.329938 59.874276, -121.329905 59.87433, -121.32986 59.874381, -121.329802 59.874429, -121.329261 59.874822, -121.328796 59.875641, -121.329006 59.876173, -121.333568 59.876807, -121.335272 59.876076, -121.336237 59.87502, -121.33595 59.874681, -121.335913 59.874629, -121.33589 59.874574, -121.33518 59.872312, -121.33517 59.872257, -121.335173 59.872201, -121.33519 59.872146, -121.33522 59.872092, -121.335263 59.872041, -121.335319 59.871992, -121.335386 59.871948, -121.335463 59.871908, -121.33555 59.871873, -121.335644 59.871844, -121.335745 59.871821, -121.335851 59.871805, -121.335959 59.871795, -121.33607 59.871792, -121.33618 59.871796, -121.336288 59.871807, -121.336393 59.871825, -121.336493 59.871849, -121.336586 59.871879, -121.336671 59.871915, -121.336747 59.871956, -121.336812 59.872001, -121.336865 59.87205, -121.338131 59.873405, -121.33946 59.874235, -121.340527 59.873897, -121.341501 59.872717, -121.341519 59.872698, -121.341556 59.872663, -121.343654 59.870858, -121.343716 59.870812, -121.343789 59.870769, -121.343872 59.870732, -121.343964 59.8707, -121.344063 59.870674, -121.344168 59.870655, -121.344276 59.870642, -121.344387 59.870637, -121.344498 59.870638, -121.344608 59.870646, -121.344716 59.870662, -121.344818 59.870683, -121.344915 59.870712, -121.345003 59.870746, -121.345083 59.870785, -121.345152 59.870829, -121.34521 59.870877, -121.345255 59.870928, -121.345288 59.870982, -121.345307 59.871038, -121.345312 59.871094, -121.345303 59.87115, -121.344784 59.872977, -121.344768 59.87302, -121.344743 59.873062, -121.344711 59.873102, -121.344113 59.873757, -121.344322 59.874161, -121.347253 59.8745, -121.347359 59.874516, -121.347461 59.874539, -121.347556 59.874568, -121.347644 59.874602, -121.347722 59.874642, -121.34779 59.874686, -121.347847 59.874734, -121.347891 59.874786, -121.347922 59.87484, -121.34794 59.874895, -121.347944 59.874951, -121.347934 59.875007, -121.34791 59.875062, -121.347874 59.875114, -121.346584 59.876652, -121.346537 59.8767, -121.346479 59.876745, -121.34641 59.876786, -121.346333 59.876823, -121.346247 59.876854, -121.346154 59.876881, -121.346056 59.876901, -121.345954 59.876916, -121.342592 59.877286, -121.341094 59.877733, -121.339436 59.87902, -121.342474 59.881871, -121.342515 59.881914, -121.342547 59.88196, -121.342568 59.882007, -121.342579 59.882056, -121.34258 59.882104, -121.342245 59.885897, -121.346316 59.887148, -121.348589 59.886432, -121.348671 59.886409, -121.348758 59.886391, -121.348848 59.886377, -121.348941 59.886368, -121.351593 59.886187, -121.352668 59.885843, -121.352924 59.884408, -121.352969 59.883843, -121.352979 59.883791, -121.353002 59.883739, -121.353036 59.88369, -121.353081 59.883642, -121.353137 59.883598, -121.353204 59.883557, -121.353279 59.88352, -121.353362 59.883488, -121.353452 59.883461, -121.355092 59.883035, -121.362099 59.879784, -121.362184 59.879749, -121.362276 59.87972, -121.362375 59.879697, -121.362479 59.87968, -121.362586 59.879669, -121.362695 59.879666, -121.362804 59.879669, -121.362911 59.879678, -121.363016 59.879695, -121.363115 59.879717, -121.363209 59.879746, -121.363294 59.87978, -121.363371 59.879819, -121.363438 59.879863, -121.363494 59.87991, -121.363538 59.87996, -121.363569 59.880013, -121.363587 59.880068, -121.364767 59.885638, -121.367391 59.884937, -121.390583 59.886419, -121.416828 59.886207, -121.42894 59.880162, -121.437179 59.871127, -121.459517 59.862551, -121.471088 59.855054, -121.474214 59.841559, -121.479868 59.836017, -121.499029 59.835562, -121.513693 59.837106, -121.524576 59.834951, -121.54447 59.832009, -121.558913 59.83533, -121.569614 59.840321, -121.581596 59.8407, -121.60525 59.838225, -121.611861 59.842011, -121.612745 59.846331, -121.614625 59.852911, -121.614897 59.852056, -121.614902 59.852043, -121.614905 59.852034, -121.61563 59.850295, -121.61566 59.85024, -121.615703 59.850188, -121.615759 59.850139, -121.615827 59.850094, -121.615905 59.850054, -121.615993 59.850018, -121.618953 59.848977, -121.619046 59.848948, -121.619146 59.848926, -121.61925 59.848909, -121.619358 59.848899, -121.619467 59.848896, -121.619576 59.8489, -121.619683 59.84891, -121.621512 59.84915, -121.625465 59.84908, -121.625495 59.849079, -121.625545 59.84908, -121.628481 59.849162, -121.631795 59.848991, -121.632637 59.848224, -121.632691 59.848181, -121.632753 59.848141, -121.632824 59.848106, -121.632903 59.848074, -121.632988 59.848047, -121.63409 59.847745, -121.634184 59.847723, -121.634284 59.847706, -121.634387 59.847696, -121.634491 59.847691, -121.634596 59.847693, -121.634699 59.847701, -121.6348 59.847715, -121.634897 59.847735, -121.634989 59.84776, -121.635074 59.847791, -121.635152 59.847827, -121.636128 59.848334, -121.63618 59.848363, -121.636226 59.848395, -121.636266 59.848428, -121.636991 59.84908, -121.637036 59.849126, -121.637069 59.849174, -121.637092 59.849224, -121.637104 59.849275, -121.637104 59.849326, -121.637092 59.849377, -121.637069 59.849427, -121.637035 59.849475, -121.636991 59.849521, -121.636936 59.849564, -121.63513 59.850825, -121.635437 59.852297, -121.635442 59.85235, -121.635435 59.852402, -121.635415 59.852454, -121.635384 59.852504, -121.634631 59.853506, -121.634439 59.854123, -121.634416 59.854178, -121.634378 59.854231, -121.634328 59.854281, -121.634266 59.854327, -121.634194 59.854369, -121.634111 59.854407, -121.63402 59.854439, -121.633921 59.854465, -121.633818 59.854484, -121.63371 59.854497, -121.633599 59.854503, -121.633489 59.854502, -121.633379 59.854494, -121.633272 59.854479, -121.633169 59.854458, -121.632449 59.85428, -121.631213 59.854886, -121.631454 59.855976, -121.631458 59.855997, -121.63146 59.856027, -121.631452 59.857162, -121.631825 59.858496, -121.631833 59.858544, -121.631831 59.858592, -121.631819 59.858639, -121.631797 59.858686, -121.631766 59.858731, -121.631725 59.858774, -121.630773 59.859655, -121.630113 59.860402, -121.630976 59.861136, -121.631023 59.861182, -121.631059 59.86123, -121.631084 59.861279, -121.631098 59.86133, -121.631101 59.861381, -121.631091 59.861432, -121.631071 59.861482, -121.631039 59.861531, -121.630997 59.861578, -121.630944 59.861621, -121.630225 59.862149, -121.629069 59.862984, -121.629295 59.863429, -121.629316 59.863482, -121.629323 59.863537, -121.629318 59.863591, -121.629299 59.863645, -121.629268 59.863697, -121.629224 59.863747, -121.629169 59.863794, -121.629103 59.863837, -121.629026 59.863876, -121.628942 59.86391, -121.628849 59.863938, -121.628751 59.863961, -121.628648 59.863977, -121.628542 59.863987, -121.628434 59.863991, -121.627023 59.86399, -121.626366 59.864234, -121.627735 59.865017, -121.627796 59.865056, -121.627849 59.865098, -121.627891 59.865144, -121.627924 59.865191, -121.627946 59.86524, -121.627957 59.86529, -121.627957 59.86534, -121.627945 59.86539, -121.62793 59.865435, -121.627909 59.865482, -121.627879 59.865528, -121.627839 59.865571, -121.627178 59.866199, -121.6273 59.86721, -121.627301 59.86726, -121.62729 59.86731, -121.627268 59.86736, -121.626582 59.868584, -121.62756 59.869612, -121.62986 59.870077, -121.630484 59.869864, -121.630885 59.869619, -121.6313 59.869221, -121.631349 59.869179, -121.631407 59.869141, -121.631472 59.869106, -121.632886 59.868421, -121.63297 59.868386, -121.633062 59.868356, -121.633161 59.868332, -121.633265 59.868314, -121.633372 59.868302, -121.633482 59.868298, -121.633591 59.8683, -121.633699 59.868309, -121.633805 59.868325, -121.633905 59.868347, -121.633999 59.868376, -121.634086 59.868409, -121.634164 59.868448, -121.634232 59.868492, -121.634526 59.868708, -121.636352 59.868854, -121.636644 59.868504, -121.636661 59.868281, -121.636671 59.868226, -121.636695 59.868173, -121.636731 59.868121, -121.636779 59.868073, -121.636839 59.868027, -121.638219 59.867101, -121.637303 59.866683, -121.636677 59.86666, -121.636571 59.866652, -121.636469 59.866639, -121.636369 59.86662, -121.636276 59.866594, -121.636189 59.866564, -121.636109 59.866528, -121.636039 59.866487, -121.635979 59.866443, -121.63593 59.866396, -121.635892 59.866345, -121.635866 59.866293, -121.635853 59.86624, -121.635853 59.866186, -121.635909 59.865664, -121.635497 59.865208, -121.635459 59.865157, -121.635432 59.865105, -121.635419 59.865052, -121.635418 59.864998, -121.635429 59.864944, -121.635454 59.864892, -121.63549 59.864841, -121.635539 59.864793, -121.635598 59.864749, -121.635667 59.864708, -121.635746 59.864671, -121.635833 59.86464, -121.635926 59.864614, -121.636025 59.864594, -121.636128 59.86458, -121.638745 59.864309, -121.638761 59.864308, -121.640988 59.864098, -121.641074 59.864092, -121.641161 59.86409, -121.641247 59.864093, -121.641333 59.8641, -121.645033 59.864489, -121.645578 59.864088, -121.645279 59.862752, -121.645274 59.862698, -121.645281 59.862644, -121.645301 59.862591, -121.645333 59.86254, -121.646081 59.861559, -121.646127 59.861509, -121.646184 59.861462, -121.646253 59.861419, -121.646331 59.86138, -121.646418 59.861347, -121.646513 59.861319, -121.646614 59.861297, -121.646719 59.861282, -121.646827 59.861273, -121.646937 59.861271, -121.647046 59.861276, -121.647153 59.861288, -121.647256 59.861306, -121.647354 59.861331, -121.647446 59.861361, -121.647529 59.861397, -121.647603 59.861438, -121.647667 59.861483, -121.647719 59.861532, -121.647759 59.861583, -121.647786 59.861637, -121.6478 59.861692, -121.648031 59.863483, -121.648495 59.864439, -121.64959 59.864811, -121.64967 59.864842, -121.649742 59.864877, -121.649807 59.864915, -121.649862 59.864958, -121.649907 59.865002, -121.649943 59.86505, -121.649967 59.865099, -121.649981 59.865149, -121.650079 59.865763, -121.650322 59.866855, -121.650327 59.86691, -121.65032 59.866964, -121.650299 59.867018, -121.650266 59.86707, -121.65022 59.867119, -121.650163 59.867166, -121.650095 59.867208, -121.650018 59.867246, -121.649932 59.867279, -121.649839 59.867307, -121.647984 59.86778, -121.647381 59.868692, -121.647647 59.869581, -121.647657 59.869635, -121.647653 59.86969, -121.647637 59.869744, -121.647607 59.869797, -121.646966 59.87072, -121.646932 59.870762, -121.64689 59.870802, -121.646839 59.87084, -121.645718 59.871599, -121.645665 59.871632, -121.645605 59.871662, -121.645541 59.871689, -121.643242 59.872565, -121.642904 59.873012, -121.642904 59.87376, -121.642897 59.873817, -121.642876 59.873872, -121.642842 59.873926, -121.642794 59.873977, -121.642734 59.874025, -121.642663 59.874068, -121.642581 59.874107, -121.642491 59.87414, -121.642393 59.874167, -121.641081 59.874479, -121.641212 59.875188, -121.642964 59.875445, -121.643061 59.875463, -121.643153 59.875485, -121.643239 59.875513, -121.643318 59.875546, -121.643389 59.875583, -121.643452 59.875624, -121.644634 59.876502, -121.644688 59.876547, -121.64473 59.876595, -121.644762 59.876645, -121.644781 59.876697, -121.644789 59.876749, -121.644784 59.876802, -121.644767 59.876854, -121.644738 59.876905, -121.644697 59.876953, -121.644646 59.876999, -121.644584 59.877042, -121.643248 59.877855, -121.643193 59.877885, -121.643133 59.877913, -121.643069 59.877938, -121.64187 59.878355, -121.641972 59.879305, -121.641972 59.879357, -121.641967 59.879383, -121.64145 59.881571, -121.64156 59.882496, -121.641561 59.882542, -121.641552 59.882587, -121.641535 59.882632, -121.641508 59.882676, -121.641473 59.882718, -121.640984 59.883229, -121.641072 59.884145, -121.641071 59.884198, -121.641058 59.884251, -121.641032 59.884302, -121.640994 59.884352, -121.640945 59.884399, -121.640886 59.884443, -121.636399 59.887359, -121.637281 59.888221, -121.637325 59.888271, -121.637356 59.888322, -121.637375 59.888376, -121.637381 59.88843, -121.637374 59.888484, -121.637354 59.888537, -121.637322 59.888589, -121.637278 59.888638, -121.637222 59.888684, -121.634467 59.890689, -121.634481 59.892904, -121.636244 59.894706, -121.636284 59.894754, -121.636313 59.894804, -121.637701 59.897842, -121.640925 59.902982, -121.640951 59.903034, -121.640965 59.903086, -121.640966 59.903139, -121.640955 59.903192, -121.640931 59.903244, -121.640896 59.903294, -121.640849 59.903342, -121.640792 59.903386, -121.638246 59.90512, -121.641617 59.906038, -121.642884 59.905706, -121.642979 59.905684, -121.643079 59.905669, -121.643181 59.905659, -121.643285 59.905655, -121.643389 59.905658, -121.643492 59.905666, -121.643592 59.905681, -121.643688 59.905701, -121.648044 59.90678, -121.648397 59.906727, -121.648428 59.906722, -121.648496 59.906715, -121.649666 59.90661, -121.650163 59.905968, -121.650186 59.905941, -121.650242 59.90589, -121.651105 59.90521, -121.651168 59.905167, -121.65124 59.905127, -121.651322 59.905092, -121.651411 59.905063, -121.651506 59.905039, -121.651606 59.905021, -121.65171 59.905009, -121.651816 59.905003, -121.653938 59.904956, -121.65481 59.904627, -121.655077 59.902097, -121.652317 59.901995, -121.652208 59.901988, -121.652101 59.901973, -121.651999 59.901953, -121.651902 59.901926, -121.651813 59.901893, -121.651732 59.901854, -121.651662 59.901812, -121.651602 59.901765, -121.651555 59.901714, -121.65152 59.901661, -121.651499 59.901607, -121.651491 59.901551, -121.651497 59.901495, -121.651516 59.90144, -121.651549 59.901387, -121.651594 59.901336, -121.651652 59.901289, -121.65172 59.901245, -121.651799 59.901206, -121.651887 59.901172, -121.651983 59.901144, -121.652084 59.901122, -121.65219 59.901107, -121.657134 59.900558, -121.657228 59.90055, -121.657323 59.900547, -121.657418 59.90055, -121.657513 59.900557, -121.657605 59.90057, -121.657693 59.900587, -121.661783 59.901522, -121.661878 59.901547, -121.661967 59.901578, -121.662048 59.901615, -121.662119 59.901656, -121.66218 59.901701, -121.66223 59.901749, -121.662267 59.9018, -121.662293 59.901853, -121.662305 59.901908, -121.662304 59.901962, -121.66229 59.902016, -121.662264 59.902069, -121.662225 59.90212, -121.662173 59.902168, -121.662111 59.902213, -121.662039 59.902253, -121.661957 59.902289, -121.661867 59.902319, -121.660468 59.902735, -121.658784 59.903272, -121.658192 59.903905, -121.66139 59.904932, -121.661413 59.90494, -121.663755 59.905745, -121.663835 59.905776, -121.663908 59.905811, -121.663972 59.90585, -121.664027 59.905893, -121.664072 59.905938, -121.664107 59.905986, -121.664619 59.906841, -121.668722 59.907113, -121.669449 59.90679, -121.66978 59.906598, -121.672481 59.904909, -121.672551 59.90487, -121.67263 59.904836, -121.672715 59.904807, -121.672807 59.904783, -121.672903 59.904764, -121.673004 59.904752, -121.673106 59.904745, -121.67321 59.904744, -121.675 59.904782, -121.675829 59.903233, -121.675861 59.903185, -121.675904 59.903138, -121.677478 59.901655, -121.677894 59.899754, -121.677911 59.899703, -121.677939 59.899654, -121.677978 59.899606, -121.678028 59.899562, -121.678087 59.89952, -121.678156 59.899482, -121.678232 59.899448, -121.678316 59.899419, -121.678406 59.899395, -121.6785 59.899376, -121.679736 59.89917, -121.679845 59.899156, -121.679957 59.899148, -121.680069 59.899148, -121.680181 59.899155, -121.68029 59.899169, -121.680395 59.89919, -121.680493 59.899217, -121.680584 59.899251, -121.680666 59.89929, -121.680738 59.899334, -121.680798 59.899382, -121.680846 59.899433, -121.68088 59.899487, -121.6809 59.899543, -121.681127 59.900491, -121.682419 59.900678, -121.687944 59.899725, -121.688047 59.89971, -121.688153 59.899702, -121.68826 59.899701, -121.688366 59.899705, -121.688471 59.899717, -121.688572 59.899734, -121.688668 59.899758, -121.688758 59.899787, -121.68884 59.899821, -121.688914 59.89986, -121.688978 59.899904, -121.689031 59.89995, -121.689073 59.9, -121.689102 59.900052, -121.690519 59.903248, -121.691766 59.903557, -121.694235 59.903693, -121.694345 59.903703, -121.694453 59.90372, -121.694555 59.903743, -121.694651 59.903773, -121.694739 59.903808, -121.694817 59.903849, -121.694884 59.903895, -121.694939 59.903944, -121.694982 59.903996, -121.695011 59.904051, -121.695026 59.904107, -121.695028 59.904164, -121.695015 59.90422, -121.694988 59.904276, -121.694947 59.904329, -121.694198 59.90515, -121.69415 59.905196, -121.694091 59.905238, -121.694023 59.905277, -121.693947 59.905312, -121.693863 59.905342, -121.693773 59.905367, -121.693678 59.905386, -121.693579 59.9054, -121.692027 59.90557, -121.68977 59.906415, -121.689333 59.906947, -121.689691 59.907906, -121.691315 59.908397, -121.691381 59.908419, -121.693428 59.909175, -121.693513 59.909211, -121.693588 59.909251, -121.693653 59.909296, -121.693707 59.909345, -121.693748 59.909396, -121.693776 59.90945, -121.693791 59.909505, -121.693792 59.909561, -121.69378 59.909616, -121.693754 59.90967, -121.693715 59.909722, -121.693664 59.909772, -121.693601 59.909817, -121.693527 59.909859, -121.690552 59.911339, -121.707097 59.909182, -121.722612 59.903932, -121.740437 59.903044, -121.743644 59.899922, -121.754998 59.893827, -121.76796 59.892073, -121.777231 59.895615, -121.778967 59.895564, -121.789809 59.893744, -121.801937 59.893035, -121.808082 59.895008, -121.803511 59.897733, -121.798316 59.899724, -121.793289 59.90281, -121.796931 59.904751, -121.803407 59.909953, -121.81462 59.917086, -121.822555 59.921973, -121.8233 59.927719, -121.828537 59.931453, -121.838432 59.931747, -121.851444 59.929628, -121.868365 59.930486, -121.871993 59.931707, -121.881384 59.92902, -121.887868 59.928137, -121.894229 59.928323, -121.893276 59.930442, -121.889454 59.932834, -121.886644 59.936638, -121.888163 59.937149, -121.89645 59.945262, -121.895588 59.952749, -121.884116 59.959926, -121.867516 59.9623, -121.849624 59.963561, -121.835891 59.97174, -121.822608 59.982079, -121.821034 59.990839, -121.825235 59.990683, -121.831732 59.989803, -121.838437 59.98714, -121.847805 59.985986, -121.856009 59.988733, -121.857801 59.991648, -121.849598 59.994983, -121.844934 59.998423, -121.840019 60.004002, -121.838935 60.00719, -121.830727 60.010525, -121.821393 60.011321, -121.818727 60.009811, -121.810647 60.005992, -121.805123 60.004126, -121.799308 60.004998, -121.7758 60.011449, -121.760614 60.01958, -121.741042 60.028649, -121.736285 60.044608, -121.744691 60.051662, -121.75944 60.059265, -121.768976 60.068856, -121.772215 60.077542, -121.779989 60.07205, -121.790801 60.070942, -121.80724 60.076443, -121.814925 60.071662, -121.833916 60.067574, -121.847062 60.064742, -121.862541 60.060188, -121.872814 60.069794, -121.85942 60.074768, -121.838715 60.081314, -121.843977 60.091131, -121.859554 60.091948, -121.882049 60.100695, -121.871988 60.107558, -121.866771 60.115635, -121.839942 60.125582, -121.820458 60.133595, -121.793102 60.141728, -121.774935 60.150491, -121.762578 60.158352, -121.77315 60.16547, -121.782473 60.171118, -121.776813 60.176676, -121.779649 60.182845, -121.79413 60.187215, -121.815485 60.18785, -121.838098 60.183866, -121.856269 60.181179, -121.873352 60.18168, -121.900307 60.177097, -121.915267 60.17431, -121.93139 60.176923, -121.933254 60.185566, -121.936625 60.193537, -121.944803 60.196993, -121.938223 60.210763, -121.919974 60.220258, -121.896511 60.225306, -121.888298 60.228288, -121.886839 60.234689, -121.889575 60.241927, -121.878049 60.248751, -121.868283 60.258847, -121.860694 60.268648, -121.846383 60.274672, -121.820443 60.26997, -121.80668 60.265267, -121.78447 60.271409, -121.76809 60.276648, -121.734181 60.272765, -121.703003 60.270031, -121.675937 60.268848, -121.672524 60.269026, -121.670735 60.269692, -121.668479 60.270609, -121.667064 60.27125, -121.665954 60.272136, -121.665908 60.272169, -121.665856 60.2722, -121.665799 60.272229, -121.664403 60.272866, -121.664326 60.272897, -121.664276 60.272914, -121.664131 60.27296, -121.664099 60.27297, -121.661228 60.273794, -121.661242 60.274152, -121.661976 60.274725, -121.66203 60.274774, -121.662072 60.274826, -121.6621 60.27488, -121.662115 60.274936, -121.662116 60.274992, -121.662103 60.275048, -121.662076 60.275102, -121.662035 60.275155, -121.661982 60.275204, -121.661917 60.27525, -121.661841 60.275292, -121.661756 60.275328, -121.661662 60.275359, -121.661561 60.275383, -121.661455 60.275401, -121.661345 60.275413, -121.661233 60.275417, -121.661121 60.275415, -121.66101 60.275405, -121.660902 60.275389, -121.6608 60.275366, -121.660704 60.275337, -121.660616 60.275302, -121.660537 60.275262, -121.659461 60.274643, -121.657852 60.274567, -121.654528 60.275918, -121.654804 60.276576, -121.65482 60.276629, -121.654823 60.276683, -121.654814 60.276736, -121.654791 60.276788, -121.654756 60.276839, -121.65471 60.276887, -121.654652 60.276933, -121.654584 60.276974, -121.654507 60.277011, -121.654422 60.277044, -121.654329 60.27707, -121.65423 60.277092, -121.654128 60.277107, -121.650727 60.277504, -121.649893 60.278558, -121.649882 60.278572, -121.648638 60.280006, -121.648588 60.280055, -121.648527 60.280101, -121.648455 60.280143, -121.648373 60.280179, -121.648283 60.280211, -121.648185 60.280237, -121.648082 60.280257, -121.647976 60.28027, -121.647866 60.280277, -121.647756 60.280276, -121.647647 60.28027, -121.646011 60.280117, -121.64461 60.280684, -121.644573 60.280698, -121.644514 60.280718, -121.643298 60.281091, -121.641783 60.282203, -121.641004 60.283023, -121.640992 60.283035, -121.639741 60.284255, -121.639696 60.284294, -121.639644 60.28433, -121.639585 60.284364, -121.638067 60.285146, -121.637991 60.285181, -121.637907 60.285211, -121.637817 60.285236, -121.637721 60.285256, -121.637621 60.285271, -121.637519 60.28528, -121.637416 60.285282, -121.637312 60.285279, -121.63721 60.28527, -121.637111 60.285255, -121.637016 60.285234, -121.635913 60.284957, -121.635251 60.284891, -121.634786 60.285833, -121.634755 60.285882, -121.634714 60.285929, -121.634662 60.285973, -121.634601 60.286014, -121.634531 60.286052, -121.634452 60.286085, -121.634367 60.286113, -121.632548 60.286646, -121.631467 60.287496, -121.631407 60.287538, -121.631337 60.287576, -121.631258 60.28761, -121.631173 60.28764, -121.6297 60.288084, -121.629357 60.288654, -121.62932 60.288705, -121.62927 60.288754, -121.629209 60.288799, -121.629138 60.28884, -121.629057 60.288876, -121.628968 60.288908, -121.628872 60.288933, -121.628771 60.288953, -121.628666 60.288967, -121.628558 60.288974, -121.628449 60.288974, -121.625551 60.288901, -121.623576 60.289501, -121.623477 60.289527, -121.623372 60.289546, -121.623264 60.289559, -121.623153 60.289566, -121.623041 60.289565, -121.621828 60.28952, -121.617743 60.290441, -121.572122 60.310556, -121.572102 60.310565, -121.570477 60.31124, -121.57039 60.311272, -121.570296 60.311299, -121.570196 60.311319, -121.570093 60.311334, -121.569986 60.311342, -121.569878 60.311344, -121.569771 60.31134, -121.569665 60.311329, -121.569563 60.311311, -121.569465 60.311288, -121.569374 60.311259, -121.567958 60.310751, -121.567264 60.310754, -121.566849 60.31145, -121.568034 60.312338, -121.568087 60.312383, -121.568128 60.31243, -121.568159 60.31248, -121.568178 60.312531, -121.568185 60.312583, -121.56818 60.312635, -121.568164 60.312686, -121.566784 60.315773, -121.570767 60.317542, -121.570835 60.317576, -121.570896 60.317613, -121.570948 60.317653, -121.570992 60.317696, -121.571026 60.317741, -121.57105 60.317787, -121.571531 60.318943, -121.571547 60.318996, -121.57155 60.319049, -121.57154 60.319101, -121.571518 60.319153, -121.571484 60.319204, -121.571438 60.319251, -121.571382 60.319296, -121.571315 60.319338, -121.571239 60.319375, -121.571155 60.319407, -121.571063 60.319434, -121.570966 60.319456, -121.570865 60.319472, -121.57076 60.319481, -121.568583 60.319617, -121.566688 60.320465, -121.566616 60.320494, -121.566541 60.320518, -121.564377 60.321149, -121.562893 60.321841, -121.562472 60.322386, -121.562426 60.322436, -121.562368 60.322483, -121.562299 60.322526, -121.56222 60.322565, -121.562132 60.322598, -121.562036 60.322626, -121.561935 60.322647, -121.561829 60.322663, -121.56172 60.322672, -121.56161 60.322674, -121.5615 60.322669, -121.561392 60.322658, -121.559486 60.322397, -121.558047 60.322594, -121.558654 60.323168, -121.560056 60.323905, -121.560125 60.323945, -121.560183 60.323989, -121.56023 60.324036, -121.560266 60.324086, -121.560291 60.324137, -121.560303 60.324189, -121.560303 60.324242, -121.56029 60.324295, -121.560265 60.324346, -121.560229 60.324395, -121.560181 60.324442, -121.560122 60.324486, -121.558916 60.325284, -121.557046 60.326512, -121.555637 60.327693, -121.555607 60.328275, -121.556391 60.330006, -121.556409 60.330058, -121.556413 60.330112, -121.556405 60.330165, -121.556385 60.330217, -121.556352 60.330268, -121.556307 60.330317, -121.556251 60.330362, -121.556185 60.330404, -121.556109 60.330442, -121.556025 60.330475, -121.555933 60.330503, -121.555836 60.330525, -121.555734 60.330541, -121.555629 60.330551, -121.555522 60.330555, -121.555415 60.330553, -121.554557 60.330506, -121.55244 60.33071, -121.551304 60.33249, -121.551271 60.332534, -121.551228 60.332576, -121.551176 60.332616, -121.548876 60.334199, -121.54718 60.335992, -121.547125 60.336042, -121.547058 60.336088, -121.54698 60.336129, -121.546892 60.336165, -121.546795 60.336196, -121.546692 60.33622, -121.546584 60.336237, -121.546472 60.336247, -121.542102 60.3365, -121.540821 60.337011, -121.539727 60.338399, -121.539689 60.338441, -121.539642 60.33848, -121.538399 60.33943, -121.538343 60.339468, -121.53828 60.339503, -121.53821 60.339534, -121.538134 60.339562, -121.532346 60.341432, -121.530969 60.343563, -121.531197 60.344722, -121.532534 60.345788, -121.532583 60.345834, -121.532622 60.345881, -121.53265 60.345931, -121.532667 60.345982, -121.532671 60.346033, -121.532651 60.346803, -121.533432 60.347487, -121.535955 60.347733, -121.53597 60.347735, -121.537228 60.347868, -121.537327 60.347881, -121.537421 60.3479, -121.537511 60.347924, -121.537595 60.347953, -121.537671 60.347986, -121.53774 60.348024, -121.5378 60.348065, -121.53785 60.348109, -121.53789 60.348156, -121.539034 60.349739, -121.539064 60.34979, -121.539082 60.349842, -121.539088 60.349895, -121.53908 60.349948, -121.539061 60.350001, -121.539029 60.350051, -121.538985 60.3501, -121.538931 60.350145, -121.538866 60.350187, -121.538791 60.350225, -121.538708 60.350259, -121.538618 60.350287, -121.538521 60.35031, -121.53842 60.350326, -121.538316 60.350337, -121.536833 60.350446, -121.535461 60.350874, -121.535914 60.351181, -121.535975 60.351229, -121.536024 60.35128, -121.53606 60.351334, -121.536082 60.351389, -121.536089 60.351446, -121.536083 60.351502, -121.536062 60.351558, -121.536027 60.351612, -121.535979 60.351663, -121.535919 60.351711, -121.535847 60.351755, -121.535764 60.351794, -121.535673 60.351828, -121.535573 60.351855, -121.535468 60.351876, -121.535358 60.35189, -121.535245 60.351897, -121.535132 60.351898, -121.533842 60.351858, -121.532491 60.352373, -121.532526 60.352819, -121.532524 60.352871, -121.53251 60.352923, -121.532484 60.352973, -121.532447 60.353022, -121.532398 60.353068, -121.532339 60.353111, -121.532271 60.35315, -121.532194 60.353186, -121.532109 60.353216, -121.532018 60.353242, -121.528941 60.353988, -121.527309 60.355068, -121.527241 60.355108, -121.527164 60.355144, -121.527079 60.355175, -121.526987 60.355201, -121.52689 60.355222, -121.526789 60.355236, -121.526685 60.355245, -121.524289 60.355373, -121.52291 60.356287, -121.522859 60.356958, -121.522849 60.357013, -121.522824 60.357067, -121.522787 60.357119, -121.522737 60.357168, -121.522676 60.357214, -121.522603 60.357256, -121.522521 60.357293, -121.522431 60.357325, -121.522333 60.357351, -121.52223 60.35737, -121.522123 60.357384, -121.522013 60.357391, -121.521489 60.357407, -121.519743 60.358294, -121.520468 60.359338, -121.520498 60.359392, -121.520515 60.359447, -121.520517 60.359502, -121.520506 60.359558, -121.520482 60.359612, -121.520444 60.359664, -121.520394 60.359714, -121.520332 60.35976, -121.520259 60.359802, -121.520176 60.359839, -121.520084 60.35987, -121.518285 60.360415, -121.518222 60.360435, -121.518196 60.360443, -121.518188 60.360445, -121.516888 60.36081, -121.516789 60.360834, -121.516686 60.360851, -121.516579 60.360862, -121.51647 60.360867, -121.516361 60.360865, -121.516253 60.360856, -121.516148 60.360841, -121.516047 60.36082, -121.515953 60.360793, -121.515865 60.36076, -121.515786 60.360722, -121.515717 60.36068, -121.515352 60.360428, -121.513951 60.360635, -121.513875 60.360644, -121.513797 60.36065, -121.513718 60.360653, -121.512047 60.360675, -121.510996 60.361227, -121.510647 60.36148, -121.510582 60.361522, -121.510509 60.361559, -121.510427 60.361592, -121.510337 60.36162, -121.507206 60.362477, -121.504997 60.363378, -121.504908 60.36341, -121.504812 60.363436, -121.50471 60.363457, -121.504604 60.363471, -121.504496 60.363478, -121.504386 60.363479, -121.504277 60.363474, -121.504171 60.363462, -121.504068 60.363443, -121.50397 60.363418, -121.503879 60.363388, -121.503796 60.363352, -121.503722 60.363312, -121.503045 60.362893, -121.500983 60.363293, -121.50088 60.363309, -121.500857 60.363312, -121.500018 60.363408, -121.499911 60.363416, -121.499802 60.363419, -121.499694 60.363415, -121.499588 60.363404, -121.499485 60.363387, -121.499386 60.363364, -121.499294 60.363336, -121.49921 60.363302, -121.499134 60.363263, -121.499068 60.36322, -121.499013 60.363173, -121.49897 60.363124, -121.498938 60.363072, -121.498502 60.362151, -121.494741 60.362411, -121.492329 60.363066, -121.492236 60.363088, -121.492138 60.363105, -121.492037 60.363116, -121.491934 60.363121, -121.491831 60.36312, -121.491729 60.363113, -121.491628 60.363101, -121.491532 60.363083, -121.481028 60.360758, -121.474052 60.365302, -121.473981 60.365343, -121.473901 60.365379, -121.473813 60.36541, -121.473718 60.365436, -121.473618 60.365456, -121.473513 60.36547, -121.473406 60.365477, -121.473298 60.365478, -121.47319 60.365473, -121.473085 60.365461, -121.472983 60.365443, -121.472886 60.365419, -121.472796 60.365389, -121.472713 60.365355, -121.472639 60.365315, -121.472575 60.365272, -121.472523 60.365225, -121.468006 60.360569, -121.466869 60.360055, -121.46569 60.35959, -121.45448 60.359905, -121.454378 60.359905, -121.454277 60.359899, -121.454177 60.359887, -121.454081 60.35987, -121.453989 60.359848, -121.453903 60.359821, -121.453824 60.359789, -121.453752 60.359753, -121.453689 60.359713, -121.452682 60.358992, -121.452626 60.358946, -121.452581 60.358897, -121.452548 60.358846, -121.452528 60.358794, -121.452373 60.358217, -121.452335 60.35821, -121.451283 60.358466, -121.450301 60.358762, -121.447458 60.360041, -121.447382 60.360072, -121.447299 60.360098, -121.447211 60.36012, -121.445563 60.360475, -121.445537 60.360481, -121.44543 60.360498, -121.441993 60.360938, -121.440262 60.361414, -121.440158 60.361438, -121.440099 60.361448, -121.438505 60.3617, -121.438451 60.361708, -121.434632 60.362174, -121.434523 60.362184, -121.434413 60.362187, -121.434302 60.362183, -121.434194 60.362173, -121.434089 60.362156, -121.433988 60.362132, -121.433894 60.362103, -121.433808 60.362069, -121.433731 60.362029, -121.433665 60.361985, -121.433609 60.361937, -121.431817 60.360141, -121.429909 60.359403, -121.427178 60.358768, -121.427081 60.358742, -121.426991 60.35871, -121.42691 60.358673, -121.426838 60.358631, -121.426777 60.358585, -121.426728 60.358536, -121.425508 60.357102, -121.421405 60.356353, -121.421307 60.356332, -121.421216 60.356305, -121.421131 60.356274, -121.421054 60.356237, -121.420986 60.356196, -121.420929 60.356152, -121.420882 60.356104, -121.420847 60.356054, -121.420417 60.355306, -121.418706 60.354779, -121.416951 60.35465, -121.41417 60.355039, -121.41348 60.356155, -121.415044 60.356735, -121.417414 60.356439, -121.41752 60.35643, -121.417628 60.356426, -121.417735 60.356429, -121.417841 60.356438, -121.417944 60.356454, -121.418043 60.356475, -121.418136 60.356502, -121.418221 60.356535, -121.418299 60.356572, -121.418367 60.356614, -121.418424 60.356659, -121.41847 60.356708, -121.418504 60.356759, -121.418526 60.356811, -121.419066 60.358655, -121.4197 60.358666, -121.419737 60.358667, -121.420767 60.358705, -121.420856 60.35871, -121.420944 60.35872, -121.42103 60.358734, -121.422397 60.359002, -121.422498 60.359025, -121.422592 60.359055, -121.422678 60.35909, -121.422755 60.35913, -121.422821 60.359174, -121.422876 60.359223, -121.422919 60.359274, -121.422949 60.359327, -121.422965 60.359382, -121.422968 60.359437, -121.422957 60.359493, -121.422933 60.359547, -121.422399 60.360462, -121.422366 60.360508, -121.422324 60.360552, -121.422273 60.360594, -121.422212 60.360632, -121.420541 60.361589, -121.420297 60.362434, -121.420274 60.362488, -121.420238 60.362541, -121.420189 60.362592, -121.420128 60.362638, -121.419167 60.363283, -121.417893 60.364311, -121.417232 60.365067, -121.417181 60.365117, -121.417118 60.365163, -121.417043 60.365206, -121.416959 60.365243, -121.416866 60.365274, -121.416766 60.3653, -121.416661 60.365319, -121.416551 60.365332, -121.416439 60.365337, -121.416327 60.365336, -121.416215 60.365328, -121.416107 60.365312, -121.416003 60.365291, -121.415906 60.365263, -121.415816 60.365229, -121.413244 60.364126, -121.410492 60.364326, -121.410389 60.36433, -121.410287 60.364329, -121.409104 60.364279, -121.408994 60.364271, -121.408886 60.364256, -121.408783 60.364235, -121.408686 60.364208, -121.408596 60.364174, -121.408516 60.364136, -121.408445 60.364093, -121.408386 60.364045, -121.408339 60.363995, -121.408305 60.363942, -121.407649 60.36266, -121.405016 60.36187, -121.403895 60.362232, -121.403725 60.363585, -121.404251 60.364134, -121.404289 60.36418, -121.404316 60.364228, -121.404332 60.364278, -121.404338 60.364327, -121.404332 60.364377, -121.404315 60.364427, -121.404287 60.364475, -121.404249 60.364521, -121.402989 60.36582, -121.402938 60.365865, -121.402877 60.365907, -121.402807 60.365945, -121.402729 60.365979, -121.402643 60.366009, -121.402551 60.366033, -121.402454 60.366052, -121.402354 60.366065, -121.402251 60.366072, -121.400229 60.366156, -121.400147 60.366158, -121.398365 60.366146, -121.398343 60.366146, -121.396092 60.366104, -121.395983 60.366099, -121.395876 60.366087, -121.395772 60.366068, -121.394526 60.365804, -121.393732 60.3661, -121.393021 60.366682, -121.392965 60.366723, -121.392899 60.366761, -121.392825 60.366795, -121.392744 60.366824, -121.390626 60.367515, -121.388899 60.368283, -121.388816 60.368315, -121.388726 60.368343, -121.388631 60.368365, -121.388531 60.368382, -121.388428 60.368392, -121.388323 60.368397, -121.385828 60.368431, -121.385718 60.368429, -121.38561 60.368421, -121.385504 60.368406, -121.385403 60.368385, -121.385308 60.368357, -121.38522 60.368325, -121.38514 60.368287, -121.385071 60.368244, -121.384812 60.368065, -121.384802 60.368058, -121.383043 60.366794, -121.381357 60.366107, -121.380028 60.366006, -121.377761 60.366026, -121.377562 60.366376, -121.377526 60.366428, -121.377477 60.366477, -121.377416 60.366523, -121.377344 60.366565, -121.377262 60.366603, -121.377172 60.366635, -121.377074 60.366661, -121.376971 60.366681, -121.376864 60.366695, -121.376754 60.366702, -121.376643 60.366703, -121.376533 60.366696, -121.376426 60.366683, -121.376322 60.366663, -121.376224 60.366638, -121.376133 60.366606, -121.376051 60.366569, -121.375978 60.366527, -121.374464 60.365545, -121.374187 60.365581, -121.370523 60.366921, -121.36776 60.368129, -121.367674 60.368162, -121.367582 60.36819, -121.367483 60.368212, -121.365186 60.368643, -121.365087 60.368658, -121.364985 60.368668, -121.364882 60.368672, -121.364778 60.368669, -121.364675 60.368661, -121.362128 60.368383, -121.359258 60.368997, -121.359151 60.369017, -121.35904 60.369029, -121.358927 60.369034, -121.358814 60.369032, -121.358701 60.369023, -121.358592 60.369007, -121.358488 60.368984, -121.358391 60.368955, -121.358301 60.36892, -121.358221 60.36888, -121.357184 60.368286, -121.300471 60.377935, -121.284635 60.410369, -121.23801 60.436042, -121.185838 60.438583, -121.133358 60.42246, -121.117753 60.410457, -121.198385 60.388845, -121.21444 60.37649, -121.22117 60.348056, -121.170299 60.342032, -121.144182 60.344005, -121.129199 60.327727, -121.113638 60.315726, -121.089038 60.304092, -121.087988 60.304205, -121.087909 60.304211, -121.087829 60.304214, -121.087748 60.304214, -121.085849 60.30416, -121.053726 60.329981, -121.05356 60.330613, -121.053541 60.330664, -121.05351 60.330713, -121.053468 60.33076, -121.053416 60.330805, -121.053354 60.330846, -121.053283 60.330883, -121.053204 60.330916, -121.052076 60.331335, -121.053069 60.332786, -121.053076 60.332795, -121.053085 60.332811, -121.054847 60.335967, -121.060184 60.3375, -121.060291 60.337511, -121.060393 60.337529, -121.06049 60.337553, -121.060581 60.337583, -121.060665 60.337617, -121.060739 60.337657, -121.060803 60.337701, -121.060856 60.337748, -121.062481 60.339427, -121.062522 60.339477, -121.062551 60.33953, -121.062567 60.339584, -121.06257 60.339638, -121.06256 60.339693, -121.062536 60.339746, -121.0625 60.339798, -121.062451 60.339847, -121.062391 60.339892, -121.06232 60.339934, -121.06224 60.339971, -121.062151 60.340003, -121.062055 60.340029, -121.059491 60.340636, -121.059391 60.340656, -121.059286 60.34067, -121.059179 60.340678, -121.05907 60.340679, -121.058963 60.340674, -121.058857 60.340662, -121.058754 60.340644, -121.058657 60.34062, -121.058566 60.34059, -121.058484 60.340556, -121.05641 60.339573, -121.054981 60.3396, -121.054569 60.339792, -121.054489 60.339825, -121.054401 60.339854, -121.054308 60.339877, -121.05421 60.339894, -121.054109 60.339906, -121.050256 60.340238, -121.050169 60.340243, -121.050083 60.340244, -121.023414 60.339951, -120.996563 60.35376, -120.993381 60.357113, -120.998869 60.359151, -121.023282 60.368209, -121.026383 60.3684, -121.026489 60.36841, -121.030912 60.368968, -121.031011 60.368984, -121.031105 60.369005, -121.031194 60.369032, -121.031277 60.369064, -121.031351 60.3691, -121.037279 60.372327, -121.037347 60.372369, -121.037405 60.372414, -121.037451 60.372463, -121.037485 60.372514, -121.037507 60.372566, -121.037516 60.37262, -121.037513 60.372674, -121.037496 60.372727, -121.037467 60.372778, -121.037426 60.372828, -121.037373 60.372875, -121.037309 60.372918, -121.037235 60.372958, -121.031101 60.375861, -121.031021 60.375894, -121.030934 60.375923, -121.008176 60.382538, -121.008096 60.382558, -121.008013 60.382575, -121.005726 60.382965, -121.000495 60.383974, -121.000076 60.384074, -121.000029 60.384084, -120.997466 60.384606, -120.997369 60.384623, -120.997269 60.384634, -120.997168 60.384639, -120.997066 60.384639, -120.996964 60.384633, -120.996865 60.384621, -120.996769 60.384604, -120.996677 60.384581, -120.996591 60.384553, -120.995426 60.38413, -120.993586 60.384183, -120.991287 60.384805, -120.991275 60.385821, -120.991269 60.385873, -120.99125 60.385924, -120.99122 60.385974, -120.991178 60.386021, -120.990202 60.386986, -120.990153 60.387028, -120.990096 60.387068, -120.990031 60.387103, -120.989958 60.387136, -120.98855 60.387695, -120.988747 60.388883, -120.988749 60.388938, -120.988738 60.388993, -120.988714 60.389046, -120.988676 60.389098, -120.988626 60.389147, -120.988565 60.389193, -120.988493 60.389235, -120.988411 60.389272, -120.98832 60.389303, -120.988223 60.389329, -120.98812 60.389349, -120.988013 60.389362, -120.987903 60.389369, -120.987793 60.389369, -120.987683 60.389363, -120.987576 60.389349, -120.987473 60.38933, -120.987375 60.389304, -120.987284 60.389272, -120.985518 60.388573, -120.983766 60.389135, -120.983635 60.389786, -120.983714 60.389931, -120.983735 60.389983, -120.983745 60.390035, -120.983742 60.390088, -120.983726 60.39014, -120.983699 60.390191, -120.98366 60.39024, -120.98361 60.390286, -120.983549 60.390329, -120.983478 60.390369, -120.983399 60.390403, -120.983312 60.390433, -120.981349 60.39103, -120.98135 60.39201, -120.981344 60.392062, -120.981326 60.392113, -120.981296 60.392162, -120.981255 60.39221, -120.981203 60.392255, -120.981142 60.392297, -120.981071 60.392335, -120.980991 60.392369, -120.980905 60.392398, -120.980812 60.392421, -120.978775 60.392872, -120.97867 60.392891, -120.978561 60.392904, -120.97845 60.39291, -120.978338 60.392909, -120.978228 60.392901, -120.97812 60.392887, -120.978016 60.392865, -120.977919 60.392838, -120.976752 60.392463, -120.975868 60.392394, -120.974142 60.393539, -120.974072 60.39358, -120.973992 60.393617, -120.973904 60.393648, -120.97381 60.393675, -120.97371 60.393695, -120.973605 60.393709, -120.973498 60.393717, -120.97339 60.393719, -120.973282 60.393714, -120.973176 60.393702, -120.973074 60.393685, -120.972976 60.393661, -120.970455 60.392952, -120.966505 60.394237, -120.966408 60.394264, -120.966306 60.394286, -120.966198 60.3943, -120.966088 60.394309, -120.965977 60.39431, -120.965866 60.394304, -120.965758 60.394292, -120.95971 60.393412, -120.95467 60.392742, -120.954566 60.392725, -120.954467 60.392702, -120.954375 60.392673, -120.95429 60.392638, -120.954214 60.392599, -120.954149 60.392555, -120.95231 60.391167, -120.952258 60.391122, -120.952216 60.391074, -120.952186 60.391025, -120.952167 60.390974, -120.95216 60.390922, -120.95213 60.388625, -120.952135 60.388576, -120.952151 60.388527, -120.952177 60.388479, -120.952214 60.388433, -120.95226 60.388389, -120.952316 60.388348, -120.953008 60.387898, -120.95284 60.387457, -120.952826 60.387399, -120.952825 60.387355, -120.952903 60.386486, -120.949512 60.385285, -120.949425 60.38525, -120.949347 60.38521, -120.94928 60.385165, -120.949224 60.385117, -120.949181 60.385065, -120.949151 60.385011, -120.949135 60.384956, -120.949132 60.3849, -120.949144 60.384845, -120.949169 60.38479, -120.949207 60.384738, -120.949259 60.384688, -120.949322 60.384642, -120.949396 60.3846, -120.94948 60.384563, -120.949572 60.384531, -120.949672 60.384506, -120.949777 60.384487, -120.949886 60.384474, -120.951626 60.384329, -120.951729 60.384323, -120.951832 60.384324, -120.951935 60.38433, -120.952036 60.384342, -120.953467 60.384557, -120.954835 60.384538, -120.957279 60.383506, -120.957357 60.383477, -120.957441 60.383452, -120.95753 60.383431, -120.957623 60.383416, -120.957718 60.383406, -120.959474 60.383263, -120.960122 60.382823, -120.959265 60.382138, -120.957074 60.381346, -120.957066 60.381343, -120.954738 60.380481, -120.954653 60.380445, -120.954633 60.380435, -120.953511 60.379867, -120.95345 60.379833, -120.953397 60.379796, -120.953351 60.379756, -120.953314 60.379715, -120.952509 60.378688, -120.952014 60.378272, -120.949788 60.377455, -120.949413 60.377428, -120.945254 60.377998, -120.94518 60.378006, -120.945105 60.378012, -120.945029 60.378014, -120.934739 60.378091, -120.933036 60.379262, -120.932966 60.379305, -120.932886 60.379342, -120.932797 60.379375, -120.932701 60.379402, -120.932599 60.379423, -120.932493 60.379438, -120.932384 60.379446, -120.932273 60.379448, -120.932164 60.379443, -120.932056 60.379431, -120.931952 60.379412, -120.931853 60.379388, -120.931761 60.379357, -120.931677 60.379322, -120.931602 60.379281, -120.929679 60.378093, -120.927283 60.378331, -120.924005 60.379408, -120.923907 60.379436, -120.923802 60.379458, -120.923693 60.379473, -120.923581 60.379481, -120.923468 60.379482, -120.923356 60.379476, -120.917526 60.378981, -120.916833 60.376927, -120.91617 60.371, -120.91993 60.363869, -120.920364 60.360857, -120.920267 60.36006, -120.926975 60.349389, -120.924554 60.341641, -120.913441 60.332191, -120.905423 60.32762, -120.887258 60.325862, -120.877692 60.326408, -120.870916 60.330375, -120.865371 60.335255, -120.861706 60.336919, -120.838249 60.34471, -120.833931 60.349894, -120.832691 60.358738, -120.834541 60.359958, -120.84379 60.362094, -120.852425 60.36301, -120.861677 60.36301, -120.87278 60.364839, -120.878333 60.366363, -120.885122 60.369716, -120.885741 60.371851, -120.882659 60.375512, -120.882137 60.37597, -120.875256 60.377343, -120.864765 60.378259, -120.853041 60.378259, -120.835762 60.381002, -120.829282 60.384363, -120.828982 60.385005, -120.828958 60.385047, -120.828927 60.385087, -120.828887 60.385126, -120.823173 60.390131, -120.82311 60.390178, -120.823036 60.390221, -120.822952 60.39026, -120.822858 60.390292, -120.822757 60.390319, -120.82265 60.390339, -120.822539 60.390352, -120.822425 60.390358, -120.822311 60.390357, -120.822198 60.390348, -120.822088 60.390333, -120.821983 60.39031, -120.821884 60.390282, -120.819855 60.389603, -120.819771 60.389571, -120.819695 60.389535, -120.819629 60.389494, -120.812624 60.38471, -120.799412 60.388122, -120.799324 60.388142, -120.799234 60.388156, -120.79914 60.388167, -120.799045 60.388172, -120.798949 60.388172, -120.79311 60.388022, -120.791714 60.388375, -120.782278 60.391733, -120.781043 60.392665, -120.782488 60.403236, -120.782488 60.403292, -120.782475 60.403347, -120.782448 60.403401, -120.782408 60.403453, -120.782356 60.403503, -120.779596 60.405742, -120.778745 60.407367, -120.778709 60.407421, -120.77866 60.407472, -120.778599 60.40752, -120.778525 60.407564, -120.778442 60.407602, -120.778349 60.407635, -120.778249 60.407662, -120.778142 60.407683, -120.778032 60.407696, -120.777918 60.407703, -120.777804 60.407702, -120.777691 60.407695, -120.777581 60.40768, -120.777476 60.407658, -120.777376 60.407631, -120.767772 60.40451, -120.766696 60.405082, -120.766618 60.405119, -120.766532 60.40515, -120.766439 60.405177, -120.76634 60.405198, -120.766237 60.405213, -120.766131 60.405222, -120.766024 60.405224, -120.765917 60.40522, -120.765812 60.40521, -120.765709 60.405193, -120.765612 60.405171, -120.760112 60.403711, -120.755798 60.402773, -120.746654 60.406606, -120.746377 60.408473, -120.746363 60.408526, -120.746336 60.408578, -120.746297 60.408627, -120.746247 60.408675, -120.746186 60.408719, -120.746114 60.408758, -120.746034 60.408794, -120.745946 60.408824, -120.745851 60.408849, -120.745751 60.408869, -120.743723 60.409191, -120.743006 60.40978, -120.742991 60.409792, -120.742955 60.409817, -120.740916 60.411166, -120.740686 60.411884, -120.741296 60.412461, -120.744321 60.411755, -120.744425 60.411735, -120.744533 60.411721, -120.744644 60.411713, -120.744756 60.411713, -120.744866 60.41172, -120.744975 60.411733, -120.745079 60.411753, -120.745178 60.411779, -120.745269 60.411811, -120.745352 60.411848, -120.745425 60.41189, -120.745487 60.411936, -120.745537 60.411986, -120.745574 60.412038, -120.745598 60.412093, -120.745609 60.412148, -120.745606 60.412203, -120.745589 60.412258, -120.745558 60.412312, -120.745515 60.412363, -120.745459 60.412411, -120.745392 60.412456, -120.74371 60.413423, -120.742077 60.414725, -120.742068 60.414732, -120.742051 60.414744, -120.740976 60.415511, -120.740923 60.415544, -120.740865 60.415576, -120.740801 60.415604, -120.740534 60.415711, -120.740449 60.415741, -120.740358 60.415766, -120.740261 60.415785, -120.740161 60.415799, -120.740059 60.415808, -120.739955 60.41581, -120.739851 60.415806, -120.739749 60.415796, -120.737597 60.415529, -120.737581 60.415527, -120.7375 60.415514, -120.735425 60.415129, -120.735398 60.415124, -120.735365 60.415117, -120.733745 60.414749, -120.732297 60.414537, -120.73219 60.414517, -120.73209 60.414492, -120.731997 60.41446, -120.731912 60.414423, -120.731838 60.414381, -120.731774 60.414334, -120.731723 60.414284, -120.731684 60.414231, -120.731158 60.413339, -120.731135 60.413291, -120.731128 60.413267, -120.730994 60.412722, -120.729517 60.411638, -120.728006 60.411824, -120.727682 60.412734, -120.727657 60.412785, -120.727621 60.412834, -120.727573 60.412881, -120.727514 60.412925, -120.727446 60.412966, -120.727369 60.413002, -120.727283 60.413033, -120.727191 60.413059, -120.727094 60.413079, -120.724828 60.41348, -120.720342 60.414273, -120.720236 60.414288, -120.720128 60.414297, -120.720018 60.414299, -120.719908 60.414294, -120.719801 60.414283, -120.717804 60.414007, -120.716025 60.413916, -120.703688 60.415578, -120.699988 60.416078, -120.69358 60.417189, -120.693482 60.417203, -120.69338 60.417211, -120.693278 60.417214, -120.693176 60.41721, -120.693075 60.417202, -120.692976 60.417187, -120.692882 60.417167, -120.68961 60.41636, -120.677616 60.415737, -120.667197 60.419465, -120.667108 60.419493, -120.667013 60.419515, -120.666913 60.419532, -120.66681 60.419543, -120.666705 60.419548, -120.6666 60.419547, -120.66483 60.419477, -120.658463 60.421065, -120.658365 60.421086, -120.658262 60.421101, -120.658156 60.42111, -120.658049 60.421112, -120.657942 60.421109, -120.657837 60.421099, -120.657734 60.421082, -120.657637 60.42106, -120.654233 60.420168, -120.651332 60.421146, -120.651238 60.421173, -120.651137 60.421195, -120.651032 60.421211, -120.650924 60.42122, -120.649616 60.421289, -120.649515 60.421292, -120.649414 60.421288, -120.649315 60.42128, -120.649218 60.421266, -120.649125 60.421246, -120.649037 60.421222, -120.648955 60.421192, -120.648879 60.421159, -120.642351 60.417887, -120.624116 60.410813, -120.624031 60.410775, -120.623956 60.410732, -120.623892 60.410685, -120.62384 60.410634, -120.623802 60.410581, -120.623778 60.410525, -120.622792 60.407287, -120.622011 60.406797, -120.621948 60.406752, -120.621897 60.406704, -120.621857 60.406653, -120.62183 60.4066, -120.621817 60.406546, -120.621816 60.406492, -120.621829 60.406438, -120.621855 60.406384, -120.621893 60.406333, -120.621944 60.406285, -120.622006 60.40624, -120.622079 60.406199, -120.62216 60.406163, -120.622251 60.406132, -120.622348 60.406106, -120.62245 60.406087, -120.622556 60.406074, -120.622665 60.406067, -120.622775 60.406068, -120.622883 60.406074, -120.62299 60.406087, -120.626621 60.406656, -120.626721 60.406675, -120.626816 60.406699, -120.626904 60.406729, -120.626984 60.406764, -120.627056 60.406804, -120.627118 60.406847, -120.627169 60.406894, -120.627208 60.406943, -120.627236 60.406995, -120.627251 60.407048, -120.627777 60.410149, -120.631417 60.412403, -120.634883 60.413317, -120.634906 60.413324, -120.634943 60.413334, -120.644812 60.416432, -120.651723 60.417789, -120.654511 60.417842, -120.658719 60.416576, -120.661383 60.41407, -120.659507 60.412531, -120.65771 60.412067, -120.657621 60.41204, -120.657539 60.412009, -120.657464 60.411973, -120.657399 60.411934, -120.657342 60.411891, -120.657296 60.411844, -120.657261 60.411796, -120.657237 60.411746, -120.657224 60.411695, -120.657224 60.411643, -120.658255 60.401881, -120.653176 60.399514, -120.653105 60.399477, -120.653044 60.399437, -120.652991 60.399393, -120.651203 60.397679, -120.640021 60.394605, -120.640012 60.394603, -120.639914 60.394571, -120.635472 60.392895, -120.635386 60.392858, -120.63531 60.392817, -120.635245 60.39277, -120.635192 60.39272, -120.635153 60.392668, -120.635126 60.392613, -120.635114 60.392557, -120.635116 60.3925, -120.635132 60.392444, -120.635162 60.39239, -120.635206 60.392338, -120.635262 60.392289, -120.63533 60.392244, -120.635408 60.392203, -120.635497 60.392168, -120.635593 60.392138, -120.635696 60.392115, -120.638603 60.391566, -120.638711 60.391232, -120.638735 60.391179, -120.638772 60.391126, -120.638822 60.391077, -120.638884 60.391031, -120.638957 60.390989, -120.639039 60.390952, -120.63913 60.39092, -120.639228 60.390894, -120.639331 60.390874, -120.639439 60.390861, -120.639549 60.390854, -120.63966 60.390855, -120.63977 60.390861, -120.639878 60.390875, -120.639981 60.390895, -120.640079 60.390921, -120.640758 60.391131, -120.640822 60.391153, -120.640871 60.391173, -120.646325 60.393513, -120.652806 60.392239, -120.652815 60.392237, -120.65286 60.39223, -120.659143 60.39122, -120.670814 60.388821, -120.673683 60.387227, -120.673796 60.385502, -120.671001 60.382357, -120.668274 60.380575, -120.665074 60.381001, -120.664966 60.381012, -120.664857 60.381016, -120.664748 60.381014, -120.66464 60.381005, -120.664534 60.380989, -120.664434 60.380968, -120.664339 60.38094, -120.662315 60.380267, -120.649744 60.3781, -120.649643 60.378079, -120.649547 60.378051, -120.649458 60.378019, -120.649378 60.377981, -120.649308 60.377938, -120.649249 60.377892, -120.649202 60.377842, -120.649167 60.37779, -120.649145 60.377736, -120.649137 60.377681, -120.649142 60.377626, -120.649363 60.376596, -120.649376 60.376554, -120.649382 60.376541, -120.65151 60.372017, -120.651542 60.371964, -120.651587 60.371913, -120.651644 60.371866, -120.651712 60.371822, -120.65179 60.371783, -120.651877 60.371749, -120.651972 60.37172, -120.652074 60.371698, -120.65218 60.371682, -120.652289 60.371672, -120.6524 60.37167, -120.65251 60.371674, -120.652619 60.371684, -120.652725 60.371702, -120.655696 60.372294, -120.655785 60.372314, -120.655868 60.37234, -120.655945 60.372369, -120.657963 60.373232, -120.667319 60.375503, -120.667406 60.375527, -120.667488 60.375556, -120.667562 60.375589, -120.667629 60.375627, -120.669721 60.37694, -120.669781 60.376982, -120.66983 60.377027, -120.669869 60.377075, -120.669897 60.377125, -120.67017 60.377755, -120.671722 60.381094, -120.679915 60.38209, -120.686154 60.378209, -120.686225 60.37817, -120.686304 60.378135, -120.686391 60.378105, -120.688025 60.377612, -120.687571 60.37646, -120.687114 60.376469, -120.687003 60.376467, -120.686893 60.376459, -120.686786 60.376444, -120.686683 60.376423, -120.686586 60.376395, -120.686497 60.376362, -120.686417 60.376324, -120.686346 60.376281, -120.686287 60.376234, -120.68624 60.376184, -120.686206 60.376131, -120.686185 60.376077, -120.686177 60.376021, -120.686183 60.375966, -120.686203 60.375911, -120.686236 60.375858, -120.686282 60.375808, -120.68634 60.37576, -120.68641 60.375717, -120.686489 60.375678, -120.687918 60.375061, -120.686801 60.374341, -120.686737 60.374294, -120.686686 60.374244, -120.686648 60.37419, -120.686623 60.374135, -120.686613 60.374078, -120.686616 60.374022, -120.686634 60.373966, -120.686667 60.373912, -120.687498 60.372771, -120.687532 60.37273, -120.687574 60.372692, -120.687623 60.372655, -120.688605 60.371999, -120.688904 60.371771, -120.688796 60.371235, -120.68629 60.369751, -120.686229 60.36971, -120.686177 60.369666, -120.686136 60.369619, -120.686105 60.36957, -120.686086 60.36952, -120.685859 60.368667, -120.684724 60.367415, -120.684686 60.367365, -120.68466 60.367314, -120.684646 60.367261, -120.684645 60.367207, -120.684657 60.367154, -120.685258 60.365384, -120.684894 60.364688, -120.684873 60.364633, -120.684865 60.364578, -120.684871 60.364522, -120.684891 60.364467, -120.684924 60.364414, -120.684971 60.364363, -120.685029 60.364316, -120.685099 60.364272, -120.685179 60.364233, -120.685267 60.3642, -120.685364 60.364172, -120.685467 60.36415, -120.685574 60.364135, -120.685684 60.364126, -120.685796 60.364124, -120.685907 60.364129, -120.686016 60.364141, -120.687927 60.364414, -120.690542 60.364652, -120.693875 60.364567, -120.694518 60.364452, -120.696614 60.364073, -120.697222 60.363271, -120.69726 60.363228, -120.697306 60.363187, -120.697361 60.363149, -120.699909 60.361558, -120.702103 60.355122, -120.694662 60.34731, -120.670212 60.330379, -120.670156 60.330335, -120.67011 60.330287, -120.670075 60.330237, -120.670053 60.330186, -120.669809 60.329404, -120.659909 60.32448, -120.659869 60.324459, -120.659469 60.324233, -120.657572 60.323978, -120.657473 60.323962, -120.657379 60.32394, -120.657291 60.323913, -120.657209 60.323881, -120.657136 60.323845, -120.657071 60.323804, -120.657016 60.32376, -120.656971 60.323713, -120.656819 60.323527, -120.656788 60.323483, -120.656767 60.323438, -120.656755 60.323393, -120.656659 60.322802, -120.656227 60.321645, -120.655289 60.321032, -120.655233 60.32099, -120.655185 60.320946, -120.655149 60.320899, -120.655123 60.32085, -120.655108 60.3208, -120.654978 60.320094, -120.654976 60.320076, -120.654975 60.320037, -120.65507 60.318726, -120.653928 60.317984, -120.651611 60.31747, -120.651577 60.317462, -120.647628 60.316485, -120.639516 60.306902, -120.641063 60.291668, -120.648278 60.286972, -120.655792 60.285344, -120.656613 60.274862, -120.659787 60.267237, -120.66146 60.263214, -120.662016 60.261878, -120.665674 60.252842, -120.658901 60.244558, -120.636745 60.239513, -120.621521 60.236641, -120.616515 60.229378, -120.627422 60.220428, -120.629384 60.207506, -120.615623 60.197617, -120.611706 60.191291, -120.609805 60.188221, -120.628279 60.177077, -120.649435 60.17081, -120.668224 60.165025, -120.669403 60.159719, -120.650995 60.152906, -120.640238 60.150969, -120.64992 60.129743, -120.646169 60.119282, -120.648955 60.103337, -120.649974 60.09153, -120.634894 60.085605, -120.61849 60.085934, -120.585044 60.090765, -120.55991 60.088457, -120.539489 60.09015, -120.522264 60.093302, -120.519927 60.101046, -120.526461 60.112958, -120.517888 60.124091, -120.508259 60.137094, -120.485578 60.145763, -120.461601 60.148277, -120.440966 60.155669, -120.43518 60.157638, -120.427253 60.157126, -120.418564 60.152951, -120.420711 60.148752, -120.415421 60.138794, -120.409875 60.128061, -120.410068 60.117174, -120.409393 60.111796, -120.408889 60.100499, -120.406196 60.091027, -120.382106 60.091787, -120.364233 60.098908, -120.333007 60.108549, -120.314163 60.114479, -120.294977 60.122495, -120.283853 60.130073, -120.283437 60.1421, -120.286082 60.15406, -120.288828 60.160671, -120.289547 60.165671, -120.311117 60.161955, -120.334074 60.163836, -120.356625 60.170667, -120.366573 60.18005, -120.379163 60.187243, -120.40503 60.194963, -120.433047 60.208497, -120.451263 60.216479, -120.469629 60.225993, -120.480916 60.231979, -120.494154 60.227908, -120.506253 60.22551, -120.515826 60.228136, -120.521539 60.233561, -120.523865 60.243209, -120.521901 60.248485, -120.554274 60.256619, -120.571022 60.264527, -120.577426 60.272611, -120.587141 60.28407, -120.578136 60.292901, -120.571068 60.297503, -120.56689 60.296466, -120.566846 60.296454, -120.56679 60.296437, -120.561536 60.294681, -120.559587 60.294065, -120.558648 60.293857, -120.558556 60.293833, -120.55847 60.293805, -120.55839 60.293771, -120.55832 60.293733, -120.558258 60.293691, -120.557335 60.292981, -120.557279 60.292932, -120.557236 60.292879, -120.557207 60.292825, -120.557192 60.292768, -120.55719 60.292712, -120.557204 60.292655, -120.557231 60.2926, -120.557272 60.292547, -120.557326 60.292497, -120.558891 60.291246, -120.558021 60.290463, -120.554132 60.289806, -120.554074 60.289795, -120.553926 60.289764, -120.553875 60.289752, -120.548142 60.288331, -120.54574 60.288816, -120.545636 60.288834, -120.545528 60.288845, -120.545418 60.288849, -120.545308 60.288846, -120.545199 60.288837, -120.545094 60.288822, -120.544993 60.2888, -120.544898 60.288772, -120.544811 60.288738, -120.544732 60.2887, -120.544664 60.288657, -120.543709 60.287973, -120.542509 60.287333, -120.54244 60.287291, -120.542382 60.287246, -120.542334 60.287197, -120.542299 60.287146, -120.542276 60.287093, -120.542267 60.287039, -120.54227 60.286985, -120.542286 60.286931, -120.542315 60.286879, -120.542356 60.286829, -120.542409 60.286782, -120.542473 60.286738, -120.542547 60.286699, -120.544184 60.285923, -120.54391 60.285459, -120.542782 60.285107, -120.542719 60.285086, -120.54266 60.285061, -120.542605 60.285035, -120.541597 60.284503, -120.540365 60.28417, -120.537607 60.283904, -120.536548 60.283936, -120.533732 60.286373, -120.533672 60.286419, -120.533601 60.28646, -120.533521 60.286497, -120.533433 60.286529, -120.533337 60.286555, -120.533237 60.286575, -120.533131 60.286589, -120.533024 60.286597, -120.532915 60.286598, -120.532807 60.286592, -120.532701 60.28658, -120.532598 60.286562, -120.532501 60.286538, -120.53241 60.286508, -120.532327 60.286473, -120.532253 60.286433, -120.53219 60.286389, -120.532137 60.286341, -120.531464 60.28563, -120.530415 60.284844, -120.528627 60.283647, -120.526181 60.282658, -120.524855 60.282689, -120.519727 60.283491, -120.518347 60.28462, -120.518284 60.284666, -120.51821 60.284707, -120.518127 60.284743, -120.518035 60.284774, -120.517937 60.284799, -120.517833 60.284818, -120.517725 60.28483, -120.517615 60.284836, -120.517505 60.284834, -120.517396 60.284827, -120.517289 60.284812, -120.517187 60.284791, -120.517091 60.284764, -120.517002 60.284732, -120.516921 60.284694, -120.51463 60.283473, -120.511911 60.282383, -120.511834 60.282349, -120.511766 60.28231, -120.511707 60.282268, -120.511659 60.282223, -120.51162 60.282175, -120.511593 60.282126, -120.511577 60.282075, -120.511527 60.281812, -120.508435 60.281667, -120.508133 60.282008, -120.508082 60.282057, -120.50802 60.282103, -120.507946 60.282144, -120.507864 60.282181, -120.507773 60.282212, -120.507675 60.282237, -120.507572 60.282257, -120.507464 60.282269, -120.507355 60.282276, -120.507244 60.282275, -120.507135 60.282268, -120.507028 60.282254, -120.506926 60.282233, -120.506169 60.282056, -120.503594 60.282305, -120.503503 60.282658, -120.503482 60.282713, -120.503447 60.282766, -120.5034 60.282816, -120.503341 60.282863, -120.50327 60.282906, -120.50319 60.282945, -120.5031 60.282978, -120.503003 60.283005, -120.5029 60.283027, -120.502793 60.283041, -120.502683 60.283049, -120.502571 60.28305, -120.502461 60.283044, -120.502352 60.283032, -120.502248 60.283013, -120.502149 60.282987, -120.502057 60.282956, -120.499445 60.281942, -120.498188 60.281584, -120.498095 60.281553, -120.49801 60.281517, -120.497934 60.281476, -120.49787 60.281431, -120.497817 60.281382, -120.497776 60.28133, -120.497749 60.281276, -120.497735 60.28122, -120.497735 60.281165, -120.497749 60.281109, -120.497777 60.281055, -120.497817 60.281003, -120.49787 60.280954, -120.497935 60.280909, -120.49885 60.280345, -120.499179 60.279832, -120.498382 60.278875, -120.498354 60.278835, -120.498349 60.278827, -120.496962 60.276428, -120.493702 60.275799, -120.48759 60.276789, -120.488103 60.279889, -120.488106 60.279939, -120.488097 60.279989, -120.488078 60.280039, -120.488047 60.280087, -120.488006 60.280133, -120.487955 60.280176, -120.487895 60.280216, -120.487826 60.280253, -120.487221 60.28054, -120.485739 60.281235, -120.485651 60.281271, -120.485555 60.281302, -120.485452 60.281326, -120.485344 60.281343, -120.485232 60.281354, -120.485119 60.281357, -120.485006 60.281353, -120.484894 60.281342, -120.484786 60.281324, -120.484683 60.2813, -120.484588 60.281269, -120.484501 60.281232, -120.484424 60.281191, -120.484358 60.281144, -120.484304 60.281094, -120.484263 60.281041, -120.484236 60.280986, -120.484223 60.28093, -120.484105 60.279768, -120.481712 60.277713, -120.480168 60.277469, -120.475927 60.279365, -120.475845 60.279398, -120.475755 60.279426, -120.47566 60.279448, -120.47556 60.279465, -120.475457 60.279475, -120.475352 60.27948, -120.475247 60.279478, -120.475143 60.279471, -120.475041 60.279457, -120.469941 60.278604, -120.466538 60.278907, -120.466191 60.279455, -120.466154 60.279504, -120.466107 60.27955, -120.466049 60.279592, -120.465982 60.279632, -120.450734 60.287566, -120.443333 60.297829, -120.452145 60.30563, -120.453474 60.306545, -120.455514 60.307602, -120.455582 60.307642, -120.455641 60.307686, -120.455689 60.307733, -120.455726 60.307782, -120.455751 60.307833, -120.455764 60.307885, -120.455765 60.307938, -120.455753 60.30799, -120.45573 60.308041, -120.455694 60.30809, -120.454214 60.309834, -120.454167 60.309882, -120.454108 60.309927, -120.454039 60.309968, -120.452345 60.31086, -120.452274 60.310894, -120.452197 60.310923, -120.452113 60.310948, -120.452025 60.310969, -120.451933 60.310984, -120.451838 60.310995, -120.449899 60.311155, -120.44968 60.311522, -120.450627 60.312624, -120.450663 60.312674, -120.450687 60.312725, -120.450699 60.312778, -120.450698 60.312831, -120.450685 60.312884, -120.450659 60.312936, -120.450622 60.312985, -120.449747 60.313961, -120.450429 60.316075, -120.450434 60.316091, -120.450948 60.318154, -120.457983 60.327865, -120.458833 60.328535, -120.460269 60.328372, -120.46282 60.327666, -120.462918 60.327643, -120.46302 60.327626, -120.463127 60.327615, -120.463235 60.32761, -120.463343 60.327612, -120.46345 60.32762, -120.463555 60.327635, -120.463655 60.327656, -120.463749 60.327683, -120.463836 60.327715, -120.463915 60.327752, -120.465559 60.328628, -120.467435 60.328193, -120.468112 60.326597, -120.468141 60.326545, -120.468182 60.326495, -120.468234 60.326448, -120.468298 60.326404, -120.468372 60.326365, -120.468455 60.32633, -120.468545 60.3263, -120.468642 60.326276, -120.468744 60.326258, -120.46885 60.326246, -120.468958 60.326241, -120.469066 60.326242, -120.469173 60.326249, -120.469278 60.326263, -120.469379 60.326283, -120.469474 60.326309, -120.469562 60.326341, -120.471393 60.327081, -120.471472 60.327117, -120.471542 60.327157, -120.471602 60.327202, -120.471651 60.327249, -120.471688 60.327299, -120.471713 60.327351, -120.471726 60.327404, -120.471726 60.327458, -120.471713 60.327511, -120.471688 60.327563, -120.470927 60.328802, -120.470873 60.328919, -120.470841 60.328974, -120.470795 60.329026, -120.470737 60.329074, -120.470667 60.329119, -120.470586 60.329159, -120.470496 60.329193, -120.470398 60.329222, -120.470293 60.329244, -120.470184 60.329259, -120.470072 60.329268, -120.468168 60.32935, -120.467896 60.329935, -120.469439 60.330914, -120.470416 60.331155, -120.47051 60.331181, -120.470596 60.331213, -120.470675 60.33125, -120.470743 60.331292, -120.470802 60.331337, -120.470849 60.331385, -120.470885 60.331436, -120.470908 60.331488, -120.470918 60.331542, -120.470915 60.331596, -120.4709 60.331649, -120.470872 60.331701, -120.470832 60.331751, -120.469993 60.332636, -120.469941 60.332683, -120.469878 60.332727, -120.469806 60.332766, -120.469724 60.332801, -120.469635 60.332831, -120.46675 60.333679, -120.466813 60.334519, -120.469301 60.334969, -120.469405 60.334991, -120.469502 60.33502, -120.469592 60.335055, -120.469672 60.335095, -120.469741 60.335139, -120.471633 60.336532, -120.471689 60.336579, -120.471733 60.336629, -120.471765 60.336682, -120.471783 60.336736, -120.471788 60.336791, -120.47178 60.336845, -120.471759 60.336899, -120.471724 60.336951, -120.471677 60.337001, -120.471619 60.337047, -120.469925 60.338222, -120.469879 60.338252, -120.469815 60.338285, -120.467664 60.339308, -120.467098 60.340577, -120.46749 60.340973, -120.468138 60.341332, -120.470923 60.340238, -120.471014 60.340206, -120.471111 60.340181, -120.471214 60.340161, -120.471321 60.340148, -120.471431 60.340142, -120.471541 60.340142, -120.47165 60.340149, -120.471757 60.340163, -120.47186 60.340183, -120.471957 60.340209, -120.472046 60.34024, -120.472128 60.340277, -120.4722 60.340319, -120.472261 60.340365, -120.47231 60.340414, -120.472348 60.340466, -120.472372 60.340519, -120.472383 60.340574, -120.47238 60.340629, -120.472189 60.341703, -120.472178 60.341744, -120.47216 60.341784, -120.472135 60.341822, -120.470853 60.343516, -120.470848 60.343523, -120.470547 60.343902, -120.470704 60.344685, -120.472897 60.3454, -120.474431 60.345071, -120.476571 60.344574, -120.476672 60.344554, -120.476777 60.34454, -120.476884 60.344533, -120.476992 60.344532, -120.4771 60.344538, -120.477206 60.34455, -120.477308 60.344568, -120.477405 60.344593, -120.477495 60.344623, -120.477577 60.344658, -120.477651 60.344698, -120.477714 60.344742, -120.477766 60.344789, -120.47979 60.344846, -120.480507 60.344666, -120.480519 60.343238, -120.479815 60.342035, -120.479133 60.341223, -120.479097 60.341172, -120.479074 60.34112, -120.479064 60.341066, -120.479066 60.341012, -120.479081 60.340959, -120.479109 60.340906, -120.47915 60.340856, -120.479202 60.340809, -120.479265 60.340765, -120.479338 60.340725, -120.47942 60.34069, -120.47951 60.34066, -120.479607 60.340636, -120.479708 60.340618, -120.481715 60.34032, -120.483153 60.339642, -120.483236 60.339607, -120.483327 60.339578, -120.483425 60.339554, -120.483527 60.339536, -120.483633 60.339525, -120.486432 60.339307, -120.487351 60.339133, -120.48746 60.339116, -120.487548 60.339108, -120.491082 60.338866, -120.491224 60.338477, -120.491247 60.338429, -120.491281 60.338382, -120.491325 60.338338, -120.491378 60.338296, -120.491441 60.338257, -120.491511 60.338222, -120.492725 60.337683, -120.495159 60.3365, -120.495244 60.336463, -120.495338 60.336432, -120.495439 60.336407, -120.495545 60.336389, -120.495655 60.336377, -120.495766 60.336372, -120.495879 60.336374, -120.49599 60.336384, -120.496097 60.336399, -120.4962 60.336422, -120.496297 60.33645, -120.496385 60.336485, -120.496465 60.336524, -120.496534 60.336569, -120.496591 60.336617, -120.496636 60.336668, -120.496668 60.336722, -120.496686 60.336777, -120.496691 60.336833, -120.496681 60.336889, -120.496436 60.337705, -120.496677 60.338381, -120.49669 60.338437, -120.496688 60.338494, -120.496672 60.33855, -120.496642 60.338605, -120.496599 60.338657, -120.495231 60.34005, -120.494839 60.341028, -120.494739 60.341818, -120.496624 60.343318, -120.496677 60.343368, -120.496718 60.34342, -120.496745 60.343475, -120.496758 60.34353, -120.496757 60.343587, -120.496743 60.343642, -120.496714 60.343697, -120.496672 60.343749, -120.495793 60.34467, -120.495744 60.344714, -120.495686 60.344755, -120.495619 60.344793, -120.493207 60.345999, -120.493265 60.347041, -120.493262 60.347093, -120.493247 60.347145, -120.49322 60.347195, -120.492476 60.348316, -120.493517 60.348439, -120.493597 60.34845, -120.493675 60.348465, -120.493749 60.348484, -120.494218 60.348614, -120.494307 60.348643, -120.494388 60.348676, -120.494461 60.348714, -120.494525 60.348757, -120.494578 60.348802, -120.494621 60.34885, -120.494652 60.348901, -120.49467 60.348953, -120.495005 60.350331, -120.497359 60.350196, -120.500132 60.350047, -120.500241 60.350044, -120.50035 60.350048, -120.500457 60.350059, -120.500561 60.350076, -120.500659 60.350099, -120.500752 60.350127, -120.500837 60.350162, -120.500913 60.350201, -120.500979 60.350244, -120.501034 60.350291, -120.501077 60.350341, -120.501108 60.350393, -120.501126 60.350447, -120.501131 60.350501, -120.501123 60.350555, -120.501102 60.350609, -120.501068 60.35066, -120.501022 60.35071, -120.500964 60.350756, -120.500895 60.350798, -120.500817 60.350836, -120.50073 60.350869, -120.500632 60.350902, -120.501425 60.351322, -120.503596 60.351965, -120.503686 60.351995, -120.503769 60.352031, -120.503842 60.352072, -120.503904 60.352116, -120.503956 60.352164, -120.503995 60.352215, -120.504022 60.352267, -120.504036 60.352321, -120.504037 60.352376, -120.504025 60.35243, -120.504 60.352483, -120.503962 60.352534, -120.503912 60.352582, -120.503851 60.352627, -120.503779 60.352668, -120.503698 60.352704, -120.503609 60.352736, -120.503513 60.352761, -120.503411 60.352781, -120.50254 60.35292, -120.503248 60.353746, -120.504517 60.353741, -120.504625 60.353743, -120.504732 60.353753, -120.504836 60.353768, -120.504936 60.35379, -120.505029 60.353818, -120.505115 60.35385, -120.505193 60.353888, -120.505261 60.353931, -120.505318 60.353977, -120.505364 60.354026, -120.505398 60.354077, -120.505924 60.355084, -120.50594 60.35512, -120.505951 60.355163, -120.50608 60.356003, -120.506083 60.356053, -120.506073 60.356103, -120.506053 60.356152, -120.506022 60.3562, -120.50598 60.356246, -120.505928 60.356289, -120.504568 60.357293, -120.50353 60.35879, -120.504064 60.359344, -120.504105 60.359395, -120.504134 60.359448, -120.50415 60.359502, -120.504152 60.359557, -120.504141 60.359611, -120.504117 60.359665, -120.503713 60.360359, -120.50368 60.360406, -120.503636 60.360451, -120.503583 60.360493, -120.503521 60.360532, -120.503451 60.360567, -120.503374 60.360599, -120.501305 60.361342, -120.5013 60.361941, -120.501294 60.361989, -120.501278 60.362037, -120.500789 60.363121, -120.500761 60.36317, -120.500723 60.363217, -120.500673 60.363261, -120.500614 60.363303, -120.500546 60.363341, -120.50047 60.363374, -120.500387 60.363404, -120.500297 60.363428, -120.500203 60.363448, -120.498873 60.363676, -120.498153 60.364215, -120.497844 60.364589, -120.497802 60.364634, -120.49775 60.364675, -120.49769 60.364714, -120.497621 60.364749, -120.497545 60.36478, -120.497463 60.364807, -120.497375 60.36483, -120.495563 60.36523, -120.496585 60.366163, -120.49737 60.366851, -120.498092 60.367273, -120.499254 60.367369, -120.499364 60.367381, -120.499469 60.3674, -120.499569 60.367426, -120.499662 60.367458, -120.499746 60.367495, -120.49982 60.367537, -120.499884 60.367583, -120.499935 60.367633, -120.499973 60.367686, -120.499999 60.36774, -120.50001 60.367796, -120.500007 60.367852, -120.49999 60.367907, -120.49996 60.367961, -120.499916 60.368013, -120.49986 60.368062, -120.499793 60.368106, -120.498555 60.368821, -120.498479 60.368859, -120.498395 60.368893, -120.498304 60.368922, -120.498206 60.368945, -120.498104 60.368962, -120.497998 60.368972, -120.497891 60.368977, -120.497783 60.368975, -120.495182 60.368847, -120.49405 60.369287, -120.493317 60.370207, -120.493273 60.370254, -120.493219 60.370298, -120.492213 60.371021, -120.491956 60.371519, -120.491952 60.371525, -120.491581 60.372204, -120.491795 60.372532, -120.493615 60.373755, -120.493674 60.3738, -120.493722 60.373849, -120.493758 60.3739, -120.493781 60.373953, -120.493792 60.374006, -120.49379 60.37406, -120.493774 60.374114, -120.493746 60.374166, -120.493705 60.374216, -120.493653 60.374264, -120.49359 60.374308, -120.493517 60.374347, -120.493434 60.374383, -120.493344 60.374413, -120.491893 60.374834, -120.490573 60.375367, -120.491568 60.376011, -120.491627 60.376054, -120.491676 60.376101, -120.491714 60.37615, -120.49174 60.376201, -120.491753 60.376254, -120.491755 60.376306, -120.491744 60.376359, -120.49172 60.37641, -120.491685 60.37646, -120.491638 60.376507, -120.491581 60.376552, -120.491514 60.376592, -120.490339 60.377222, -120.490261 60.377258, -120.490176 60.37729, -120.490084 60.377317, -120.489986 60.377338, -120.489884 60.377353, -120.489779 60.377362, -120.489673 60.377365, -120.489567 60.377362, -120.489462 60.377352, -120.487872 60.377158, -120.485617 60.377772, -120.485535 60.377791, -120.48545 60.377807, -120.481407 60.37843, -120.481333 60.378463, -120.481253 60.378492, -120.481167 60.378517, -120.481075 60.378536, -120.480981 60.37855, -120.480883 60.378559, -120.480784 60.378563, -120.48029 60.378568, -120.480388 60.37886, -120.481184 60.379334, -120.481249 60.379378, -120.481302 60.379425, -120.481344 60.379475, -120.481374 60.379526, -120.481391 60.37958, -120.481395 60.379634, -120.481386 60.379687, -120.481364 60.37974, -120.48133 60.379792, -120.481283 60.37984, -120.481226 60.379886, -120.481157 60.379928, -120.481079 60.379965, -120.480993 60.379998, -120.4809 60.380025, -120.4808 60.380047, -120.480288 60.38014, -120.476863 60.381799, -120.477163 60.382662, -120.480801 60.384622, -120.485161 60.384477, -120.485269 60.384476, -120.485375 60.384482, -120.48548 60.384494, -120.48558 60.384512, -120.485676 60.384537, -120.485765 60.384566, -120.485847 60.384601, -120.48592 60.38464, -120.485983 60.384683, -120.486035 60.38473, -120.486076 60.384779, -120.486105 60.384831, -120.487127 60.387192, -120.487144 60.387246, -120.487147 60.387301, -120.487137 60.387355, -120.487114 60.387408, -120.485924 60.389533, -120.485895 60.389577, -120.485857 60.389619, -120.48581 60.389659, -120.485755 60.389696, -120.485693 60.38973, -120.483416 60.390865, -120.482272 60.392434, -120.482227 60.392486, -120.48217 60.392534, -120.482101 60.392578, -120.482022 60.392617, -120.481934 60.392652, -120.481838 60.39268, -120.481736 60.392703, -120.481629 60.392719, -120.481518 60.392728, -120.481407 60.392731, -120.481295 60.392726, -120.478758 60.392545, -120.470083 60.395491, -120.470012 60.395513, -120.469937 60.395531, -120.469859 60.395546, -120.468478 60.395775, -120.468378 60.395788, -120.468276 60.395796, -120.468172 60.395798, -120.468069 60.395794, -120.465654 60.395627, -120.464536 60.396099, -120.46445 60.396131, -120.464357 60.396158, -120.464258 60.396179, -120.464155 60.396194, -120.464049 60.396203, -120.463942 60.396206, -120.463835 60.396202, -120.46373 60.396192, -120.463627 60.396176, -120.459326 60.395353, -120.457437 60.396282, -120.457411 60.396295, -120.457395 60.396302, -120.455594 60.39708, -120.455512 60.397112, -120.455423 60.397138, -120.455329 60.39716, -120.455231 60.397176, -120.455129 60.397186, -120.455026 60.39719, -120.45307 60.397217, -120.448588 60.397334, -120.443209 60.397615, -120.443195 60.397616, -120.372912 60.400698, -120.372806 60.4007, -120.372701 60.400695, -120.372598 60.400684, -120.372497 60.400668, -120.372402 60.400645, -120.372312 60.400617, -120.372229 60.400584, -120.372155 60.400547, -120.369278 60.398918, -120.369251 60.398902, -120.369204 60.39887, -120.334991 60.373177, -120.333906 60.372395, -120.333863 60.372362, -120.333827 60.372326, -120.333797 60.372289, -120.332932 60.371073, -120.331759 60.371144, -120.331646 60.371147, -120.331533 60.371144, -120.331422 60.371133, -120.331315 60.371115, -120.331213 60.371091, -120.331118 60.371061, -120.331031 60.371025, -120.330954 60.370984, -120.330887 60.370938, -120.330833 60.370889, -120.330791 60.370837, -120.330763 60.370782, -120.330749 60.370726, -120.330748 60.37067, -120.330762 60.370614, -120.33079 60.370559, -120.330831 60.370507, -120.330885 60.370458, -120.330951 60.370412, -120.331439 60.370114, -120.331452 60.370106, -120.331532 60.370066, -120.33222 60.369756, -120.335942 60.359497, -120.33596 60.359458, -120.335985 60.359419, -120.337999 60.356735, -120.327962 60.351494, -120.318857 60.355156, -120.318773 60.355186, -120.318682 60.355211, -120.318586 60.355231, -120.318486 60.355245, -120.318383 60.355253, -120.31828 60.355255, -120.318176 60.355252, -120.318074 60.355242, -120.317975 60.355227, -120.31788 60.355206, -120.31779 60.35518, -120.315082 60.354279, -120.314995 60.354247, -120.314916 60.354209, -120.314848 60.354166, -120.31479 60.35412, -120.314743 60.354071, -120.314709 60.354019, -120.314688 60.353966, -120.31468 60.353912, -120.314685 60.353857, -120.314703 60.353803, -120.314734 60.353751, -120.314777 60.353701, -120.314832 60.353654, -120.314898 60.353611, -120.319748 60.350813, -120.324633 60.343993, -120.324314 60.335616, -120.31912 60.33174, -120.319065 60.331693, -120.319022 60.331643, -120.318991 60.33159, -120.318973 60.331537, -120.318968 60.331482, -120.318976 60.331428, -120.318998 60.331374, -120.319032 60.331323, -120.323721 60.325456, -120.316753 60.320749, -120.30921 60.320839, -120.309097 60.320837, -120.308985 60.320827, -120.308877 60.320811, -120.308773 60.320788, -120.308676 60.320759, -120.308587 60.320724, -120.308508 60.320684, -120.308439 60.320639, -120.308382 60.32059, -120.308338 60.320538, -120.308307 60.320484, -120.30829 60.320428, -120.308288 60.320371, -120.308299 60.320315, -120.309024 60.318133, -120.30905 60.318078, -120.309089 60.318025, -120.309142 60.317974, -120.309206 60.317927, -120.310831 60.316901, -120.310907 60.316859, -120.310993 60.316822, -120.311087 60.316791, -120.311189 60.316766, -120.311296 60.316747, -120.311407 60.316735, -120.31152 60.31673, -120.311633 60.316733, -120.313621 60.316837, -120.321142 60.316881, -120.32324 60.315953, -120.324801 60.311478, -120.324713 60.310702, -120.32305 60.309408, -120.321039 60.309368, -120.320947 60.309364, -120.320925 60.309362, -120.319346 60.309228, -120.319237 60.309216, -120.319132 60.309196, -120.319032 60.30917, -120.31894 60.309139, -120.318856 60.309102, -120.318782 60.309059, -120.31872 60.309013, -120.316164 60.306846, -120.316157 60.306841, -120.312169 60.303349, -120.282691 60.298809, -120.272079 60.30575, -120.272019 60.305785, -120.271953 60.305817, -120.271881 60.305846, -120.271803 60.30587, -120.260841 60.308937, -120.238584 60.32092, -120.238558 60.320934, -120.205371 60.337348, -120.192524 60.351208, -120.191441 60.352534, -120.191395 60.352581, -120.191339 60.352626, -120.191272 60.352667, -120.191196 60.352704, -120.191113 60.352736, -120.184549 60.354961, -120.184687 60.359712, -120.184682 60.359766, -120.184665 60.359819, -120.184634 60.35987, -120.184592 60.35992, -120.184538 60.359966, -120.184474 60.360009, -120.184399 60.360048, -120.184316 60.360082, -120.184225 60.360111, -120.172058 60.363503, -120.174618 60.367888, -120.175304 60.369043, -120.175325 60.369084, -120.178639 60.37749, -120.187974 60.384396, -120.188028 60.384441, -120.188071 60.384489, -120.188102 60.384538, -120.188121 60.38459, -120.188129 60.384642, -120.188124 60.384694, -120.188107 60.384746, -120.188078 60.384796, -120.186688 60.386747, -120.186647 60.386796, -120.186598 60.386839, -120.174809 60.396031, -120.175038 60.396996, -120.175045 60.397045, -120.17504 60.397095, -120.175024 60.397144, -120.172514 60.402852, -120.172486 60.402901, -120.172448 60.402948, -120.172399 60.402993, -120.17234 60.403035, -120.172273 60.403073, -120.172197 60.403107, -120.171054 60.403564, -120.157469 60.421432, -120.156588 60.424848, -120.158592 60.426307, -120.162575 60.426055, -120.162687 60.426052, -120.162799 60.426055, -120.162909 60.426065, -120.163016 60.426082, -120.163118 60.426106, -120.163213 60.426135, -120.163301 60.42617, -120.163378 60.42621, -120.163445 60.426255, -120.163501 60.426304, -120.163544 60.426355, -120.163574 60.426409, -120.16359 60.426464, -120.163593 60.42652, -120.163582 60.426576, -120.163557 60.42663, -120.163518 60.426682, -120.162982 60.427294, -120.163538 60.431054, -120.163539 60.431109, -120.163527 60.431164, -120.163502 60.431218, -120.163463 60.431269, -120.163413 60.431318, -120.16335 60.431364, -120.163277 60.431405, -120.163195 60.431442, -120.163104 60.431473, -120.163006 60.431498, -120.162902 60.431518, -120.162795 60.431531, -120.162685 60.431537, -120.162575 60.431537, -120.162465 60.43153, -120.162358 60.431516, -120.162255 60.431496, -120.158516 60.430632, -120.154593 60.430208, -120.15454 60.430201, -120.145671 60.428938, -120.145572 60.428921, -120.145477 60.428898, -120.145388 60.428869, -120.145307 60.428836, -120.145234 60.428798, -120.14517 60.428757, -120.145116 60.428712, -120.140624 60.424385, -120.136024 60.419057, -120.130669 60.412623, -120.122766 60.406172, -120.118725 60.403167, -120.118675 60.403124, -120.118634 60.40308, -120.118603 60.403033, -120.118583 60.402985, -120.118573 60.402936, -120.118574 60.402887, -120.118586 60.402838, -120.119001 60.401662, -120.118677 60.400757, -120.11505 60.397729, -120.112675 60.397171, -120.078279 60.399009, -120.075204 60.408924, -120.07518 60.408978, -120.075143 60.409031, -120.075093 60.40908, -120.075032 60.409127, -120.074959 60.409169, -120.074877 60.409206, -120.074786 60.409238, -120.074688 60.409265, -120.074584 60.409285, -120.074476 60.409298, -120.074366 60.409305, -120.074254 60.409305, -120.074144 60.409298, -120.074036 60.409284, -120.073932 60.409264, -120.073834 60.409238, -120.066456 60.406957, -120.066373 60.406928, -120.066296 60.406894, -120.066228 60.406857, -120.066169 60.406815, -120.06612 60.406771, -120.06608 60.406724, -120.066052 60.406676, -120.066035 60.406626, -120.062777 60.392476, -120.045004 60.384324, -120.039514 60.384097, -120.039405 60.384089, -120.039299 60.384074, -120.039197 60.384054, -120.039101 60.384027, -120.039012 60.383994, -120.038931 60.383957, -120.038861 60.383914, -120.038801 60.383868, -120.038753 60.383819, -120.038718 60.383767, -120.038336 60.383073, -120.038315 60.383023, -120.038305 60.382973, -120.038306 60.382923, -120.038986 60.377968, -120.032104 60.375853, -120.032023 60.375825, -120.031948 60.375792, -120.031881 60.375756, -120.031823 60.375717, -120.031773 60.375674, -120.031733 60.375629, -120.030908 60.374548, -120.028566 60.371478, -120.023761 60.370771, -119.994074 60.381427, -119.967683 60.397927, -119.947623 60.411757, -119.910487 60.421915, -119.872434 60.420276, -119.804861 60.418808, -119.740479 60.41598, -119.722598 60.400501, -119.716947 60.382623, -119.681038 60.369275), (-120.848252 59.883124, -120.849901 59.881564, -120.850209 59.880279, -120.849289 59.879621, -120.847999 59.879648, -120.847338 59.879706, -120.845163 59.879802, -120.844121 59.879863, -120.843615 59.879875, -120.84229 59.879643, -120.841987 59.879467, -120.841683 59.879032, -120.841838 59.878527, -120.842052 59.878277, -120.842349 59.878038, -120.843127 59.877567, -120.843599 59.87734, -120.844122 59.877131, -120.845302 59.876783, -120.846606 59.876546, -120.848641 59.876421, -120.85003 59.876461, -120.850727 59.876484, -120.852801 59.876487, -120.855222 59.87602, -120.856073 59.875225, -120.856387 59.874672, -120.857278 59.874049, -120.858614 59.87391, -120.859479 59.874091, -120.861377 59.874707, -120.863772 59.874814, -120.864248 59.874638, -120.865574 59.873938, -120.866564 59.873251, -120.867614 59.872745, -120.869488 59.872253, -120.870869 59.872109, -120.872275 59.871982, -120.874573 59.871243, -120.874937 59.870948, -120.875222 59.870627, -120.875402 59.870282, -120.875474 59.869936, -120.874985 59.868978, -120.874634 59.868702, -120.873519 59.86791, -120.873009 59.867129, -120.873091 59.866898, -120.874007 59.866438, -120.875393 59.866492, -120.875863 59.866575, -120.876838 59.866738, -120.877344 59.866805, -120.879947 59.866511, -120.880898 59.865792, -120.880478 59.8649, -120.879798 59.864015, -120.879559 59.863717, -120.879141 59.863107, -120.879034 59.861881, -120.879148 59.861583, -120.879406 59.860994, -120.879075 59.859838, -120.87739 59.859201, -120.876041 59.859692, -120.875361 59.860187, -120.875095 59.860454, -120.874579 59.860936, -120.873042 59.861711, -120.870509 59.862414, -120.869963 59.862534, -120.867319 59.863197, -120.866817 59.863327, -120.865718 59.86349, -120.865139 59.863516, -120.864086 59.863406, -120.863666 59.86328, -120.86337 59.863108, -120.863168 59.862706, -120.863652 59.862154, -120.863991 59.861997, -120.86479 59.861687, -120.865251 59.861514, -120.866153 59.86107, -120.866539 59.860798, -120.866853 59.860516, -120.867256 59.859815, -120.867538 59.858781, -120.867742 59.858132, -120.867895 59.857527, -120.867855 59.85666, -120.867822 59.856363, -120.867817 59.855754, -120.867835 59.85514, -120.867785 59.85451, -120.867607 59.853551, -120.867517 59.853132, -120.867396 59.85257, -120.867281 59.851886, -120.867089 59.851187, -120.866954 59.850842, -120.866515 59.850202, -120.865327 59.849579, -120.864311 59.849434, -120.863264 59.849472, -120.862234 59.849625, -120.861258 59.849839, -120.859889 59.850258, -120.859437 59.850395, -120.857462 59.85071, -120.856454 59.850739, -120.855011 59.850894, -120.854545 59.850979, -120.853074 59.851092, -120.850948 59.850757, -120.850433 59.850595, -120.847804 59.849722, -120.844923 59.849504, -120.843342 59.849566, -120.84284 59.849502, -120.842378 59.849386, -120.841971 59.849222, -120.841663 59.849008, -120.841484 59.848761, -120.841335 59.848229, -120.841335 59.847942, -120.841266 59.846991, -120.840977 59.84633, -120.839531 59.845329, -120.839012 59.845207, -120.837986 59.845246, -120.83757 59.845429, -120.837223 59.845638, -120.836687 59.846225, -120.83594 59.846622, -120.834947 59.846754, -120.83442 59.846731, -120.833896 59.846687, -120.831757 59.84641, -120.830027 59.846078, -120.828934 59.845731, -120.828535 59.845496, -120.828247 59.845237, -120.828077 59.844961, -120.82809 59.844664, -120.829148 59.843838, -120.829614 59.843657, -120.831168 59.842984, -120.83276 59.842237, -120.833867 59.841721, -120.83697 59.840903, -120.8376 59.840842, -120.838837 59.84078, -120.840055 59.840809, -120.841787 59.840958, -120.84355 59.841207, -120.844186 59.841274, -120.844847 59.841327, -120.84831 59.841517, -120.849693 59.841537, -120.851746 59.841339, -120.852383 59.841185, -120.853483 59.840761, -120.855598 59.840051, -120.856696 59.839948, -120.858164 59.840083, -120.859457 59.840471, -120.859871 59.840639, -120.861104 59.841217, -120.862005 59.841603, -120.864181 59.842027, -120.865989 59.841804, -120.867009 59.84139, -120.868487 59.840719, -120.87012 59.840291, -120.872 59.84034, -120.872385 59.840432, -120.873174 59.840649, -120.874591 59.840946, -120.876114 59.841282, -120.876601 59.841425, -120.878511 59.842387, -120.878774 59.842602, -120.879191 59.843039, -120.879348 59.843264, -120.879786 59.843953, -120.880225 59.844399, -120.881772 59.844993, -120.883206 59.844805, -120.88432 59.844154, -120.884652 59.843281, -120.884125 59.842575, -120.883114 59.842295, -120.882754 59.842312, -120.881389 59.842207, -120.881152 59.841958, -120.88132 59.841721, -120.881547 59.841607, -120.881829 59.841502, -120.882535 59.84134, -120.883371 59.841237, -120.884281 59.841153, -120.885176 59.840988, -120.885923 59.84044, -120.886121 59.84003, -120.887107 59.839302, -120.889838 59.838046, -120.890314 59.837879, -120.892959 59.837051, -120.894125 59.836348, -120.894181 59.835831, -120.893975 59.83562, -120.893273 59.835377, -120.892861 59.835319, -120.892063 59.835158, -120.891754 59.835018, -120.891546 59.834844, -120.891453 59.834472, -120.891704 59.834132, -120.892123 59.833786, -120.892353 59.8336, -120.892838 59.833184, -120.893082 59.83295, -120.893311 59.832696, -120.893511 59.832419, -120.893752 59.831538, -120.893596 59.830965, -120.892672 59.829968, -120.892276 59.829804, -120.890923 59.829578, -120.889627 59.82944, -120.888904 59.829182, -120.888591 59.829016, -120.888031 59.828647, -120.887672 59.828293, -120.872909 59.828562, -120.848112 59.828724, -120.819633 59.828342, -120.815026 59.82966, -120.803816 59.832108, -120.796933 59.834, -120.78818 59.83687, -120.78731 59.837925, -120.782593 59.845984, -120.783378 59.85031, -120.783558 59.850836, -120.784754 59.850442, -120.78596 59.849786, -120.786477 59.849445, -120.788026 59.849035, -120.788557 59.849169, -120.78898 59.849508, -120.791572 59.850544, -120.793673 59.850331, -120.794663 59.850109, -120.795637 59.849967, -120.796489 59.849994, -120.7969 59.850343, -120.796388 59.850978, -120.796065 59.851181, -120.793419 59.852488, -120.791675 59.853057, -120.791287 59.853203, -120.790112 59.854217, -120.789909 59.854715, -120.78996 59.855523, -120.789804 59.85611, -120.789365 59.85665, -120.788651 59.856892, -120.787919 59.857127, -120.787373 59.858006, -120.788048 59.85871, -120.788071 59.859011, -120.787939 59.859138, -120.787089 59.859526, -120.786788 59.859782, -120.786395 59.8602, -120.785088 59.860634, -120.784664 59.860759, -120.783461 59.860956, -120.782935 59.860905, -120.781391 59.861089, -120.781061 59.861218, -120.780387 59.861526, -120.779695 59.862087, -120.779824 59.862536, -120.780157 59.862997, -120.780061 59.864213, -120.779393 59.865171, -120.778535 59.866487, -120.778191 59.866602, -120.77783 59.866688, -120.776053 59.867271, -120.775476 59.867621, -120.775157 59.868181, -120.775373 59.868589, -120.776561 59.868524, -120.777178 59.868394, -120.778731 59.868059, -120.779609 59.868041, -120.782284 59.868247, -120.783845 59.868183, -120.784357 59.868162, -120.784895 59.868132, -120.786718 59.867652, -120.786986 59.867472, -120.786777 59.866613, -120.786661 59.865575, -120.787542 59.865051, -120.787858 59.865071, -120.788542 59.865141, -120.79067 59.86495, -120.792093 59.864588, -120.792577 59.864472, -120.79386 59.86438, -120.794395 59.864579, -120.794579 59.864732, -120.794953 59.865355, -120.79516 59.866404, -120.795246 59.866958, -120.796183 59.867873, -120.797095 59.868156, -120.797625 59.868237, -120.798684 59.868343, -120.800621 59.868974, -120.800901 59.869162, -120.802733 59.870817, -120.80291 59.87103, -120.803699 59.871905, -120.803953 59.872123, -120.806074 59.872944, -120.80775 59.873195, -120.808263 59.873292, -120.809728 59.873906, -120.809831 59.874123, -120.809831 59.874351, -120.809104 59.8752, -120.80875 59.875381, -120.807924 59.875747, -120.807117 59.876123, -120.806305 59.876487, -120.805493 59.876863, -120.805119 59.877072, -120.804311 59.878324, -120.804375 59.878599, -120.804705 59.879148, -120.805244 59.879697, -120.80558 59.87997, -120.805951 59.880233, -120.806364 59.880476, -120.806502 59.88054, -120.806834 59.880695, -120.808557 59.881233, -120.80922 59.881362, -120.809916 59.881468, -120.812698 59.881847, -120.813356 59.881957, -120.814007 59.882057, -120.816627 59.88214, -120.817887 59.882042, -120.8197 59.882107, -120.820257 59.882206, -120.821238 59.882511, -120.821936 59.88297, -120.822173 59.883232, -120.822367 59.883505, -120.822911 59.88433, -120.823141 59.884601, -120.82341 59.884871, -120.824578 59.885561, -120.825766 59.885782, -120.827136 59.885769, -120.829167 59.885592, -120.830885 59.885723, -120.831307 59.885869, -120.831651 59.886058, -120.831946 59.886266, -120.832526 59.886682, -120.833708 59.887247, -120.834194 59.887384, -120.835892 59.887476, -120.837369 59.886966, -120.837721 59.886688, -120.838801 59.885935, -120.840288 59.88554, -120.843071 59.885146, -120.844185 59.88484, -120.845813 59.884287, -120.847379 59.883656, -120.848252 59.883124), (-121.100378 59.764964, -121.103158 59.763916, -121.104038 59.762993, -121.106818 59.761945, -121.110489 59.762646, -121.114963 59.762994, -121.115338 59.763007, -121.117859 59.763859, -121.120431 59.76433, -121.123353 59.765005, -121.126728 59.765123, -121.130852 59.765267, -121.132055 59.764736, -121.134084 59.763662, -121.135372 59.761651, -121.13166 59.761088, -121.115422 59.752409, -121.102758 59.748625, -121.09359 59.739953, -121.085615 59.736332, -121.079222 59.734913, -121.059948 59.733156, -121.054442 59.734751, -121.053457 59.736434, -121.052498 59.737927, -121.051303 59.739693, -121.052446 59.740762, -121.053767 59.746535, -121.056789 59.750221, -121.071366 59.757179, -121.083253 59.764103, -121.088135 59.763579, -121.091108 59.763874, -121.095129 59.764779, -121.100378 59.764964), (-121.615048 59.854146, -121.614836 59.853648, -121.614979 59.854148, -121.615048 59.854146))"
99,2023-07-29 10:30:57,2023070901,2023,21056.2,Derived from satellite imagery,1688886000000,1688931103000,Being Held,JA70003000,210562037.7948,104826.8453,192,7ae0c4ca-4e93-4cfe-826d-c05db90270ae,749778615.523438,197793.00778246,https://wildfiresituation.nrs.gov.bc.ca/incidents?fireYear=2023&incidentNumber=G90292,"POLYGON ((-123.552448 58.01014, -123.552914 58.011494, -123.553105 58.012877, -123.553089 58.014274, -123.552744 58.01707, -123.552265 58.019829, -123.551873 58.021191, -123.551342 58.022541, -123.550752 58.02389, -123.550019 58.025212, -123.5492 58.026517, -123.548304 58.027805, -123.546518 58.029897, -123.545351 58.031144, -123.543273 58.033159, -123.542058 58.034379, -123.541279 58.0357, -123.541261 58.037058, -123.542024 58.038343, -123.543539 58.039448, -123.545729 58.040278, -123.548237 58.040897, -123.553445 58.04196, -123.558833 58.042878, -123.561576 58.043284, -123.564366 58.04363, -123.568703 58.043913, -123.570086 58.04397, -123.572954 58.044025, -123.576518 58.043992, -123.578716 58.04389, -123.581534 58.043633, -123.584329 58.043433, -123.585967 58.043434, -123.587136 58.043435, -123.589904 58.043668, -123.592519 58.044143, -123.594944 58.044796, -123.597186 58.045571, -123.599307 58.046449, -123.601392 58.047358, -123.603493 58.048262, -123.605606 58.049158, -123.607728 58.050048, -123.609834 58.050969, -123.61194 58.051921, -123.614041 58.052904, -123.616128 58.053897, -123.618196 58.054905, -123.62023 58.055968, -123.621028 58.056409, -123.622253 58.057085, -123.625981 58.059235, -123.627593 58.060216, -123.629511 58.061456, -123.63077 58.062306, -123.631982 58.063178, -123.633642 58.064541, -123.635083 58.065967, -123.636269 58.06746, -123.637178 58.068995, -123.637815 58.07056, -123.638165 58.072134, -123.638253 58.073705, -123.638082 58.075271, -123.637735 58.076808, -123.637235 58.07831, -123.636572 58.079774, -123.635749 58.081207, -123.634838 58.082627, -123.633873 58.084014, -123.632837 58.085368, -123.631772 58.08671, -123.630719 58.088055, -123.629672 58.089402, -123.628588 58.090739, -123.627509 58.092076, -123.626418 58.093412, -123.625287 58.094752, -123.62416 58.0961, -123.616439 58.105721, -123.606799 58.118071, -123.601718 58.119432, -123.596985 58.118486, -123.581081 58.117596, -123.575596 58.117164, -123.570067 58.116657, -123.56726 58.116419, -123.564452 58.11622, -123.559023 58.115896, -123.556409 58.115694, -123.551255 58.114998, -123.546313 58.114017, -123.54162 58.112701, -123.533721 58.110212, -123.529692 58.108944, -123.525631 58.107719, -123.520771 58.106244, -123.515848 58.1048, -123.508374 58.102776, -123.503485 58.101543, -123.496549 58.099243, -123.493195 58.096898, -123.490455 58.092585, -123.489131 58.089587, -123.487482 58.086654, -123.484842 58.084081, -123.477866 58.07993, -123.472953 58.076757, -123.469346 58.074795, -123.463466 58.072209, -123.459385 58.070666, -123.453162 58.068551, -123.450328 58.067699, -123.445974 58.066443, -123.441566 58.065314, -123.43723 58.064221, -123.432846 58.063145, -123.426255 58.061928, -123.421838 58.061318, -123.417207 58.060953, -123.414836 58.060927, -123.410107 58.061246, -123.40382 58.062995, -123.400452 58.064827, -123.398986 58.065902, -123.397807 58.067105, -123.397053 58.068398, -123.396526 58.071042, -123.396524 58.072361, -123.396651 58.074999, -123.396741 58.077629, -123.397024 58.078945, -123.39823 58.081482, -123.400439 58.084828, -123.402659 58.087364, -123.406048 58.09063, -123.40737 58.091875, -123.408642 58.093148, -123.410867 58.095876, -123.412869 58.098652, -123.414848 58.101376, -123.416934 58.104078, -123.419157 58.106765, -123.42157 58.109433, -123.424055 58.112122, -123.425181 58.113501, -123.426266 58.114887, -123.428287 58.117644, -123.429206 58.119023, -123.429928 58.120452, -123.430258 58.121929, -123.430095 58.123437, -123.429349 58.124936, -123.428074 58.126362, -123.425617 58.12812, -123.422294 58.129854, -123.41994 58.130767, -123.41743 58.131527, -123.414828 58.132132, -123.412155 58.132608, -123.409422 58.132949, -123.406639 58.133119, -123.403865 58.133077, -123.401166 58.132759, -123.399503 58.132357, -123.397291 58.131537, -123.395468 58.130487, -123.394422 58.12971, -123.392982 58.12852, -123.390189 58.126094, -123.388854 58.124853, -123.385347 58.121012, -123.382632 58.118001, -123.379562 58.114723, -123.377356 58.112298, -123.375247 58.109964, -123.369743 58.106705, -123.363686 58.103018, -123.361313 58.100301, -123.359437 58.098153, -123.356148 58.093913, -123.352076 58.09025, -123.349563 58.089502, -123.346693 58.088648, -123.340813 58.08803, -123.340827 58.090424, -123.347216 58.09442, -123.345294 58.095216, -123.343209 58.094264, -123.33889 58.093441, -123.335876 58.092449, -123.33413 58.093736, -123.330434 58.094314, -123.325787 58.093082, -123.326534 58.090678, -123.324081 58.0882, -123.321428 58.087123, -123.316849 58.085266, -123.312696 58.083582, -123.306829 58.086128, -123.302297 58.087713, -123.299477 58.088643, -123.295915 58.089165, -123.290963 58.09076, -123.286498 58.09309, -123.283161 58.094673, -123.279541 58.096234, -123.277561 58.096957, -123.273357 58.098241, -123.271179 58.098813, -123.269146 58.099523, -123.267589 58.100528, -123.266544 58.10171, -123.265737 58.102916, -123.264986 58.104062, -123.263305 58.104832, -123.261625 58.10551, -123.25934 58.105445, -123.257338 58.104788, -123.255965 58.103725, -123.255227 58.102469, -123.25499 58.101143, -123.255095 58.099812, -123.255702 58.097612, -123.25663 58.094965, -123.257745 58.092317, -123.258268 58.090998, -123.259046 58.088358, -123.259453 58.085759, -123.259447 58.083172, -123.259748 58.080642, -123.260123 58.079414, -123.261048 58.077006, -123.26198 58.074635, -123.262937 58.072253, -123.265025 58.06724, -123.265622 58.065985, -123.266508 58.064463, -123.269914 58.060138, -123.273229 58.056711, -123.280488 58.050471, -123.282348 58.048905, -123.283243 58.048103, -123.284012 58.047271, -123.285402 58.045128, -123.286286 58.043035, -123.286977 58.041824, -123.288117 58.040556, -123.289316 58.039662, -123.290873 58.038744, -123.292552 58.037913, -123.294281 58.037141, -123.306955 58.032546, -123.309959 58.031095, -123.31393 58.028735, -123.317895 58.026255, -123.32214 58.023777, -123.325262 58.022155, -123.32873 58.020531, -123.330096 58.019496, -123.331255 58.018384, -123.332598 58.01733, -123.340142 58.014256, -123.342156 58.013604, -123.346023 58.01234, -123.349624 58.010966, -123.352168 58.009566, -123.352996 58.008467, -123.35312 58.005938, -123.352954 58.003285, -123.352916 58.001949, -123.35262 57.999296, -123.352154 57.997963, -123.350885 57.996697, -123.349177 57.995577, -123.347208 57.994548, -123.345088 57.993567, -123.340604 57.99167, -123.333555 57.988958, -123.330081 57.98693, -123.328541 57.985696, -123.329062 57.984032, -123.330265 57.982239, -123.353512 57.973199, -123.356946 57.971596, -123.361854 57.969559, -123.366535 57.968166, -123.369011 57.967651, -123.371566 57.967275, -123.374217 57.967032, -123.376889 57.966957, -123.379598 57.967041, -123.382252 57.967233, -123.384873 57.967433, -123.390035 57.967864, -123.392619 57.968025, -123.395162 57.968031, -123.397644 57.967856, -123.402373 57.967191, -123.407168 57.966571, -123.41202 57.965981, -123.414466 57.965719, -123.416952 57.965483, -123.421994 57.965062, -123.424519 57.964878, -123.427071 57.964711, -123.429631 57.964574, -123.432159 57.964479, -123.434628 57.964457, -123.437016 57.964568, -123.439341 57.964872, -123.441454 57.965428, -123.44325 57.966231, -123.444602 57.967246, -123.445396 57.968406, -123.445589 57.969627, -123.445189 57.97084, -123.443799 57.972339, -123.441309 57.974063, -123.437454 57.976441, -123.433945 57.978473, -123.430414 57.980568, -123.426574 57.982584, -123.422421 57.984505, -123.416621 57.987798, -123.408724 57.992366, -123.404676 57.994538, -123.400025 57.996286, -123.394844 57.997301, -123.389566 57.998021, -123.384746 57.99917, -123.380723 58.000893, -123.377963 58.00316, -123.376682 58.005783, -123.376559 58.00714, -123.377285 58.009815, -123.378201 58.011072, -123.37944 58.012249, -123.382096 58.014005, -123.385997 58.015746, -123.389665 58.016905, -123.39452 58.017896, -123.39708 58.018207, -123.39971 58.01838, -123.402399 58.018438, -123.405087 58.0184, -123.410396 58.01813, -123.413047 58.017944, -123.418329 58.017346, -123.426058 58.016082, -123.431115 58.015039, -123.440497 58.012574, -123.445153 58.011256, -123.449714 58.009648, -123.451802 58.008685, -123.455843 58.006596, -123.459908 58.004407, -123.463765 58.002223, -123.465826 58.00128, -123.468149 58.000508, -123.470734 57.999935, -123.473397 57.999536, -123.476091 57.99921, -123.481534 57.998703, -123.486177 57.998447, -123.49085 57.998398, -123.496394 57.998492, -123.500599 57.998629, -123.50497 57.995256, -123.511436 57.990626, -123.518862 57.988389, -123.524552 57.98701, -123.535448 57.983055, -123.544067 57.979651, -123.56292 57.973761, -123.57483 57.971306, -123.577453 57.974026, -123.580095 57.976449, -123.584547 57.976827, -123.587209 57.978953, -123.583162 57.980958, -123.575856 57.98142, -123.570246 57.981615, -123.564039 57.982392, -123.55999 57.984397, -123.559778 57.987659, -123.557927 57.990297, -123.556037 57.993529, -123.553259 58.001792, -123.550304 58.00776, -123.552448 58.01014))"
100,2023-07-29 10:30:57,2023072601,2023,41883.2,Derived from satellite imagery,1690354800000,1690404486000,Out of Control,JA70003000,418831689.2246,179301.0929,193,c6ed24ea-b2d9-4471-b8c1-c3fea1825a69,1586615721.20313,348955.846329662,https://wildfiresituation.nrs.gov.bc.ca/incidents?fireYear=2023&incidentNumber=G90358,"POLYGON ((-120.182764 59.279945, -120.181481 59.279367, -120.179594 59.278454, -120.178344 59.27782, -120.176331 59.276939, -120.173917 59.276405, -120.171262 59.276335, -120.168607 59.276688, -120.166888 59.277077, -120.164421 59.277792, -120.162071 59.278608, -120.159786 59.279472, -120.157491 59.28032, -120.155073 59.281036, -120.152484 59.281451, -120.150042 59.28122, -120.148354 59.28042, -120.14755 59.27933, -120.147324 59.278292, -120.147098 59.274804, -120.147011 59.27397, -120.14692 59.272721, -120.14681 59.271472, -120.146674 59.270229, -120.146532 59.269407, -120.146214 59.268609, -120.145534 59.267888, -120.14438 59.26734, -120.142924 59.26701, -120.141306 59.26694, -120.13971 59.267143, -120.138212 59.267526, -120.136792 59.268008, -120.135432 59.268526, -120.134098 59.269022, -120.132747 59.269463, -120.131329 59.269811, -120.129851 59.270051, -120.128338 59.270179, -120.126844 59.27014, -120.125501 59.269884, -120.124415 59.269441, -120.123629 59.268861, -120.123105 59.268195, -120.122754 59.267467, -120.122532 59.266693, -120.122425 59.265884, -120.122435 59.265057, -120.122571 59.264222, -120.122831 59.263386, -120.1232 59.262551, -120.123679 59.261721, -120.124286 59.260907, -120.125012 59.260113, -120.125836 59.259341, -120.126627 59.258568, -120.127312 59.257781, -120.127846 59.256976, -120.128283 59.256161, -120.128702 59.255342, -120.129126 59.254526, -120.129542 59.253711, -120.129876 59.252896, -120.12998 59.252086, -120.129715 59.251311, -120.129049 59.250611, -120.127971 59.250053, -120.126511 59.249773, -120.124902 59.249743, -120.123283 59.249914, -120.121724 59.250199, -120.120213 59.250552, -120.118706 59.250933, -120.117184 59.251321, -120.115626 59.251693, -120.11402 59.252013, -120.112372 59.252195, -120.110777 59.252117, -120.10946 59.251754, -120.108601 59.25117, -120.108191 59.250463, -120.108059 59.249711, -120.108044 59.248936, -120.108092 59.248156, -120.108193 59.247374, -120.108421 59.246596, -120.109124 59.245475, -120.109917 59.244808, -120.110988 59.244258, -120.112306 59.243868, -120.113762 59.24361, -120.115285 59.243413, -120.116818 59.243194, -120.118293 59.242886, -120.119643 59.242477, -120.120856 59.241972, -120.121988 59.241404, -120.123084 59.240798, -120.12417 59.240172, -120.125246 59.239545, -120.126332 59.238928, -120.127433 59.238312, -120.128541 59.2377, -120.129635 59.237091, -120.1307 59.236477, -120.131757 59.235856, -120.132828 59.235244, -120.1339 59.234642, -120.134988 59.234045, -120.136103 59.233467, -120.137263 59.232922, -120.138466 59.232401, -120.139694 59.231891, -120.140839 59.231336, -120.141759 59.2307, -120.142339 59.22998, -120.142607 59.229219, -120.142655 59.228443, -120.14263 59.227673, -120.142596 59.226906, -120.142551 59.22614, -120.1425 59.225377, -120.142434 59.224623, -120.142296 59.223881, -120.141907 59.223194, -120.141105 59.222663, -120.139928 59.222449, -120.138729 59.222628, -120.137724 59.223086, -120.136853 59.223672, -120.135979 59.224275, -120.13504 59.224877, -120.133999 59.225449, -120.132855 59.225968, -120.131629 59.226445, -120.130324 59.22687, -120.128943 59.227217, -120.127464 59.227436, -120.125934 59.227471, -120.124414 59.227346, -120.122948 59.227108, -120.121529 59.226805, -120.120155 59.226464, -120.11881 59.226103, -120.117438 59.225782, -120.115962 59.225623, -120.114453 59.225705, -120.113023 59.226025, -120.111698 59.226485, -120.109867 59.227324, -120.108106 59.228223, -120.106898 59.228821, -120.105675 59.22942, -120.104415 59.230022, -120.103094 59.230604, -120.10172 59.231162, -120.100284 59.231685, -120.098781 59.232169, -120.097224 59.232601, -120.095615 59.232989, -120.093955 59.233305, -120.092263 59.233531, -120.090547 59.233682, -120.088822 59.233759, -120.087102 59.233782, -120.085389 59.233755, -120.083681 59.233688, -120.081978 59.233598, -120.080278 59.233496, -120.078588 59.233389, -120.076902 59.233272, -120.075233 59.233132, -120.073597 59.232953, -120.072019 59.232703, -120.070516 59.232385, -120.069031 59.232048, -120.067531 59.231719, -120.066007 59.231416, -120.064468 59.231136, -120.062938 59.23087, -120.060668 59.23049, -120.059161 59.230238, -120.057661 59.22998, -120.056166 59.229712, -120.054671 59.229439, -120.053186 59.229145, -120.051721 59.228829, -120.050275 59.228494, -120.048834 59.228146, -120.0474 59.227789, -120.04596 59.227424, -120.04452 59.227044, -120.043098 59.226651, -120.041721 59.226227, -120.040425 59.225745, -120.039316 59.225166, -120.03849 59.224491, -120.03807 59.223739, -120.038097 59.222954, -120.038566 59.222202, -120.039437 59.221528, -120.040585 59.220959, -120.041832 59.220435, -120.043032 59.219888, -120.044094 59.21927, -120.044913 59.218579, -120.045422 59.217824, -120.045626 59.217028, -120.04556 59.216223, -120.04519 59.215444, -120.044063 59.214386, -120.042966 59.213798, -120.041639 59.213346, -120.03932 59.213008, -120.036863 59.213008, -120.035221 59.213114, -120.033583 59.213267, -120.031955 59.213443, -120.030325 59.213635, -120.0287 59.213837, -120.027082 59.21404, -120.025476 59.214239, -120.023856 59.214444, -120.022215 59.214646, -120.020563 59.214848, -120.018905 59.215035, -120.017259 59.2152, -120.015604 59.215318, -120.013969 59.215291, -120.012448 59.215072, -120.011129 59.214664, -120.010095 59.2141, -120.009487 59.213411, -120.009432 59.212685, -120.00991 59.212017, -120.010796 59.21145, -120.011899 59.210966, -120.013105 59.210514, -120.014412 59.210076, -120.015719 59.209626, -120.017007 59.209167, -120.018277 59.208688, -120.019522 59.208191, -120.020759 59.207679, -120.02198 59.207157, -120.02317 59.206619, -120.024331 59.206061, -120.025458 59.205489, -120.026563 59.204904, -120.027657 59.204315, -120.02874 59.203721, -120.029817 59.203132, -120.030889 59.202553, -120.031963 59.201982, -120.033008 59.201399, -120.034006 59.200799, -120.034931 59.200178, -120.035776 59.199524, -120.036557 59.198856, -120.03729 59.198175, -120.037983 59.197487, -120.038613 59.196794, -120.039227 59.196091, -120.039823 59.195379, -120.040441 59.194674, -120.041129 59.19399, -120.041935 59.193348, -120.042896 59.19277, -120.044015 59.192281, -120.045297 59.191924, -120.046704 59.19177, -120.048798 59.192063, -120.050339 59.192904, -120.051335 59.193995, -120.051868 59.194782, -120.052393 59.195584, -120.052971 59.19639, -120.053601 59.197198, -120.054686 59.198374, -120.056099 59.199411, -120.057297 59.199951, -120.058644 59.200355, -120.060092 59.200644, -120.061599 59.200813, -120.063126 59.200871, -120.065352 59.200756, -120.06679 59.200579, -120.068189 59.200338, -120.06958 59.200075, -120.070991 59.199793, -120.072406 59.199491, -120.073819 59.199162, -120.075223 59.198809, -120.076604 59.198437, -120.077953 59.198043, -120.079158 59.197577, -120.080075 59.197001, -120.080671 59.196345, -120.08114 59.195658, -120.081768 59.195007, -120.082682 59.194473, -120.083826 59.194074, -120.085132 59.193818, -120.086517 59.193641, -120.087958 59.193518, -120.089409 59.193431, -120.090877 59.193353, -120.092354 59.193289, -120.093832 59.193223, -120.095325 59.193178, -120.096841 59.19319, -120.098342 59.1933, -120.09979 59.19354, -120.101136 59.193925, -120.102377 59.194404, -120.103612 59.194889, -120.104885 59.195341, -120.106214 59.195754, -120.107594 59.196105, -120.109022 59.196356, -120.110475 59.196506, -120.111932 59.196558, -120.113366 59.196515, -120.114722 59.196348, -120.115958 59.196042, -120.11709 59.195626, -120.118069 59.19512, -120.118797 59.194524, -120.119274 59.19387, -120.119485 59.193185, -120.119462 59.192492, -120.119044 59.191471, -120.118557 59.190818, -120.117967 59.190183, -120.117287 59.18956, -120.116519 59.188953, -120.115686 59.188371, -120.114842 59.187791, -120.114105 59.187175, -120.113617 59.186502, -120.113396 59.185796, -120.11341 59.185068, -120.113657 59.184338, -120.114116 59.183628, -120.114758 59.182947, -120.115562 59.182297, -120.116494 59.181679, -120.117457 59.181068, -120.118433 59.180458, -120.119363 59.179844, -120.12018 59.179196, -120.12078 59.178492, -120.121132 59.177741, -120.121244 59.176967, -120.121159 59.176194, -120.120947 59.175425, -120.120656 59.174663, -120.120296 59.173909, -120.119906 59.173156, -120.119523 59.172407, -120.119184 59.171657, -120.118897 59.170903, -120.118693 59.170144, -120.118576 59.169391, -120.118555 59.168638, -120.118655 59.167884, -120.118877 59.167135, -120.119282 59.166406, -120.119912 59.165726, -120.120741 59.165108, -120.121708 59.164547, -120.122787 59.164036, -120.123928 59.163553, -120.12507 59.163065, -120.126168 59.162553, -120.127114 59.161976, -120.12783 59.161329, -120.128252 59.16063, -120.128357 59.159914, -120.128132 59.159216, -120.127152 59.157891, -120.126624 59.15723, -120.126102 59.156567, -120.125583 59.155894, -120.125087 59.155212, -120.124655 59.154521, -120.124324 59.153818, -120.124139 59.153105, -120.124078 59.152379, -120.124125 59.151639, -120.124203 59.150895, -120.124244 59.150147, -120.124182 59.149401, -120.123917 59.148273, -120.123567 59.147147, -120.123189 59.146017, -120.122776 59.14488, -120.12218 59.143752, -120.121627 59.143019, -120.120925 59.142319, -120.120026 59.141687, -120.118925 59.141158, -120.117636 59.140763, -120.116211 59.140513, -120.1147 59.140418, -120.113149 59.140471, -120.111606 59.140652, -120.110125 59.140933, -120.108704 59.141279, -120.107311 59.141657, -120.10595 59.142071, -120.104606 59.142505, -120.103274 59.142955, -120.101944 59.143409, -120.100618 59.143854, -120.099276 59.144279, -120.097927 59.144687, -120.096553 59.145057, -120.09514 59.145363, -120.093688 59.145574, -120.092211 59.145685, -120.09073 59.145685, -120.089268 59.145604, -120.087836 59.14546, -120.086469 59.145238, -120.08526 59.144877, -120.084401 59.144356, -120.083952 59.143715, -120.083929 59.143015, -120.084226 59.142322, -120.084755 59.141649, -120.085435 59.140998, -120.086219 59.140372, -120.087103 59.139767, -120.088085 59.139201, -120.089164 59.138693, -120.090343 59.138264, -120.091582 59.137892, -120.092778 59.137509, -120.093801 59.137041, -120.094589 59.136482, -120.095077 59.135853, -120.095195 59.135191, -120.094892 59.134547, -120.094186 59.133993, -120.093167 59.133581, -120.091929 59.133314, -120.09056 59.133181, -120.089129 59.133186, -120.087679 59.133273, -120.086226 59.133384, -120.084771 59.133504, -120.083324 59.133633, -120.081193 59.13375, -120.079814 59.13369, -120.078586 59.133442, -120.077637 59.132997, -120.077098 59.132411, -120.077122 59.131772, -120.077665 59.131199, -120.078583 59.130743, -120.079701 59.130378, -120.080918 59.130064, -120.082186 59.129779, -120.083474 59.129492, -120.084752 59.129192, -120.086014 59.128875, -120.087291 59.128549, -120.088586 59.128224, -120.089889 59.127901, -120.091183 59.127565, -120.092428 59.127196, -120.09354 59.126746, -120.094412 59.126203, -120.094915 59.125573, -120.095027 59.124906, -120.094703 59.124257, -120.093956 59.123691, -120.092889 59.123256, -120.091635 59.122929, -120.090266 59.122696, -120.088876 59.122531, -120.087494 59.122399, -120.086124 59.12228, -120.084758 59.122168, -120.083403 59.122052, -120.082071 59.121917, -120.080734 59.121766, -120.079369 59.121612, -120.077985 59.121458, -120.076618 59.12129, -120.075282 59.121107, -120.073982 59.120902, -120.072717 59.120671, -120.071527 59.12037, -120.07044 59.11999, -120.069466 59.119531, -120.068627 59.119014, -120.067891 59.118464, -120.067241 59.11789, -120.066797 59.117282, -120.066718 59.116659, -120.067018 59.116072, -120.067611 59.115532, -120.068376 59.11504, -120.069196 59.114558, -120.069973 59.114058, -120.070617 59.113523, -120.071074 59.112963, -120.071373 59.112375, -120.071587 59.111783, -120.071836 59.111193, -120.072142 59.110604, -120.072586 59.110035, -120.073296 59.109553, -120.074285 59.109256, -120.076003 59.10924, -120.077166 59.109471, -120.078306 59.10982, -120.079432 59.110224, -120.08056 59.110667, -120.08169 59.111125, -120.082849 59.11157, -120.08403 59.112003, -120.085263 59.112411, -120.086531 59.112804, -120.087838 59.113171, -120.089161 59.113505, -120.09051 59.113764, -120.091878 59.113915, -120.093223 59.113927, -120.094495 59.113779, -120.095601 59.113468, -120.09641 59.11299, -120.096817 59.112389, -120.096815 59.111725, -120.096469 59.11106, -120.095885 59.110423, -120.09513 59.109814, -120.094333 59.109226, -120.093456 59.108659, -120.092509 59.108102, -120.091474 59.107569, -120.090381 59.107057, -120.089256 59.106554, -120.088091 59.106059, -120.086894 59.105578, -120.0857 59.105107, -120.084513 59.10464, -120.083345 59.104182, -120.082196 59.103737, -120.081037 59.103303, -120.079847 59.102879, -120.078636 59.10246, -120.077401 59.102049, -120.076162 59.101647, -120.074916 59.101255, -120.073642 59.100877, -120.072363 59.100515, -120.071092 59.100157, -120.069876 59.099776, -120.0688 59.099328, -120.06801 59.098788, -120.067618 59.098175, -120.06764 59.097538, -120.067982 59.096926, -120.068785 59.096391, -120.069769 59.09592, -120.070824 59.095476, -120.071894 59.095036, -120.072917 59.094576, -120.073769 59.094044, -120.074308 59.093429, -120.074405 59.09277, -120.074017 59.092134, -120.073279 59.091561, -120.072315 59.091044, -120.071252 59.090557, -120.06955 59.089881, -120.068356 59.089468, -120.067124 59.089075, -120.06588 59.088692, -120.064649 59.088314, -120.063418 59.087943, -120.062232 59.087542, -120.061125 59.087091, -120.060104 59.086597, -120.059166 59.08607, -120.058243 59.085537, -120.057308 59.08501, -120.056321 59.084492, -120.055221 59.084029, -120.053965 59.083656, -120.052584 59.08338, -120.05114 59.08317, -120.049673 59.08299, -120.048215 59.082822, -120.046757 59.082672, -120.045315 59.08253, -120.043872 59.082395, -120.042417 59.082275, -120.040952 59.082191, -120.039494 59.082161, -120.038044 59.082185, -120.0366 59.082253, -120.03516 59.08234, -120.033712 59.082429, -120.032259 59.082526, -120.030786 59.082623, -120.029288 59.082678, -120.027819 59.082601, -120.026516 59.08232, -120.025487 59.081854, -120.024761 59.081259, -120.024352 59.080599, -120.024163 59.080004, -120.012826 59.074606, -120.001409 59.069915, -119.997391 59.064709, -119.993169 59.060752, -119.986323 59.057936, -119.985534 59.052872, -119.986684 59.050827, -119.994215 59.049481, -120.005967 59.052092, -120.00926 59.051817, -120.013257 59.050527, -120.012855 59.050237, -120.012003 59.049256, -120.011593 59.04857, -120.011203 59.047877, -120.010812 59.047182, -120.010411 59.046482, -120.010004 59.045776, -120.009603 59.04507, -120.009206 59.044364, -120.0088 59.04366, -120.008367 59.042963, -120.007943 59.042267, -120.007552 59.04158, -120.007313 59.040886, -120.007372 59.040186, -120.007746 59.039513, -120.008406 59.038893, -120.009223 59.038302, -120.010104 59.037719, -120.010965 59.037126, -120.011739 59.036503, -120.012398 59.035852, -120.012944 59.035179, -120.013396 59.034497, -120.013848 59.033822, -120.014322 59.033159, -120.014812 59.032503, -120.015308 59.031854, -120.015859 59.031224, -120.016491 59.030621, -120.017103 59.030011, -120.017634 59.029371, -120.018057 59.028707, -120.018321 59.028012, -120.018396 59.027294, -120.018353 59.026553, -120.018202 59.025807, -120.017992 59.025064, -120.017764 59.024326, -120.017627 59.023586, -120.017755 59.02285, -120.018169 59.022156, -120.018746 59.021499, -120.019395 59.020857, -120.020079 59.020233, -120.020755 59.019612, -120.021446 59.018992, -120.022133 59.018367, -120.022809 59.017738, -120.023446 59.0171, -120.024082 59.016453, -120.024801 59.015826, -120.025682 59.015253, -120.026748 59.014752, -120.027973 59.014334, -120.029312 59.014005, -120.030701 59.013721, -120.032122 59.013469, -120.03356 59.013237, -120.035023 59.013015, -120.036479 59.012787, -120.037927 59.012552, -120.039337 59.012305, -120.040716 59.012042, -120.042824 59.011702, -120.044984 59.01167, -120.046398 59.011809, -120.047809 59.012039, -120.049203 59.012332, -120.050133 59.012565, -120.050831 59.012351, -120.053035 59.011293, -120.057342 59.0098, -120.061327 59.009029, -120.068624 59.009136, -120.07222 59.010761, -120.078473 59.012292, -120.084323 59.013804, -120.093586 59.015569, -120.099623 59.015935, -120.105054 59.016274, -120.107643 59.017855, -120.105457 59.018811, -120.102194 59.020139, -120.099385 59.021173, -120.093718 59.021033, -120.088589 59.020077, -120.086353 59.018825, -120.084655 59.018017, -120.08131 59.017348, -120.075726 59.017946, -120.072179 59.017267, -120.069557 59.015894, -120.064396 59.015145, -120.060998 59.016047, -120.059723 59.017092, -120.060064 59.017473, -120.060518 59.018188, -120.060855 59.018913, -120.061155 59.019636, -120.061553 59.020339, -120.062172 59.020974, -120.06302 59.021507, -120.064095 59.021881, -120.065308 59.022087, -120.066584 59.022177, -120.067871 59.022189, -120.069155 59.022137, -120.070447 59.022046, -120.071748 59.021926, -120.073057 59.021789, -120.074375 59.021655, -120.075698 59.021521, -120.077034 59.0214, -120.078401 59.021364, -120.07975 59.021469, -120.081018 59.021726, -120.082078 59.022157, -120.082808 59.02274, -120.083108 59.023408, -120.083042 59.024092, -120.082673 59.024749, -120.082166 59.025399, -120.081609 59.026055, -120.081065 59.026727, -120.080557 59.027417, -120.080093 59.028116, -120.079706 59.028823, -120.079403 59.029537, -120.079184 59.030257, -120.079016 59.030984, -120.078888 59.031712, -120.078771 59.032443, -120.078658 59.033175, -120.078552 59.033903, -120.078462 59.03463, -120.078393 59.035355, -120.078365 59.036085, -120.078414 59.036813, -120.078577 59.037533, -120.078885 59.038245, -120.079347 59.038939, -120.079945 59.0396, -120.080678 59.040214, -120.082026 59.041042, -120.083041 59.041536, -120.084125 59.041977, -120.085302 59.042314, -120.086541 59.042469, -120.087753 59.042402, -120.088797 59.042126, -120.089604 59.041688, -120.090089 59.041143, -120.090243 59.040542, -120.090227 59.039941, -120.090172 59.039347, -120.090221 59.038757, -120.090522 59.038192, -120.091117 59.037686, -120.091949 59.03726, -120.092938 59.036903, -120.093969 59.036554, -120.095 59.036191, -120.095995 59.035801, -120.096934 59.035383, -120.097827 59.034942, -120.098682 59.034488, -120.099565 59.034071, -120.100545 59.033753, -120.101625 59.033612, -120.102665 59.033746, -120.103437 59.034135, -120.103821 59.034666, -120.103903 59.03525, -120.103814 59.035846, -120.103677 59.036445, -120.103638 59.037047, -120.10383 59.037641, -120.10422 59.038207, -120.104956 59.038668, -120.105887 59.038988, -120.10695 59.039148, -120.108072 59.039186, -120.109215 59.039157, -120.110356 59.039077, -120.11138 59.038859, -120.112126 59.038477, -120.11257 59.037995, -120.112522 59.037418, -120.112282 59.036835, -120.112187 59.036242, -120.11227 59.03565, -120.112438 59.035065, -120.11259 59.034483, -120.11272 59.033891, -120.112822 59.033285, -120.112836 59.032675, -120.112717 59.032062, -120.112387 59.031454, -120.111805 59.030875, -120.111042 59.030331, -120.110168 59.029815, -120.109232 59.029316, -120.108323 59.028805, -120.107544 59.028261, -120.107091 59.027657, -120.107293 59.026766, -120.108 59.026308, -120.108987 59.026008, -120.110712 59.025844, -120.112491 59.025914, -120.113678 59.026014, -120.114858 59.026113, -120.116046 59.026215, -120.117242 59.026311, -120.118429 59.026393, -120.119611 59.026475, -120.120788 59.026548, -120.121945 59.026627, -120.12309 59.026734, -120.124199 59.026919, -120.125205 59.027218, -120.126037 59.027636, -120.126729 59.028114, -120.127416 59.028592, -120.128162 59.029029, -120.128961 59.029434, -120.129831 59.029804, -120.130759 59.030115, -120.131784 59.030368, -120.13287 59.030542, -120.133969 59.030616, -120.134989 59.030502, -120.135831 59.03019, -120.13636 59.029729, -120.136562 59.029189, -120.136543 59.028617, -120.136529 59.028024, -120.13674 59.027441, -120.137289 59.026943, -120.138111 59.026554, -120.139109 59.026256, -120.140171 59.026007, -120.141272 59.025763, -120.142375 59.025522, -120.14351 59.025304, -120.144661 59.025136, -120.145837 59.025042, -120.147019 59.025053, -120.148113 59.025213, -120.14908 59.02551, -120.149909 59.0259, -120.150655 59.026348, -120.151346 59.026847, -120.151883 59.027263, -120.153495 59.026261, -120.154103 59.02247, -120.15199 59.019518, -120.155993 59.01759, -120.161433 59.015914, -120.163359 59.015424, -120.17033 59.015721, -120.176321 59.015213, -120.178152 59.013001, -120.176922 59.009133, -120.176918 59.006843, -120.182446 59.004598, -120.186446 59.002669, -120.192828 58.999697, -120.201444 58.998918, -120.208045 58.999197, -120.207227 59.002025, -120.203288 59.003575, -120.2014 59.006166, -120.200184 59.009168, -120.19634 59.012439, -120.193013 59.014778, -120.191334 59.016042, -120.195833 59.017951, -120.195621 59.019277, -120.192289 59.019327, -120.189383 59.019013, -120.187398 59.019882, -120.188197 59.021824, -120.191288 59.023291, -120.198135 59.022055, -120.20278 59.020726, -120.207394 59.019586, -120.21128 59.020704, -120.212477 59.022472, -120.203645 59.024579, -120.202364 59.025669, -120.203103 59.02799, -120.204728 59.029395, -120.204396 59.03148, -120.205383 59.034575, -120.20566 59.035159, -120.206887 59.036737, -120.211907 59.037713, -120.21692 59.036398, -120.221265 59.036964, -120.227177 59.039312, -120.23162 59.041598, -120.235359 59.043664, -120.240658 59.045223, -120.248745 59.047852, -120.249409 59.050416, -120.249575 59.050358, -120.250593 59.049991, -120.251563 59.049609, -120.252482 59.049196, -120.253346 59.048753, -120.254155 59.048269, -120.25489 59.047747, -120.255572 59.047207, -120.256222 59.046656, -120.256877 59.046103, -120.257593 59.045572, -120.258234 59.045188, -120.257174 59.043627, -120.258267 59.041383, -120.258566 59.039488, -120.255589 59.037264, -120.253685 59.035276, -120.252515 59.033319, -120.253429 59.032213, -120.25832 59.031655, -120.263123 59.031665, -120.265593 59.030052, -120.268552 59.028288, -120.267996 59.023347, -120.266431 59.020449, -120.265099 59.016071, -120.264201 59.012605, -120.268896 59.010268, -120.272591 59.008783, -120.278649 59.00695, -120.283466 59.005661, -120.287826 59.003607, -120.291141 59.002702, -120.295246 59.002277, -120.301435 59.003281, -120.309173 59.003603, -120.314124 59.005151, -120.31614 59.007023, -120.318855 59.009968, -120.320917 59.011544, -120.324414 59.013179, -120.328117 59.013482, -120.331626 59.013181, -120.33587 59.011866, -120.339161 59.011108, -120.342176 59.012127, -120.344481 59.014011, -120.342829 59.017221, -120.335821 59.019614, -120.326759 59.02222, -120.318625 59.024416, -120.31283 59.026411, -120.312375 59.026642, -120.312262 59.029329, -120.312156 59.032377, -120.307586 59.035621, -120.304086 59.039101, -120.303494 59.042892, -120.305431 59.04469, -120.306941 59.046851, -120.305087 59.049254, -120.303968 59.051688, -120.304317 59.054183, -120.301123 59.058057, -120.29899 59.059876, -120.296122 59.061664, -120.290157 59.063491, -120.290318 59.064103, -120.290521 59.064791, -120.290725 59.065485, -120.290964 59.066178, -120.291291 59.066861, -120.291699 59.067538, -120.292108 59.068216, -120.292348 59.068921, -120.292377 59.06965, -120.292219 59.070393, -120.291955 59.071131, -120.2915 59.07222, -120.291146 59.072946, -120.290721 59.073673, -120.290227 59.074395, -120.289692 59.075109, -120.289152 59.075819, -120.288659 59.076541, -120.288659 59.076541, -120.287766 59.08025, -120.287738 59.080992, -120.287675 59.081733, -120.287568 59.08247, -120.287402 59.083206, -120.287141 59.083934, -120.286805 59.084652, -120.28647 59.085368, -120.286247 59.086086, -120.286227 59.086808, -120.286438 59.087509, -120.286834 59.088185, -120.287425 59.088806, -120.288222 59.08935, -120.289209 59.089792, -120.290338 59.090103, -120.291535 59.090296, -120.292757 59.090384, -120.293977 59.090355, -120.29511 59.090175, -120.296089 59.089858, -120.296864 59.089415, -120.297339 59.088866, -120.297515 59.088263, -120.297435 59.087652, -120.29722 59.087047, -120.296973 59.086434, -120.29676 59.085811, -120.296738 59.085177, -120.297091 59.08458, -120.297857 59.084092, -120.298869 59.083709, -120.299976 59.083379, -120.301101 59.08307, -120.302223 59.082771, -120.303328 59.082479, -120.304467 59.082222, -120.305689 59.082081, -120.306915 59.08216, -120.307894 59.082527, -120.308415 59.083087, -120.308435 59.083723, -120.308255 59.084352, -120.308062 59.084986, -120.307882 59.085625, -120.307756 59.086268, -120.307666 59.086921, -120.307613 59.087593, -120.307608 59.088284, -120.307808 59.088964, -120.308312 59.089582, -120.309069 59.090131, -120.310487 59.090806, -120.312039 59.091377, -120.313408 59.091985, -120.313919 59.092485, -120.3139 59.093, -120.312955 59.09351, -120.31195 59.093575, -120.310851 59.093463, -120.309728 59.093296, -120.308583 59.093161, -120.307426 59.093123, -120.306283 59.09325, -120.305246 59.09355, -120.304347 59.093978, -120.304103 59.094163, -120.305884 59.096224, -120.307943 59.097264, -120.314753 59.098691, -120.319298 59.100406, -120.3209 59.101999, -120.324004 59.103463, -120.327948 59.101909, -120.329715 59.100075, -120.332319 59.099991, -120.332848 59.101349, -120.333995 59.103495, -120.335816 59.103784, -120.336519 59.103744, -120.337723 59.103645, -120.33893 59.103524, -120.34015 59.103398, -120.341375 59.103402, -120.342514 59.103617, -120.343476 59.104017, -120.344182 59.104568, -120.344386 59.104914, -120.347061 59.105179, -120.353536 59.1064, -120.361203 59.107098, -120.366897 59.106187, -120.371973 59.104487, -120.374828 59.105177, -120.372947 59.107771, -120.373581 59.11085, -120.377307 59.113101, -120.37956 59.115292, -120.382935 59.119819, -120.385044 59.122958, -120.388993 59.126173, -120.387701 59.129745, -120.384773 59.131915, -120.380372 59.134024, -120.376928 59.137127, -120.376283 59.141298, -120.378112 59.143853, -120.376228 59.146447, -120.375893 59.151013, -120.375557 59.155579, -120.374234 59.159341, -120.373617 59.163322, -120.372897 59.165583, -120.371514 59.169724, -120.372061 59.173372, -120.373037 59.176656, -120.377389 59.179696, -120.378792 59.182616, -120.3744 59.187016, -120.370922 59.190308, -120.368278 59.192301, -120.368471 59.192461, -120.369154 59.193054, -120.369481 59.19369, -120.369267 59.194304, -120.368572 59.194792, -120.36763 59.195159, -120.366594 59.195475, -120.365546 59.1958, -120.364809 59.196128, -120.364815 59.196183, -120.365879 59.198898, -120.368359 59.202053, -120.372034 59.204684, -120.376951 59.208893, -120.376112 59.211912, -120.372514 59.215963, -120.370169 59.219111, -120.369019 59.221735, -120.365566 59.224838, -120.363071 59.224627, -120.362795 59.224839, -120.361846 59.225304, -120.360789 59.225707, -120.359618 59.226031, -120.358379 59.226297, -120.357063 59.226481, -120.355686 59.226576, -120.354279 59.22658, -120.352849 59.226519, -120.351399 59.226425, -120.349937 59.226342, -120.348469 59.226346, -120.347035 59.22649, -120.345713 59.226802, -120.34451 59.227258, -120.343365 59.227774, -120.342182 59.228288, -120.340235 59.228939, -120.338848 59.229296, -120.337408 59.229602, -120.335176 59.229979, -120.332903 59.2303, -120.331382 59.230491, -120.329863 59.230665, -120.328337 59.230823, -120.326805 59.230962, -120.325257 59.231104, -120.323695 59.231226, -120.322126 59.23132, -120.320549 59.231374, -120.319619 59.231364, -120.31897 59.231358, -120.317417 59.231251, -120.315909 59.23106, -120.314435 59.230844, -120.312958 59.230684, -120.31147 59.230617, -120.309968 59.230648, -120.308947 59.230758, -120.308489 59.230807, -120.307086 59.231102, -120.305748 59.231465, -120.30439 59.231788, -120.302943 59.231974, -120.30147 59.232003, -120.300014 59.231941, -120.298574 59.231839, -120.297126 59.231746, -120.295649 59.231685, -120.294131 59.231682, -120.292598 59.231743, -120.291078 59.231854, -120.289587 59.231977, -120.288098 59.23209, -120.286604 59.232172, -120.285116 59.232202, -120.283637 59.232202, -120.282151 59.232181, -120.280657 59.232158, -120.279157 59.232151, -120.27765 59.232167, -120.276134 59.232194, -120.274622 59.232213, -120.273109 59.232218, -120.271599 59.232207, -120.270097 59.232183, -120.268609 59.232151, -120.267133 59.232113, -120.265679 59.232093, -120.264259 59.232163, -120.262974 59.232435, -120.26198 59.232913, -120.261383 59.233532, -120.261198 59.234216, -120.261378 59.234898, -120.261786 59.235567, -120.262325 59.236217, -120.262783 59.236891, -120.262925 59.237591, -120.262556 59.238232, -120.261725 59.238706, -120.26004 59.238964, -120.258886 59.238857, -120.257763 59.238651, -120.256667 59.238346, -120.255564 59.238039, -120.25442 59.237723, -120.253251 59.23741, -120.252068 59.237097, -120.250859 59.236791, -120.249554 59.236555, -120.248133 59.23646, -120.246651 59.236511, -120.245146 59.236639, -120.243647 59.236737, -120.242173 59.236726, -120.240817 59.236525, -120.239675 59.236149, -120.238849 59.235627, -120.23837 59.235019, -120.238198 59.234373, -120.238147 59.233727, -120.238008 59.233087, -120.237607 59.232473, -120.236903 59.231927, -120.235988 59.231453, -120.23493 59.231034, -120.233766 59.23067, -120.232531 59.230355, -120.231274 59.230044, -120.230051 59.229679, -120.228908 59.229249, -120.22783 59.228791, -120.224447 59.227596, -120.223142 59.227537, -120.221922 59.227764, -120.220971 59.228238, -120.220344 59.228863, -120.219984 59.229552, -120.219872 59.230274, -120.220035 59.23101, -120.220419 59.231734, -120.220963 59.232438, -120.221585 59.233136, -120.222063 59.23385, -120.222086 59.23458, -120.221512 59.235212, -120.220475 59.235603, -120.219246 59.235732, -120.217998 59.235735, -120.216746 59.235775, -120.21552 59.235982, -120.214462 59.236358, -120.213747 59.236906, -120.213471 59.23757, -120.213474 59.238254, -120.213438 59.238935, -120.21304 59.239566, -120.212275 59.240053, -120.211247 59.240349, -120.210085 59.240486, -120.208221 59.240549, -120.206315 59.240497, -120.205055 59.240375, -120.203842 59.240171, -120.202676 59.239891, -120.201024 59.239395, -120.199872 59.239117, -120.198645 59.238972, -120.197383 59.23908, -120.196328 59.239464, -120.195572 59.24003, -120.194915 59.24065, -120.194308 59.241297, -120.193812 59.241976, -120.193445 59.242689, -120.193326 59.243431, -120.193446 59.244179, -120.193641 59.244926, -120.193856 59.245684, -120.194105 59.246454, -120.194374 59.247229, -120.194679 59.248001, -120.195024 59.248774, -120.195412 59.249542, -120.195805 59.250317, -120.196173 59.251106, -120.196535 59.251899, -120.19689 59.252703, -120.197309 59.253507, -120.197917 59.254277, -120.198768 59.254969, -120.199803 59.255594, -120.20095 59.256176, -120.202171 59.256721, -120.203465 59.257199, -120.204819 59.257616, -120.206245 59.257951, -120.207689 59.258252, -120.209149 59.258538, -120.210611 59.258804, -120.212073 59.259045, -120.213566 59.259195, -120.215066 59.259188, -120.216498 59.259021, -120.217891 59.258772, -120.219288 59.258504, -120.22068 59.258217, -120.222075 59.25792, -120.223463 59.257618, -120.224842 59.257314, -120.226241 59.257028, -120.227678 59.256795, -120.229159 59.256663, -120.230679 59.256671, -120.232164 59.256864, -120.233575 59.257177, -120.234965 59.257539, -120.236395 59.257878, -120.23787 59.258174, -120.23938 59.258406, -120.240883 59.25863, -120.243133 59.259022, -120.244605 59.25936, -120.245957 59.259827, -120.247546 59.260775, -120.248851 59.261815, -120.250126 59.262817, -120.251029 59.263428, -120.252086 59.263917, -120.253294 59.264204, -120.25453 59.264235, -120.255612 59.263991, -120.256406 59.263546, -120.256876 59.262979, -120.257261 59.262377, -120.257921 59.261831, -120.258891 59.261421, -120.260036 59.261133, -120.261277 59.260948, -120.26258 59.26093, -120.263807 59.261164, -120.264813 59.261593, -120.26557 59.262142, -120.266141 59.262768, -120.266744 59.263406, -120.267512 59.264005, -120.26847 59.264535, -120.269539 59.26503, -120.270701 59.2655, -120.2719 59.265961, -120.273107 59.266421, -120.274315 59.266888, -120.275521 59.26737, -120.276741 59.267857, -120.277961 59.268349, -120.279192 59.268842, -120.280436 59.269334, -120.281679 59.269835, -120.282882 59.270364, -120.284079 59.270899, -120.285239 59.271456, -120.286356 59.272047, -120.287392 59.272675, -120.288283 59.273355, -120.288599 59.273659, -120.290277 59.273683, -120.294432 59.273283, -120.297519 59.274937, -120.299259 59.278063, -120.3001 59.279816, -120.303617 59.281107, -120.306854 59.281813, -120.306187 59.283694, -120.303021 59.284899, -120.299324 59.284746, -120.295157 59.282856, -120.29065 59.28076, -120.285065 59.278429, -120.281149 59.277312, -120.276624 59.277697, -120.273488 59.278712, -120.269152 59.280249, -120.265516 59.279716, -120.263358 59.279244, -120.260576 59.279128, -120.259597 59.279485, -120.258694 59.280068, -120.257943 59.28073, -120.257186 59.281396, -120.256267 59.282016, -120.255087 59.282509, -120.253706 59.282846, -120.252213 59.283035, -120.250695 59.283122, -120.249153 59.283155, -120.247604 59.283166, -120.246047 59.283169, -120.24449 59.283169, -120.242922 59.283157, -120.241339 59.283118, -120.239751 59.283047, -120.238173 59.282953, -120.236593 59.282847, -120.235022 59.282712, -120.233477 59.282539, -120.23194 59.282351, -120.230391 59.282167, -120.228816 59.282008, -120.227225 59.281872, -120.225622 59.281745, -120.224012 59.281616, -120.222415 59.281473, -120.220825 59.281325, -120.219237 59.281179, -120.217644 59.281037, -120.216034 59.280932, -120.214402 59.280915, -120.212792 59.28105, -120.2113 59.281378, -120.209971 59.281859, -120.208754 59.28243, -120.207752 59.282974, -120.206933 59.283463, -120.208342 59.284767, -120.212596 59.286091, -120.217159 59.28781, -120.22173 59.29182, -120.220228 59.294238, -120.217949 59.294524, -120.211821 59.295603, -120.206432 59.296713, -120.201722 59.298233, -120.199873 59.298155, -120.199346 59.296796, -120.197553 59.294048, -120.195081 59.29089, -120.193871 59.28683, -120.194733 59.284491, -120.194393 59.284301, -120.19318 59.28372, -120.191872 59.283188, -120.190473 59.282705, -120.189017 59.282252, -120.187569 59.281781, -120.186176 59.28127, -120.1841 59.280494, -120.182764 59.279945))"
101,2023-07-29 10:30:57,2023060701,2023,192.9,Digitized from image,1686121200000,1686702984000,Under Control,JA70003000,1928719.5317,6543.4959,194,8edaa708-1586-40f0-a6aa-41d140d541a8,6815948.390625,12301.2475791152,https://wildfiresituation.nrs.gov.bc.ca/incidents?fireYear=2023&incidentNumber=G90565,"POLYGON ((-123.930494 57.92285, -123.930016 57.922425, -123.929313 57.922205, -123.928585 57.921795, -123.92821 57.921466, -123.927337 57.921072, -123.926669 57.920872, -123.926027 57.920843, -123.925001 57.921283, -123.924533 57.921352, -123.924147 57.921213, -123.923244 57.920724, -123.922622 57.920334, -123.921632 57.919483, -123.921509 57.91912, -123.921767 57.918658, -123.922026 57.918178, -123.922036 57.917361, -123.922034 57.916734, -123.921632 57.916243, -123.920852 57.915804, -123.920269 57.915035, -123.919985 57.914836, -123.919565 57.914834, -123.919274 57.915257, -123.918972 57.915869, -123.918496 57.916066, -123.917976 57.916091, -123.917568 57.915866, -123.917293 57.915511, -123.916611 57.914754, -123.916274 57.914545, -123.916303 57.914023, -123.916518 57.913361, -123.917083 57.912848, -123.917189 57.912624, -123.917605 57.912613, -123.917876 57.91261, -123.917959 57.91261, -123.918365 57.912616, -123.918702 57.91256, -123.918986 57.912441, -123.919284 57.912277, -123.919368 57.912231, -123.919651 57.912059, -123.920035 57.911904, -123.920335 57.911803, -123.920654 57.911719, -123.921091 57.911599, -123.92134 57.911472, -123.92169 57.911263, -123.921971 57.911026, -123.922086 57.910918, -123.922315 57.910683, -123.922511 57.91043, -123.922677 57.910259, -123.922972 57.909995, -123.92329 57.909796, -123.923624 57.909562, -123.923785 57.909628, -123.924571 57.909972, -123.925198 57.909935, -123.925506 57.909227, -123.926152 57.908857, -123.92679 57.90863, -123.927402 57.908544, -123.927627 57.908348, -123.927622 57.90812, -123.927885 57.907896, -123.928715 57.907757, -123.929676 57.907497, -123.930368 57.907593, -123.930763 57.907884, -123.931104 57.908174, -123.931543 57.908323, -123.933066 57.908252, -123.934148 57.908079, -123.935592 57.907816, -123.937105 57.907935, -123.93834 57.908239, -123.938859 57.908541, -123.93939 57.908645, -123.940037 57.908579, -123.94064 57.908654, -123.94101 57.909088, -123.940888 57.909352, -123.941041 57.90958, -123.941379 57.909853, -123.942412 57.910582, -123.943373 57.910976, -123.944663 57.911253, -123.945503 57.911912, -123.945329 57.912811, -123.944772 57.913183, -123.943963 57.913265, -123.943485 57.913514, -123.943257 57.913758, -123.943091 57.914173, -123.943084 57.914629, -123.942798 57.914957, -123.942071 57.915183, -123.941706 57.91532, -123.941861 57.91575, -123.942284 57.916184, -123.942523 57.91671, -123.942257 57.91701, -123.941856 57.917137, -123.941324 57.917072, -123.94103 57.917219, -123.940982 57.917427, -123.940593 57.917678, -123.939871 57.917809, -123.939222 57.918227, -123.939181 57.918986, -123.93968 57.919658, -123.940616 57.920528, -123.941031 57.921104, -123.941092 57.921628, -123.940635 57.921811, -123.939915 57.921894, -123.939022 57.921881, -123.938692 57.922027, -123.938752 57.922237, -123.938951 57.922525, -123.938431 57.92274, -123.938109 57.922873, -123.93727 57.922851, -123.935087 57.922561, -123.934006 57.922715, -123.93374 57.922996, -123.933715 57.923451, -123.93338 57.923693, -123.932114 57.923939, -123.931179 57.924039, -123.930325 57.923969, -123.929874 57.923715, -123.930008 57.923223, -123.930494 57.92285))"
102,2023-07-29 10:30:57,2023072402,2023,27734.1,Derived from satellite imagery,1690182000000,1690240491000,Out of Control,JA70003000,277341492.9306,129487.6986,195,94c003c9-9be7-4d64-a30d-bb234355ee76,1011515688.90625,247335.488048055,https://wildfiresituation.nrs.gov.bc.ca/incidents?fireYear=2023&incidentNumber=G90628,"POLYGON ((-120.394215 58.567109, -120.392975 58.559587, -120.391171 58.555777, -120.389118 58.553617, -120.383057 58.551705, -120.37706 58.54938, -120.366742 58.549365, -120.35939 58.550719, -120.353237 58.554612, -120.351029 58.55867, -120.345442 58.558852, -120.34115 58.555767, -120.33386 58.556707, -120.330514 58.557811, -120.323603 58.556276, -120.315179 58.554262, -120.309312 58.551109, -120.308587 58.550664, -120.31091 58.548067, -120.309361 58.547251, -120.308876 58.546938, -120.307164 58.545586, -120.306536 58.544846, -120.306104 58.543689, -120.306631 58.542165, -120.307438 58.541043, -120.308313 58.539914, -120.309666 58.538926, -120.3102 58.538629, -120.310745 58.538333, -120.314803 58.536318, -120.315755 58.535662, -120.316089 58.535323, -120.316124 58.534547, -120.315868 58.534159, -120.315533 58.533784, -120.314217 58.532286, -120.314019 58.531894, -120.313694 58.53029, -120.313907 58.529483, -120.315626 58.52717, -120.316548 58.526507, -120.317118 58.526241, -120.318425 58.525824, -120.321258 58.525171, -120.321937 58.524993, -120.323936 58.523995, -120.324344 58.523001, -120.324382 58.522233, -120.325391 58.520937, -120.327162 58.520516, -120.327851 58.520476, -120.33004 58.520414, -120.330801 58.520403, -120.333007 58.520644, -120.333637 58.520858, -120.334203 58.521123, -120.3352 58.521761, -120.336988 58.523206, -120.337462 58.523571, -120.33989 58.524609, -120.341973 58.52457, -120.343041 58.524143, -120.343699 58.523179, -120.343607 58.522772, -120.343771 58.520474, -120.343845 58.519301, -120.343818 58.518496, -120.344128 58.517774, -120.344936 58.51727, -120.345456 58.5171, -120.346528 58.516816, -120.347436 58.516455, -120.348116 58.515757, -120.347689 58.515236, -120.347258 58.515054, -120.346454 58.514816, -120.345665 58.514689, -120.343925 58.514648, -120.34309 58.514738, -120.340505 58.51509, -120.336198 58.515613, -120.334453 58.515773, -120.333569 58.515841, -120.331791 58.515924, -120.327478 58.515482, -120.326006 58.515021, -120.324789 58.514421, -120.319061 58.511076, -120.317374 58.509518, -120.314755 58.50771, -120.312266 58.506375, -120.311634 58.506035, -120.305346 58.502597, -120.304005 58.501929, -120.302656 58.501265, -120.301814 58.500809, -120.300746 58.500231, -120.299271 58.499098, -120.29883 58.498721, -120.297798 58.498056, -120.297149 58.497805, -120.296413 58.497627, -120.294789 58.497459, -120.292677 58.49741, -120.291519 58.500149, -120.290812 58.500641, -120.287621 58.502861, -120.280762 58.50341, -120.265793 58.49852, -120.268746 58.491976, -120.253551 58.491055, -120.242783 58.488935, -120.237656 58.486226, -120.243809 58.482338, -120.244988 58.481995, -120.247055 58.477227, -120.247699 58.473084, -120.249184 58.467189, -120.247903 58.464454, -120.245744 58.462165, -120.236402 58.461766, -120.225337 58.462722, -120.21755 58.464533, -120.215639 58.468026, -120.216218 58.473056, -120.214196 58.477259, -120.211606 58.480723, -120.208004 58.486288, -120.204568 58.490788, -120.200565 58.494548, -120.193958 58.497482, -120.18605 58.500001, -120.176784 58.502462, -120.170062 58.506104, -120.163277 58.505811, -120.163217 58.505434, -120.157833 58.506166, -120.147878 58.505294, -120.144329 58.506461, -120.140689 58.509971, -120.137975 58.512935, -120.134797 58.515291, -120.128647 58.515171, -120.12187 58.513702, -120.118388 58.510909, -120.113794 58.509828, -120.107737 58.509124, -120.101402 58.510168, -120.09653 58.509074, -120.095626 58.505953, -120.095071 58.502407, -120.093193 58.500124, -120.090783 58.495909, -120.09285 58.491744, -120.098278 58.491102, -120.106882 58.491625, -120.116322 58.492183, -120.123953 58.491782, -120.133787 58.491623, -120.141117 58.493116, -120.145455 58.494038, -120.149006 58.496393, -120.149703 58.497303, -120.155037 58.49548, -120.157701 58.492808, -120.160141 58.49127, -120.158844 58.486313, -120.157197 58.479449, -120.155551 58.472585, -120.15306 58.466757, -120.147181 58.460782, -120.144127 58.454214, -120.144348 58.448503, -120.145359 58.442112, -120.15032 58.436608, -120.150735 58.433977, -120.144363 58.428589, -120.132553 58.427818, -120.113358 58.42466, -120.11168 58.42431, -120.110678 58.42545, -120.10957 58.429704, -120.109105 58.432628, -120.108568 58.436001, -120.10728 58.441379, -120.103955 58.443272, -120.097125 58.448181, -120.091118 58.447918, -120.08254 58.444824, -120.08265 58.441432, -120.083082 58.438734, -120.083549 58.43581, -120.086481 58.433674, -120.088735 58.430377, -120.087772 58.428296, -120.084808 58.425222, -120.087277 58.420575, -120.088239 58.418124, -120.086853 58.41428, -120.09153 58.412521, -120.099274 58.40115, -120.112556 58.396999, -120.116592 58.393169, -120.119583 58.39006, -120.120407 58.38908, -120.121208 58.3853, -120.134697 58.380299, -120.149231 58.382599, -120.163597 58.382889, -120.1647 58.382841, -120.16606 58.382637, -120.172775 58.381498, -120.1768 58.380147, -120.178584 58.378032, -120.179218 58.376527, -120.176816 58.376423, -120.169068 58.375193, -120.16578 58.374455, -120.166246 58.371497, -120.170556 58.365726, -120.176699 58.362715, -120.18754 58.362291, -120.192277 58.361006, -120.197338 58.35765, -120.204751 58.357374, -120.214888 58.357811, -120.224795 58.359726, -120.235692 58.362576, -120.242464 58.366441, -120.245764 58.370752, -120.248548 58.374743, -120.249881 58.377806, -120.250633 58.377762, -120.253975 58.382696, -120.262563 58.381872, -120.266106 58.384513, -120.265724 58.386987, -120.264959 58.391934, -120.259943 58.393905, -120.258477 58.395536, -120.261029 58.396722, -120.265356 58.398098, -120.265036 58.400169, -120.264198 58.401921, -120.259687 58.401728, -120.255912 58.401231, -120.257394 58.404234, -120.258483 58.404955, -120.258885 58.405368, -120.259363 58.406276, -120.259618 58.407226, -120.259768 58.4077, -120.259979 58.408163, -120.261811 58.409668, -120.262508 58.409906, -120.263268 58.410077, -120.264875 58.410264, -120.267361 58.410478, -120.269829 58.410853, -120.271463 58.411166, -120.272265 58.411348, -120.274337 58.412138, -120.2748 58.412504, -120.275115 58.412908, -120.275308 58.41333, -120.275429 58.413762, -120.275717 58.415082, -120.275885 58.415522, -120.27738 58.417098, -120.278634 58.417671, -120.280153 58.418035, -120.281818 58.418213, -120.283528 58.41826, -120.285225 58.418206, -120.287756 58.418024, -120.290282 58.41809, -120.291781 58.418451, -120.292978 58.419048, -120.294568 58.420055, -120.296228 58.421053, -120.297142 58.421823, -120.297578 58.422713, -120.297534 58.423652, -120.297138 58.425075, -120.297589 58.426902, -120.298016 58.42729, -120.298545 58.427636, -120.299169 58.427931, -120.30066 58.42833, -120.301485 58.428428, -120.303189 58.428459, -120.304036 58.428408, -120.306602 58.428176, -120.308338 58.428035, -120.313531 58.427479, -120.314366 58.427364, -120.317708 58.426844, -120.318531 58.426728, -120.320139 58.42661, -120.320902 58.426596, -120.321661 58.42662, -120.323244 58.426913, -120.32392 58.427127, -120.325349 58.428344, -120.326136 58.429264, -120.326457 58.429796, -120.327144 58.430728, -120.327464 58.431198, -120.328303 58.432612, -120.329504 58.43514, -120.330324 58.436596, -120.330624 58.437074, -120.330942 58.437536, -120.331623 58.438449, -120.332839 58.439746, -120.333794 58.440527, -120.334311 58.440882, -120.335397 58.441544, -120.335959 58.441864, -120.337079 58.44251, -120.337621 58.442831, -120.340845 58.44492, -120.341377 58.44529, -120.345277 58.44787, -120.348558 58.449494, -120.350859 58.450226, -120.351684 58.450408, -120.353393 58.450676, -120.35602 58.450892, -120.357779 58.450931, -120.358656 58.450922, -120.359526 58.450895, -120.360391 58.450849, -120.361248 58.450786, -120.364644 58.450439, -120.366339 58.450282, -120.369521 58.450571, -120.370137 58.450834, -120.371107 58.451786, -120.377399 58.449472, -120.385239 58.445332, -120.400963 58.44828, -120.393288 58.454472, -120.39296 58.460011, -120.408997 58.46545, -120.421249 58.466019, -120.423119 58.467239, -120.425346 58.470329, -120.426529 58.472748, -120.428023 58.473334, -120.429647 58.473846, -120.433962 58.474812, -120.438041 58.476039, -120.441488 58.477759, -120.442054 58.478157, -120.443149 58.479496, -120.446407 58.479244, -120.45668 58.47506, -120.452187 58.468731, -120.455994 58.463631, -120.458931 58.4618, -120.471313 58.4636, -120.47541 58.464298, -120.486107 58.466099, -120.488701 58.47253, -120.490723 58.475651, -120.491751 58.476238, -120.48851 58.483428, -120.490136 58.488474, -120.493522 58.492347, -120.494299 58.497773, -120.493317 58.504372, -120.493306 58.509766, -120.495599 58.515669, -120.499469 58.521636, -120.502132 58.525064, -120.498487 58.528235, -120.494841 58.531406, -120.494647 58.538038, -120.49646 58.541846, -120.495661 58.547208, -120.494185 58.552677, -120.495413 58.554618, -120.497773 58.558761, -120.501021 58.562939, -120.505067 58.567772, -120.505609 58.570129, -120.502576 58.572495, -120.49406 58.571682, -120.487116 58.57031, -120.478739 58.568567, -120.473795 58.568538, -120.469805 58.571467, -120.468088 58.577622, -120.467765 58.585079, -120.461974 58.591897, -120.458133 58.596305, -120.451797 58.60144, -120.443942 58.606098, -120.440408 58.608443, -120.430801 58.608878, -120.422296 58.607283, -120.410632 58.605557, -120.400385 58.599737, -120.391846 58.593158, -120.390856 58.583986, -120.393689 58.575803, -120.394215 58.567109))"
103,2023-07-29 10:30:57,2023061601,2023,4688.0,Non-corrected airborne GPS,1686898800000,1687112110000,Out of Control,JA70003000,46879610.1938,44126.2711,196,48ab50b2-d8be-431d-b00b-1bc9fc4bfcb9,168221034.929688,83595.3666184906,https://wildfiresituation.nrs.gov.bc.ca/incidents?fireYear=2023&incidentNumber=G90635,"POLYGON ((-119.9706 58.159132, -119.969247 58.158482, -119.968625 58.158134, -119.967599 58.157353, -119.966766 58.155969, -119.966669 58.155474, -119.966691 58.154467, -119.967142 58.152971, -119.967689 58.152023, -119.968556 58.151155, -119.971187 58.149802, -119.972795 58.149339, -119.973626 58.14914, -119.97447 58.148961, -119.976218 58.148684, -119.978937 58.148425, -119.97986 58.14834, -119.982565 58.147831, -119.986603 58.146328, -119.989003 58.145429, -119.989829 58.145163, -119.99248 58.144619, -119.994378 58.144544, -119.997187 58.144876, -119.9998 58.145508, -120.004574 58.147067, -120.007299 58.148337, -120.007922 58.148675, -120.010319 58.150017, -120.011669 58.150599, -120.014176 58.151125, -120.016972 58.151284, -120.018863 58.151316, -120.02461 58.150948, -120.026506 58.150792, -120.028362 58.150753, -120.029266 58.150806, -120.03014 58.15093, -120.032385 58.151717, -120.035839 58.153952, -120.036331 58.154349, -120.037184 58.155659, -120.036563 58.157415, -120.035757 58.158205, -120.034905 58.158982, -120.034186 58.159794, -120.033682 58.160647, -120.033515 58.161533, -120.033798 58.162398, -120.034155 58.162798, -120.035963 58.163756, -120.038475 58.164214, -120.039379 58.164268, -120.040289 58.164293, -120.043967 58.164342, -120.046705 58.164612, -120.04847 58.16491, -120.051863 58.165635, -120.053502 58.16603, -120.055206 58.166321, -120.058832 58.166375, -120.061472 58.165903, -120.0623 58.165655, -120.064686 58.164779, -120.065507 58.164503, -120.067282 58.164085, -120.070111 58.163842, -120.071051 58.163867, -120.072854 58.16404, -120.074494 58.164352, -120.075193 58.164581, -120.076257 58.165202, -120.07664 58.165974, -120.075687 58.167484, -120.074372 58.168429, -120.073754 58.169123, -120.074558 58.170758, -120.076913 58.17225, -120.078669 58.173909, -120.078992 58.175273, -120.077918 58.176963, -120.075731 58.178286, -120.074498 58.178873, -120.073935 58.179187, -120.072932 58.180342, -120.073067 58.181224, -120.074412 58.182417, -120.076347 58.183412, -120.077001 58.183733, -120.081178 58.186109, -120.082464 58.186759, -120.084819 58.187458, -120.086569 58.187722, -120.090226 58.187855, -120.093826 58.187626, -120.09557 58.187435, -120.096424 58.18731, -120.098805 58.186733, -120.100179 58.186187, -120.102389 58.184851, -120.102827 58.184477, -120.104108 58.182864, -120.105281 58.180777, -120.105908 58.179959, -120.107414 58.17894, -120.108806 58.178481, -120.111336 58.178264, -120.11313 58.178372, -120.116773 58.178761, -120.120186 58.179505, -120.1223 58.180398, -120.124381 58.181855, -120.124998 58.182666, -120.125537 58.185545, -120.125667 58.186357, -120.127183 58.187887, -120.127762 58.18823, -120.129545 58.189221, -120.130072 58.189568, -120.130837 58.190337, -120.131096 58.191623, -120.130994 58.192051, -120.130857 58.192473, -120.130722 58.192893, -120.130603 58.193314, -120.130515 58.193736, -120.130363 58.194981, -120.13004 58.195758, -120.128631 58.19664, -120.126575 58.197097, -120.125067 58.197269, -120.1243 58.197374, -120.122215 58.198026, -120.121337 58.198777, -120.120843 58.200096, -120.121282 58.201462, -120.122163 58.2023, -120.122721 58.202685, -120.124593 58.203742, -120.126665 58.204689, -120.127421 58.204966, -120.130017 58.205512, -120.130951 58.205613, -120.133749 58.205907, -120.137272 58.206645, -120.138082 58.206903, -120.140932 58.208206, -120.142182 58.208962, -120.143949 58.210143, -120.14569 58.211334, -120.1463 58.211718, -120.149899 58.214006, -120.154086 58.216658, -120.155636 58.217863, -120.156824 58.219163, -120.157148 58.219616, -120.159031 58.221859, -120.160954 58.223583, -120.161561 58.224167, -120.163061 58.22533, -120.1627 58.225646, -120.160011 58.226412, -120.159187 58.226478, -120.157506 58.226544, -120.152449 58.226666, -120.150779 58.226625, -120.149123 58.226541, -120.145821 58.226616, -120.14424 58.226865, -120.143479 58.227027, -120.142002 58.227401, -120.140554 58.227818, -120.139792 58.228006, -120.138999 58.228141, -120.137406 58.228208, -120.135352 58.227727, -120.134159 58.226616, -120.134186 58.225205, -120.135425 58.22331, -120.135934 58.222338, -120.13601 58.221353, -120.134518 58.219604, -120.132558 58.218556, -120.131874 58.218231, -120.129908 58.217201, -120.128768 58.216436, -120.126828 58.214749, -120.12386 58.21227, -120.123409 58.211851, -120.122322 58.210535, -120.121684 58.209658, -120.121327 58.209237, -120.120442 58.208463, -120.119211 58.207857, -120.116803 58.20738, -120.115064 58.207263, -120.108992 58.206903, -120.105634 58.206595, -120.1024 58.206084, -120.098835 58.204962, -120.097506 58.204454, -120.09682 58.204228, -120.095349 58.203903, -120.09217 58.203971, -120.089042 58.204433, -120.085834 58.204469, -120.085046 58.204396, -120.082729 58.204081, -120.08114 58.203975, -120.079544 58.204118, -120.078067 58.2045, -120.077389 58.204744, -120.073149 58.206735, -120.071867 58.207216, -120.071178 58.207413, -120.068269 58.207988, -120.066747 58.208197, -120.065989 58.208332, -120.064045 58.209055, -120.063562 58.2094, -120.062591 58.211097, -120.062549 58.211555, -120.062548 58.212019, -120.062597 58.212951, -120.063075 58.215282, -120.063617 58.216673, -120.064344 58.21805, -120.064622 58.218504, -120.065873 58.220278, -120.066584 58.221136, -120.066979 58.221552, -120.071405 58.224869, -120.072662 58.225477, -120.074191 58.225935, -120.075823 58.226286, -120.076662 58.226481, -120.078042 58.227009, -120.078761 58.228125, -120.077641 58.22913, -120.075376 58.229574, -120.072839 58.229579, -120.072013 58.229516, -120.069006 58.228809, -120.06835 58.228532, -120.066492 58.227634, -120.065115 58.227148, -120.064353 58.226981, -120.061903 58.226787, -120.058548 58.226992, -120.055154 58.22704, -120.051912 58.226551, -120.050364 58.226237, -120.047971 58.225944, -120.045502 58.226102, -120.043114 58.226568, -120.041518 58.226773, -120.039127 58.22663, -120.037068 58.225919, -120.036478 58.225618, -120.03375 58.223546, -120.0333 58.223208, -120.03275 58.222916, -120.030446 58.222498, -120.029573 58.222489, -120.028694 58.222497, -120.027819 58.222494, -120.025256 58.222326, -120.023611 58.222074, -120.022811 58.221909, -120.022032 58.221718, -120.01767 58.220307, -120.016121 58.21993, -120.014466 58.219693, -120.012789 58.219531, -120.010325 58.219344, -120.008094 58.218858, -120.006317 58.217323, -120.005944 58.21639, -120.005747 58.214492, -120.00577 58.213553, -120.005728 58.213089, -120.004455 58.211395, -120.003298 58.210711, -120.002694 58.210387, -120.000955 58.209414, -119.999716 58.208283, -119.999406 58.206952, -119.99947 58.206497, -120.000015 58.204704, -120.000111 58.204252, -119.999224 58.202511, -119.997738 58.201366, -119.997275 58.200978, -119.996394 58.199685, -119.996336 58.198736, -119.997164 58.196294, -119.997416 58.195306, -119.997515 58.194811, -119.997687 58.193825, -119.997911 58.192351, -119.998647 58.188986, -119.998711 58.188519, -119.998279 58.187177, -119.997335 58.186416, -119.996066 58.185766, -119.994786 58.185119, -119.994201 58.184772, -119.993674 58.184404, -119.992824 58.183612, -119.992523 58.183185, -119.992195 58.181798, -119.992323 58.180844, -119.992415 58.18037, -119.992689 58.178968, -119.992769 58.178508, -119.993045 58.177169, -119.993518 58.175856, -119.993756 58.174952, -119.99375 58.174497, -119.992574 58.172803, -119.992049 58.172433, -119.988086 58.170638, -119.987389 58.170356, -119.986113 58.169718, -119.984572 58.168594, -119.983268 58.166871, -119.982563 58.165515, -119.981863 58.164649, -119.980202 58.163526, -119.979504 58.163215, -119.978031 58.162644, -119.975256 58.161423, -119.9706 58.159132))"
104,2023-07-29 10:30:57,2023072601,2023,37793.9,Derived from satellite imagery,1690354800000,1690404213000,Out of Control,JA70003000,377938706.2029,133996.6771,198,24e9cda9-7a69-471c-993d-a17c4107b5af,1485761099.13281,265470.285812113,https://wildfiresituation.nrs.gov.bc.ca/incidents?fireYear=2023&incidentNumber=G90709,"POLYGON ((-123.430931 59.85693, -123.426109 59.852741, -123.42567 59.851826, -123.420509 59.84919, -123.404648 59.84774, -123.411178 59.843249, -123.407061 59.840307, -123.400551 59.836842, -123.404164 59.829439, -123.403463 59.829123, -123.403109 59.828964, -123.402175 59.828474, -123.401464 59.82794, -123.401058 59.827364, -123.400978 59.826785, -123.401216 59.826239, -123.401304 59.826161, -123.401681 59.825827, -123.401785 59.825003, -123.401981 59.823806, -123.40204 59.822574, -123.4021 59.821411, -123.401873 59.820885, -123.401862 59.820351, -123.402161 59.81956, -123.40242 59.819033, -123.402808 59.81854, -123.403363 59.818102, -123.403451 59.818054, -123.403657 59.817795, -123.404964 59.816859, -123.406417 59.816022, -123.407337 59.815496, -123.408947 59.814876, -123.410821 59.814756, -123.411004 59.81474, -123.411899 59.814843, -123.412285 59.814958, -123.41302 59.815077, -123.413227 59.811728, -123.413033 59.811649, -123.393433 59.809929, -123.383507 59.813351, -123.364067 59.807339, -123.348083 59.807621, -123.340828 59.808029, -123.337738 59.806332, -123.334831 59.80476, -123.316071 59.797859, -123.312961 59.797269, -123.301808 59.798372, -123.300774 59.798277, -123.300482 59.798482, -123.291834 59.798229, -123.291425 59.798259, -123.284573 59.798701, -123.270943 59.798579, -123.26218 59.797977, -123.253779 59.796374, -123.24539 59.794626, -123.242641 59.793422, -123.241492 59.79142, -123.238065 59.789884, -123.233261 59.787253, -123.226202 59.786027, -123.216974 59.785119, -123.217171 59.782588, -123.22462 59.778752, -123.231158 59.777433, -123.236572 59.77754, -123.240433 59.771069, -123.247681 59.764992, -123.250028 59.765084, -123.251259 59.763439, -123.257584 59.760059, -123.264076 59.757519, -123.265381 59.755112, -123.258293 59.752659, -123.25161 59.75248, -123.248451 59.75182, -123.244728 59.751171, -123.23597 59.748119, -123.233225 59.748348, -123.225119 59.748669, -123.228092 59.748603, -123.21344 59.75013, -123.20962 59.750334, -123.203572 59.750658, -123.199966 59.750851, -123.198708 59.750992, -123.190201 59.752289, -123.170433 59.747761, -123.161072 59.747219, -123.156151 59.746208, -123.144043 59.74485, -123.118561 59.748562, -123.104446 59.739262, -123.095993 59.73016, -123.106781 59.71944, -123.117233 59.708641, -123.132782 59.710869, -123.142433 59.711159, -123.151154 59.710831, -123.172127 59.711151, -123.197899 59.712791, -123.199852 59.714451, -123.210953 59.720249, -123.212056 59.721328, -123.213493 59.719421, -123.215599 59.71817, -123.222801 59.717522, -123.22522 59.71431, -123.225143 59.712318, -123.220734 59.709759, -123.225548 59.70332, -123.229168 59.703384, -123.226517 59.698238, -123.24115 59.687752, -123.243214 59.687143, -123.243554 59.685581, -123.243447 59.683278, -123.242254 59.680379, -123.242125 59.678363, -123.242247 59.676784, -123.243815 59.674802, -123.24734 59.673146, -123.250266 59.67191, -123.253247 59.669955, -123.255912 59.668426, -123.257945 59.667747, -123.259674 59.66735, -123.262795 59.667267, -123.265056 59.667312, -123.268959 59.668107, -123.271492 59.668301, -123.276864 59.668406, -123.282528 59.668373, -123.286758 59.668599, -123.290379 59.669388, -123.292772 59.671448, -123.293229 59.672895, -123.293393 59.67448, -123.292752 59.675474, -123.289805 59.676998, -123.286565 59.67866, -123.28365 59.679754, -123.281276 59.681461, -123.279617 59.685589, -123.278923 59.68861, -123.29583 59.69825, -123.299667 59.697731, -123.308929 59.700329, -123.320295 59.707936, -123.322327 59.7076, -123.323837 59.708819, -123.330017 59.710072, -123.332249 59.711232, -123.337936 59.711712, -123.340797 59.711109, -123.346336 59.710831, -123.35479 59.709949, -123.363159 59.70274, -123.36219 59.698002, -123.366111 59.697677, -123.366081 59.697571, -123.367508 59.694229, -123.368462 59.692371, -123.369797 59.691151, -123.374023 59.69257, -123.376404 59.695862, -123.37826 59.697146, -123.381653 59.69693, -123.384773 59.699921, -123.386864 59.700451, -123.392036 59.701431, -123.398697 59.699242, -123.407677 59.69828, -123.411112 59.698484, -123.413673 59.6973, -123.418323 59.696801, -123.418126 59.696187, -123.417221 59.695309, -123.416324 59.694309, -123.416368 59.693696, -123.418079 59.693482, -123.41996 59.694254, -123.421583 59.695267, -123.423622 59.696232, -123.434174 59.695099, -123.445847 59.698132, -123.446865 59.699899, -123.447415 59.699798, -123.448651 59.699452, -123.45062 59.698997, -123.452547 59.699155, -123.453203 59.70015, -123.454783 59.701777, -123.455879 59.703395, -123.456214 59.703848, -123.458313 59.704128, -123.462753 59.70715, -123.463074 59.708, -123.466476 59.709469, -123.471413 59.708469, -123.472702 59.708, -123.47748 59.707112, -123.481347 59.702867, -123.480951 59.701637, -123.481054 59.700164, -123.482091 59.6992, -123.484328 59.69838, -123.487006 59.698182, -123.489823 59.699462, -123.491663 59.700847, -123.491594 59.701843, -123.505783 59.70443, -123.512733 59.703178, -123.527059 59.698696, -123.527739 59.697977, -123.530707 59.69631, -123.533477 59.694911, -123.538667 59.694641, -123.542554 59.695162, -123.542889 59.695424, -123.543383 59.695377, -123.546269 59.695674, -123.549346 59.696711, -123.549763 59.697702, -123.549479 59.698311, -123.548911 59.69953, -123.548973 59.700818, -123.550971 59.702459, -123.552469 59.706648, -123.552833 59.707714, -123.553738 59.708193, -123.55638 59.70959, -123.560211 59.71315, -123.563927 59.713772, -123.577988 59.712349, -123.582031 59.719639, -123.589638 59.718029, -123.593231 59.718102, -123.596573 59.71838, -123.60331 59.717419, -123.610649 59.716728, -123.616821 59.7155, -123.624496 59.71384, -123.631371 59.7145, -123.63871 59.71616, -123.637253 59.724098, -123.633374 59.72652, -123.635781 59.727122, -123.639425 59.728034, -123.649361 59.730518, -123.640862 59.741489, -123.644409 59.753712, -123.648903 59.758282, -123.650398 59.759579, -123.651001 59.765999, -123.649278 59.765839, -123.649136 59.77068, -123.649399 59.773739, -123.655533 59.77557, -123.6679 59.778179, -123.68174 59.78093, -123.692188 59.779809, -123.694076 59.780051, -123.696192 59.779501, -123.702077 59.779598, -123.709345 59.780001, -123.714154 59.77937, -123.719271 59.778317, -123.72474 59.780537, -123.730138 59.783892, -123.732201 59.786767, -123.730602 59.789866, -123.728251 59.791533, -123.726515 59.792357, -123.730278 59.794975, -123.732287 59.798702, -123.725124 59.801001, -123.718078 59.801454, -123.711629 59.801349, -123.708798 59.801728, -123.703334 59.802833, -123.703102 59.804489, -123.698776 59.808449, -123.691017 59.808208, -123.676933 59.810959, -123.672241 59.813, -123.669144 59.815151, -123.668566 59.816899, -123.673733 59.819337, -123.676872 59.82143, -123.673897 59.825199, -123.663437 59.82859, -123.654083 59.825119, -123.646472 59.823659, -123.635452 59.825069, -123.632446 59.826542, -123.625412 59.829769, -123.614636 59.836949, -123.613327 59.837821, -123.617891 59.838706, -123.627777 59.84404, -123.639297 59.847439, -123.629128 59.850739, -123.622627 59.852638, -123.613823 59.852428, -123.592857 59.85741, -123.581734 59.860401, -123.576813 59.858059, -123.553917 59.857441, -123.548653 59.857201, -123.52676 59.852855, -123.526337 59.852879, -123.519727 59.852512, -123.512438 59.852855, -123.510353 59.854809, -123.505432 59.85577, -123.501599 59.855812, -123.493581 59.856055, -123.489143 59.856361, -123.485161 59.858311, -123.470398 59.85844, -123.459503 59.856258, -123.450233 59.856361, -123.447113 59.85717, -123.4403 59.85812, -123.430931 59.85693), (-123.31842 59.78896, -123.330803 59.786652, -123.337914 59.787209, -123.350731 59.786961, -123.363503 59.779259, -123.360373 59.777066, -123.359253 59.775509, -123.355537 59.77491, -123.350441 59.774651, -123.347943 59.772318, -123.346967 59.772118, -123.345413 59.771879, -123.344298 59.771815, -123.34316 59.771822, -123.341449 59.771893, -123.33977 59.771954, -123.338132 59.771959, -123.33703 59.771926, -123.335914 59.771866, -123.334796 59.771786, -123.333649 59.7717, -123.332459 59.771631, -123.331257 59.771608, -123.330072 59.771643, -123.328905 59.771696, -123.327758 59.771711, -123.326621 59.77163, -123.325559 59.771426, -123.324646 59.771109, -123.323886 59.770713, -123.323142 59.770288, -123.322245 59.769924, -123.321264 59.769638, -123.32029 59.769372, -123.319425 59.769067, -123.318723 59.768724, -123.318306 59.768352, -123.318262 59.768002, -123.318569 59.767751, -123.313591 59.764301, -123.309458 59.764451, -123.310886 59.766132, -123.312414 59.768462, -123.312275 59.770329, -123.311176 59.773616, -123.309826 59.776466, -123.309708 59.778046, -123.309471 59.781205, -123.308763 59.783061, -123.305482 59.785155, -123.303618 59.787276, -123.304339 59.789016, -123.304344 59.789017, -123.309158 59.789059, -123.31842 59.78896))"
105,2023-07-29 10:30:57,2023062401,2023,112.2,Derived from satellite imagery,1687590000000,1687803845000,Out of Control,JA70003000,1122469.3702,5577.2132,199,e629b94e-c437-4142-8742-5575c841c7f5,4461418.4296875,11125.2645202875,https://wildfiresituation.nrs.gov.bc.ca/incidents?fireYear=2023&incidentNumber=G90713,"POLYGON ((-123.884581 59.95136, -123.883841 59.951885, -123.882935 59.952229, -123.882614 59.95267, -123.882044 59.953317, -123.88162 59.953489, -123.880447 59.953352, -123.880293 59.952963, -123.879942 59.952898, -123.87951 59.953219, -123.878766 59.953803, -123.877856 59.954206, -123.876778 59.954458, -123.875403 59.954735, -123.874506 59.95493, -123.872601 59.955169, -123.870938 59.955323, -123.869579 59.955332, -123.867637 59.955213, -123.866577 59.955167, -123.865339 59.955118, -123.863937 59.954859, -123.863308 59.954522, -123.863104 59.953983, -123.862966 59.953326, -123.862682 59.95216, -123.862662 59.951505, -123.862347 59.950845, -123.861959 59.950422, -123.861512 59.949998, -123.861065 59.949575, -123.860847 59.949274, -123.860866 59.948946, -123.860534 59.948584, -123.860803 59.948022, -123.860244 59.947508, -123.859327 59.947047, -123.859058 59.946596, -123.858792 59.946116, -123.859048 59.945792, -123.860324 59.946169, -123.860362 59.946527, -123.861045 59.946954, -123.861445 59.947169, -123.86191 59.947295, -123.862731 59.947397, -123.862647 59.947812, -123.862811 59.948023, -123.86316 59.948118, -123.863804 59.948217, -123.863786 59.948514, -123.863645 59.948899, -123.863561 59.949315, -123.863723 59.949556, -123.864237 59.949861, -123.865011 59.949754, -123.865899 59.949708, -123.866872 59.949246, -123.867912 59.948637, -123.867953 59.947953, -123.868566 59.947575, -123.869213 59.947614, -123.869523 59.947381, -123.869848 59.94688, -123.869871 59.946493, -123.871092 59.945827, -123.872062 59.945395, -123.872323 59.944982, -123.872166 59.944652, -123.87184 59.944171, -123.872151 59.943907, -123.873041 59.943831, -123.873617 59.944078, -123.873865 59.943874, -123.873769 59.943515, -123.874317 59.943226, -123.875549 59.943363, -123.876303 59.943583, -123.877455 59.944077, -123.877784 59.944499, -123.87853 59.944867, -123.87882 59.944961, -123.879694 59.945153, -123.879948 59.944859, -123.88073 59.944603, -123.881877 59.945186, -123.882233 59.946144, -123.882107 59.947274, -123.882449 59.947487, -123.883175 59.948183, -123.88336 59.949049, -123.882921 59.949489, -123.883071 59.949938, -123.883216 59.950476, -123.883131 59.950922, -123.884129 59.951026, -123.884581 59.95136))"
106,2023-07-29 10:30:57,2023061901,2023,804.5,Non-corrected airborne GPS,1687158000000,1687292742000,Being Held,JA70003000,8044630.974,22108.8504,201,b29bfb22-14bb-4b2e-99c2-46136ceeaf5d,28905445.1640625,41900.9052384721,https://wildfiresituation.nrs.gov.bc.ca/incidents?fireYear=2023&incidentNumber=G90776,"POLYGON ((-123.858601 58.22626, -123.858134 58.22625, -123.857196 58.226273, -123.856255 58.226308, -123.855782 58.226309, -123.855306 58.226298, -123.854831 58.226264, -123.854365 58.226196, -123.85392 58.226088, -123.853506 58.225938, -123.852793 58.225545, -123.85249 58.225316, -123.851655 58.2246, -123.851193 58.224376, -123.850526 58.223718, -123.849987 58.222952, -123.851338 58.22202, -123.851805 58.221878, -123.852293 58.221749, -123.852798 58.221624, -123.853308 58.221495, -123.854322 58.221218, -123.854818 58.221063, -123.855747 58.220687, -123.856574 58.220211, -123.85697 58.219956, -123.857757 58.21944, -123.858144 58.219187, -123.858522 58.218934, -123.858887 58.21868, -123.859596 58.218173, -123.859979 58.217958, -123.860408 58.217777, -123.860896 58.217639, -123.862001 58.217542, -123.864272 58.218008, -123.864787 58.218219, -123.865797 58.218663, -123.866903 58.219049, -123.870873 58.219833, -123.871507 58.219854, -123.872754 58.219822, -123.87448 58.219675, -123.875026 58.219604, -123.875534 58.219515, -123.876013 58.219412, -123.876852 58.219131, -123.877547 58.218757, -123.878086 58.218275, -123.878407 58.217761, -123.878506 58.2175, -123.878592 58.21697, -123.87853 58.216439, -123.878435 58.216183, -123.878315 58.21593, -123.878165 58.215685, -123.877802 58.215216, -123.877744 58.215155, -123.877511 58.214914, -123.877371 58.214769, -123.877145 58.214555, -123.876704 58.214143, -123.876267 58.213747, -123.875883 58.21333, -123.875454 58.212666, -123.875389 58.212228, -123.875546 58.211818, -123.875859 58.211426, -123.876454 58.210641, -123.876703 58.209922, -123.877206 58.209364, -123.876637 58.209006, -123.876103 58.208857, -123.875512 58.208731, -123.875266 58.208632, -123.874592 58.208204, -123.874167 58.207914, -123.873442 58.207862, -123.872928 58.208014, -123.872706 58.208138, -123.872469 58.208274, -123.87205 58.208617, -123.871736 58.209024, -123.871633 58.20925, -123.871433 58.209434, -123.871198 58.20958, -123.870956 58.209679, -123.870696 58.209768, -123.870095 58.209918, -123.869761 58.209949, -123.869419 58.209965, -123.86907 58.209974, -123.868727 58.209978, -123.868384 58.209967, -123.868036 58.209939, -123.867682 58.209902, -123.867334 58.209857, -123.866979 58.209808, -123.866626 58.209754, -123.866283 58.209695, -123.86595 58.209629, -123.865624 58.209555, -123.8653 58.209473, -123.864993 58.209378, -123.864386 58.209155, -123.864072 58.209042, -123.863738 58.208946, -123.863003 58.20883, -123.862604 58.208807, -123.862182 58.208797, -123.861752 58.208803, -123.860834 58.208843, -123.860358 58.208857, -123.859875 58.208855, -123.859382 58.208836, -123.85891 58.208798, -123.857999 58.208655, -123.857562 58.208547, -123.856697 58.208297, -123.855916 58.208011, -123.855526 58.207876, -123.855133 58.20775, -123.854747 58.207616, -123.854334 58.207474, -123.853196 58.206953, -123.852181 58.206328, -123.851894 58.206082, -123.851362 58.205673, -123.850466 58.205583, -123.849153 58.205494, -123.845035 58.205791, -123.844597 58.205708, -123.844182 58.2056, -123.842647 58.205164, -123.842242 58.20477, -123.842167 58.204003, -123.842607 58.20389, -123.843524 58.203678, -123.843966 58.203561, -123.845026 58.203363, -123.846242 58.203216, -123.846906 58.203103, -123.848266 58.20281, -123.849146 58.202625, -123.850193 58.20237, -123.850535 58.202192, -123.850811 58.202004, -123.851259 58.201769, -123.851738 58.201343, -123.851654 58.200894, -123.851387 58.200454, -123.850757 58.200079, -123.850557 58.199994, -123.85037 58.199913, -123.848272 58.199151, -123.847001 58.19879, -123.846049 58.198651, -123.844982 58.198683, -123.843925 58.198798, -123.842392 58.199117, -123.841908 58.199255, -123.840544 58.199833, -123.838879 58.200538, -123.838611 58.200414, -123.838641 58.200218, -123.838732 58.200064, -123.838853 58.19983, -123.838868 58.199806, -123.839003 58.19959, -123.841527 58.198082, -123.841915 58.196646, -123.841181 58.195896, -123.840752 58.195731, -123.840276 58.195576, -123.839746 58.195443, -123.839184 58.195334, -123.838602 58.19525, -123.838007 58.1952, -123.83748 58.195202, -123.836767 58.195204, -123.836143 58.195257, -123.835506 58.195341, -123.834077 58.195536, -123.832743 58.195733, -123.830922 58.195922, -123.828443 58.195838, -123.826419 58.195312, -123.825927 58.194542, -123.826062 58.194306, -123.826149 58.194009, -123.826558 58.193626, -123.826921 58.193508, -123.827326 58.193411, -123.828232 58.193264, -123.829251 58.193191, -123.829779 58.193166, -123.830315 58.193141, -123.831924 58.192975, -123.832464 58.192864, -123.833 58.19275, -123.833544 58.192646, -123.834688 58.192482, -123.835277 58.19245, -123.835865 58.192435, -123.836449 58.192431, -123.837025 58.192432, -123.837595 58.192417, -123.837641 58.192414, -123.838157 58.192389, -123.839241 58.19228, -123.839759 58.192212, -123.840264 58.19216, -123.841271 58.192183, -123.841785 58.192242, -123.84229 58.192326, -123.842774 58.19244, -123.843252 58.192566, -123.843706 58.192702, -123.844113 58.192871, -123.845083 58.192972, -123.846683 58.192904, -123.847748 58.192743, -123.84827 58.192659, -123.848773 58.192581, -123.849266 58.192509, -123.850216 58.192394, -123.850687 58.192351, -123.851196 58.192313, -123.851678 58.192306, -123.852431 58.192441, -123.852888 58.19273, -123.853149 58.193129, -123.853301 58.19356, -123.853379 58.193763, -123.853613 58.194162, -123.854943 58.194637, -123.855402 58.19465, -123.855886 58.194639, -123.856856 58.194544, -123.85749 58.194356, -123.857965 58.194354, -123.858424 58.194431, -123.859174 58.194914, -123.85947 58.195394, -123.859682 58.195938, -123.859936 58.196499, -123.860274 58.197074, -123.860513 58.197364, -123.860936 58.197949, -123.861503 58.198879, -123.86173 58.199509, -123.861618 58.20017, -123.861558 58.20052, -123.861094 58.201238, -123.860902 58.201534, -123.858674 58.203915, -123.860765 58.204708, -123.862095 58.204618, -123.863047 58.204342, -123.863939 58.203984, -123.864708 58.203528, -123.865275 58.202974, -123.865518 58.202703, -123.865707 58.202409, -123.865916 58.201793, -123.865504 58.200722, -123.865122 58.200181, -123.865036 58.199981, -123.864829 58.199368, -123.865153 58.199389, -123.86691 58.199476, -123.867953 58.199552, -123.86849 58.199615, -123.86902 58.199691, -123.869582 58.199781, -123.870137 58.199869, -123.871832 58.200073, -123.873015 58.20008, -123.874207 58.199984, -123.874799 58.199913, -123.875386 58.199841, -123.875967 58.199761, -123.876541 58.199689, -123.877106 58.199625, -123.877664 58.199575, -123.878216 58.199537, -123.878762 58.19951, -123.879304 58.199495, -123.87984 58.199489, -123.880368 58.19949, -123.880885 58.199496, -123.881387 58.199503, -123.881874 58.199517, -123.882356 58.199539, -123.882828 58.19957, -123.883284 58.199609, -123.883729 58.199652, -123.884169 58.199695, -123.884605 58.19973, -123.885044 58.199752, -123.88548 58.199767, -123.886349 58.19978, -123.887124 58.199827, -123.887452 58.199891, -123.887744 58.199978, -123.888222 58.200206, -123.888416 58.200345, -123.888784 58.200646, -123.88935 58.201108, -123.889647 58.201425, -123.889904 58.201946, -123.889881 58.202343, -123.889809 58.202548, -123.889504 58.202987, -123.88929 58.203203, -123.889052 58.20341, -123.888779 58.203615, -123.88849 58.203811, -123.888182 58.204006, -123.887865 58.204208, -123.88755 58.20441, -123.886955 58.204827, -123.886448 58.205269, -123.886128 58.205715, -123.886026 58.20621, -123.88649 58.207198, -123.887481 58.207685, -123.888911 58.207859, -123.889461 58.207854, -123.889993 58.207838, -123.890527 58.207804, -123.891053 58.207769, -123.891577 58.207728, -123.892613 58.207645, -123.893633 58.207603, -123.894559 58.207744, -123.895378 58.208059, -123.896338 58.20873, -123.896827 58.209263, -123.897282 58.209834, -123.897729 58.210432, -123.898161 58.211043, -123.898606 58.211658, -123.899059 58.212279, -123.899519 58.212899, -123.899971 58.213509, -123.900433 58.214111, -123.900914 58.214713, -123.901585 58.21553, -123.901646 58.215604, -123.902132 58.216195, -123.902821 58.217088, -123.90346 58.217985, -123.903894 58.218576, -123.904325 58.219157, -123.904759 58.219724, -123.905177 58.220272, -123.905569 58.220803, -123.906129 58.221569, -123.906662 58.222293, -123.906841 58.222522, -123.907244 58.222944, -123.907663 58.223327, -123.908055 58.223695, -123.908226 58.22409, -123.908185 58.224297, -123.907768 58.2247, -123.907463 58.224894, -123.907129 58.225085, -123.906788 58.225285, -123.906439 58.225498, -123.906104 58.225732, -123.905793 58.225987, -123.905507 58.226257, -123.905319 58.226464, -123.904983 58.226834, -123.904429 58.227415, -123.903418 58.228214, -123.902647 58.228659, -123.8996 58.229919, -123.898727 58.230269, -123.898295 58.230451, -123.896656 58.231127, -123.89626 58.23129, -123.895857 58.231423, -123.894331 58.231379, -123.894038 58.231232, -123.893264 58.230735, -123.893025 58.230557, -123.891438 58.229892, -123.890322 58.229661, -123.889982 58.229584, -123.889011 58.229068, -123.888855 58.228899, -123.88844 58.228358, -123.888081 58.22802, -123.88783 58.227878, -123.887516 58.22777, -123.887142 58.227709, -123.886732 58.227695, -123.885881 58.227794, -123.885462 58.227885, -123.885043 58.227992, -123.884619 58.228107, -123.884173 58.228214, -123.883697 58.228308, -123.883197 58.228386, -123.88268 58.228448, -123.882137 58.228496, -123.881586 58.22853, -123.881025 58.228548, -123.88046 58.228551, -123.879897 58.22854, -123.879349 58.228514, -123.878237 58.228425, -123.877697 58.228369, -123.877159 58.228309, -123.876083 58.228186, -123.875544 58.228126, -123.874477 58.228016, -123.873947 58.22797, -123.873415 58.227932, -123.872884 58.227899, -123.872354 58.227867, -123.871824 58.227836, -123.871292 58.227805, -123.870755 58.227774, -123.870211 58.227742, -123.869669 58.227714, -123.869099 58.227689, -123.868529 58.227668, -123.867952 58.227647, -123.867369 58.227623, -123.866189 58.227566, -123.865599 58.22753, -123.864432 58.227438, -123.862806 58.227211, -123.862293 58.227096, -123.86045 58.226548, -123.858601 58.22626))"
107,2023-07-29 10:30:57,2023062401,2023,82.2,Non-corrected airborne GPS,1687590000000,1687708099000,Being Held,JA70003000,821859.043,4951.0996,204,7eaa1d7c-2374-4f64-897b-ca69f1ffbda3,2997346.65625,9453.50733467661,https://wildfiresituation.nrs.gov.bc.ca/incidents?fireYear=2023&incidentNumber=G90845,"POLYGON ((-121.87537 58.46984, -121.87603 58.4698, -121.87678 58.46981, -121.87755 58.46984, -121.87829 58.46988, -121.87901 58.47001, -121.87958 58.47029, -121.87995 58.47068, -121.88018 58.47109, -121.88029 58.4715, -121.88022 58.47188, -121.88009 58.47224, -121.87996 58.47258, -121.87982 58.47293, -121.8796 58.47323, -121.87933 58.47352, -121.87907 58.4738, -121.87897 58.47406, -121.87919 58.47427, -121.8797 58.47435, -121.8803 58.4744, -121.88088 58.47454, -121.88131 58.47481, -121.88167 58.47513, -121.88197 58.47545, -121.88227 58.47578, -121.8825 58.47612, -121.88272 58.47647, -121.88295 58.47683, -121.88325 58.47717, -121.88371 58.47743, -121.88429 58.47764, -121.8849 58.47781, -121.88541 58.47802, -121.88574 58.47832, -121.88604 58.47863, -121.88656 58.47885, -121.88725 58.479, -121.88796 58.47916, -121.88867 58.47935, -121.88944 58.47952, -121.89023 58.47962, -121.89105 58.47966, -121.89187 58.47964, -121.89269 58.47958, -121.89356 58.47952, -121.89283 58.48001, -121.89244 58.48022, -121.89182 58.48034, -121.89115 58.48046, -121.89047 58.4806, -121.88986 58.48084, -121.88932 58.48116, -121.88876 58.48147, -121.88804 58.48174, -121.88722 58.48186, -121.8863 58.48189, -121.88532 58.48193, -121.88432 58.48196, -121.88333 58.48198, -121.8823 58.48195, -121.88128 58.48185, -121.8803 58.48165, -121.87936 58.48141, -121.8784 58.48116, -121.87747 58.48092, -121.87653 58.48068, -121.87561 58.48044, -121.87474 58.48018, -121.87392 58.47988, -121.87314 58.47955, -121.87241 58.4792, -121.8717 58.47884, -121.87098 58.47849, -121.87029 58.47816, -121.86961 58.47782, -121.86902 58.47747, -121.86874 58.47708, -121.86889 58.47672, -121.86943 58.47642, -121.87019 58.47618, -121.87105 58.47601, -121.87192 58.47592, -121.87282 58.47589, -121.87374 58.47587, -121.87458 58.4758, -121.87529 58.47556, -121.87566 58.4752, -121.87565 58.47481, -121.87534 58.47444, -121.8748 58.47414, -121.87413 58.47392, -121.87342 58.47377, -121.87272 58.47368, -121.872 58.47359, -121.87139 58.4734, -121.8711 58.47309, -121.87103 58.47275, -121.87117 58.4724, -121.87159 58.47172, -121.87192 58.47142, -121.87245 58.47123, -121.87308 58.47109, -121.87369 58.4709, -121.87414 58.47061, -121.87447 58.4703, -121.87484 58.47002, -121.87537 58.46984))"
108,2023-07-29 10:30:57,2023070901,2023,4630.1,Hand sketch of any type,1688886000000,1688930440000,Out of Control,JA70003000,46301295.7235,28632.1693,205,6b2dbec3-71bd-47e5-b354-d1b329698b41,175231447.5,55697.1269453188,https://wildfiresituation.nrs.gov.bc.ca/incidents?fireYear=2023&incidentNumber=G90946,"POLYGON ((-121.055753 59.094424, -121.059697 59.102001, -121.056893 59.115409, -121.049413 59.12743, -121.04465 59.135673, -121.028476 59.14492, -121.014355 59.147978, -120.972568 59.152198, -120.97238 59.15244, -120.97201 59.15293, -120.97162 59.15343, -120.9712 59.15391, -120.97078 59.15437, -120.97034 59.15482, -120.96994 59.15525, -120.96962 59.15569, -120.96937 59.15615, -120.96889 59.15709, -120.96863 59.15752, -120.96824 59.15793, -120.96767 59.1583, -120.96693 59.1586, -120.96605 59.15888, -120.96522 59.15919, -120.9645 59.15957, -120.96397 59.16004, -120.96365 59.16057, -120.96341 59.16112, -120.96314 59.16166, -120.96285 59.16217, -120.96249 59.16261, -120.96196 59.16295, -120.96124 59.16316, -120.96037 59.16326, -120.95948 59.1633, -120.95863 59.16328, -120.95787 59.16325, -120.95724 59.16319, -120.95681 59.16302, -120.95671 59.16274, -120.95687 59.16241, -120.95732 59.16209, -120.95804 59.16176, -120.95887 59.16141, -120.95972 59.16103, -120.96058 59.16065, -120.96141 59.16026, -120.96218 59.15984, -120.96282 59.15943, -120.96332 59.15905, -120.96368 59.15871, -120.96389 59.1584, -120.96392 59.15814, -120.96369 59.15788, -120.96325 59.15769, -120.96269 59.15758, -120.96219 59.1575, -120.96187 59.15736, -120.9617 59.15715, -120.96186 59.15688, -120.96226 59.15657, -120.96284 59.15631, -120.96348 59.15606, -120.96411 59.15575, -120.96465 59.15542, -120.96512 59.15505, -120.9654 59.15462, -120.96558 59.15418, -120.96563 59.15374, -120.96568 59.15333, -120.9657 59.15295, -120.9656 59.15265, -120.96535 59.15242, -120.96493 59.15228, -120.96444 59.15233, -120.96392 59.15252, -120.96347 59.15279, -120.96302 59.1531, -120.96254 59.1534, -120.96208 59.15365, -120.96159 59.15379, -120.96102 59.15374, -120.96045 59.15351, -120.96011 59.15311, -120.96 59.15259, -120.95998 59.15199, -120.95994 59.15138, -120.959939 59.151363, -120.945879 59.15018, -120.942789 59.149403, -120.94277 59.14941, -120.94178 59.14948, -120.94071 59.14941, -120.93965 59.1493, -120.93858 59.14918, -120.93752 59.14903, -120.93645 59.14881, -120.93544 59.14852, -120.93444 59.14821, -120.93338 59.14796, -120.93224 59.14782, -120.93105 59.14774, -120.92987 59.14764, -120.92871 59.14746, -120.92758 59.14718, -120.92649 59.14688, -120.92538 59.14659, -120.92428 59.14634, -120.92317 59.14612, -120.92211 59.14589, -120.92111 59.14566, -120.92015 59.1454, -120.91932 59.14512, -120.91866 59.14477, -120.91829 59.14436, -120.9183 59.14388, -120.91877 59.14344, -120.91957 59.14306, -120.92069 59.14282, -120.921406 59.142804, -120.922662 59.14284, -120.91253 59.136321, -120.910684 59.123255, -120.912799 59.115014, -120.931029 59.103044, -120.959259 59.09419, -120.977376 59.092173, -121.002162 59.093266, -121.031663 59.092646, -121.045043 59.094055, -121.055753 59.094424))"
109,2023-07-29 10:30:57,2023051501,2023,384.6,Non-corrected airborne GPS,1684134000000,1684288905000,Under Control,JA70003000,3845520.6448,17601.5439,211,5962b3c5-baf3-41b2-9696-eff0f90c4586,12622058.046875,31886.1858116266,https://wildfiresituation.nrs.gov.bc.ca/incidents?fireYear=2023&incidentNumber=G80175,"POLYGON ((-121.953162 56.561598, -121.952711 56.561542, -121.952229 56.561559, -121.951746 56.561583, -121.951299 56.561552, -121.95097 56.561379, -121.950859 56.561079, -121.950936 56.560762, -121.951148 56.560458, -121.95145 56.560191, -121.95182 56.559974, -121.952269 56.559828, -121.952781 56.559811, -121.953345 56.559849, -121.953924 56.559789, -121.95444 56.559592, -121.95495 56.559392, -121.955363 56.559139, -121.955582 56.558821, -121.955691 56.55849, -121.955809 56.55816, -121.955928 56.557848, -121.956022 56.557548, -121.956077 56.557252, -121.956129 56.556963, -121.956016 56.556706, -121.955648 56.556509, -121.955098 56.556422, -121.954537 56.556381, -121.953987 56.556333, -121.953476 56.556236, -121.952977 56.556112, -121.952465 56.556056, -121.951974 56.556068, -121.951532 56.556162, -121.951202 56.556369, -121.950926 56.556634, -121.950559 56.556832, -121.950109 56.556892, -121.949593 56.556892, -121.949079 56.556893, -121.948575 56.556862, -121.94811 56.556803, -121.947676 56.556708, -121.947212 56.556607, -121.946703 56.556547, -121.946167 56.556548, -121.945691 56.556611, -121.945261 56.556689, -121.94485 56.556613, -121.944603 56.556396, -121.944564 56.556128, -121.944582 56.555878, -121.944349 56.555698, -121.943914 56.555713, -121.943482 56.555827, -121.943043 56.555931, -121.942666 56.556094, -121.942455 56.556359, -121.942404 56.556669, -121.942478 56.556981, -121.942572 56.557272, -121.942637 56.557549, -121.942695 56.557802, -121.942725 56.558027, -121.942719 56.558216, -121.942773 56.558415, -121.94293 56.558638, -121.943108 56.558861, -121.943218 56.559039, -121.943111 56.559182, -121.942798 56.559212, -121.94245 56.559134, -121.942123 56.558973, -121.941808 56.558813, -121.9415 56.558651, -121.94116 56.558514, -121.940777 56.558441, -121.940431 56.558467, -121.940143 56.558569, -121.939921 56.55869, -121.939842 56.558873, -121.939786 56.559051, -121.939493 56.55915, -121.939078 56.559107, -121.938683 56.558926, -121.938371 56.558646, -121.938098 56.558327, -121.937799 56.557999, -121.937483 56.557683, -121.93715 56.557381, -121.936841 56.557082, -121.936548 56.556793, -121.936294 56.556507, -121.93602 56.556248, -121.935631 56.556039, -121.93516 56.555922, -121.934695 56.555862, -121.934222 56.555806, -121.933778 56.555708, -121.933352 56.555577, -121.932944 56.555434, -121.932553 56.555302, -121.932127 56.555178, -121.931733 56.555055, -121.931347 56.554928, -121.930906 56.554882, -121.930449 56.55489, -121.930007 56.554946, -121.929607 56.555051, -121.929241 56.555175, -121.928856 56.555285, -121.928464 56.555376, -121.928073 56.555487, -121.927695 56.555599, -121.927288 56.55569, -121.926881 56.55579, -121.926526 56.555925, -121.926223 56.556104, -121.925874 56.556238, -121.925432 56.556276, -121.924961 56.556285, -121.924503 56.556336, -121.92411 56.556467, -121.923769 56.556645, -121.923426 56.556824, -121.92304 56.556988, -121.922662 56.557157, -121.92229 56.55732, -121.921895 56.557478, -121.921502 56.55765, -121.921157 56.557854, -121.920872 56.558088, -121.920596 56.558333, -121.920298 56.558579, -121.919995 56.558792, -121.919559 56.558941, -121.91901 56.558898, -121.918467 56.558748, -121.918001 56.558555, -121.91771 56.558269, -121.917647 56.557908, -121.917765 56.55753, -121.917947 56.557157, -121.918164 56.556793, -121.91837 56.556427, -121.918447 56.556057, -121.918279 56.555688, -121.918015 56.555338, -121.917855 56.554976, -121.917841 56.55461, -121.917847 56.554252, -121.91782 56.5539, -121.917893 56.553562, -121.918058 56.553233, -121.918302 56.552921, -121.918624 56.552625, -121.918984 56.552348, -121.919345 56.552097, -121.919704 56.551876, -121.919956 56.551644, -121.919924 56.551366, -121.919605 56.551108, -121.9192 56.550876, -121.918871 56.550597, -121.918606 56.550294, -121.918374 56.549985, -121.918172 56.549683, -121.917982 56.549382, -121.91781 56.549081, -121.917693 56.548791, -121.917651 56.548517, -121.917756 56.54827, -121.91797 56.548076, -121.918233 56.547936, -121.918446 56.547775, -121.918465 56.547582, -121.918248 56.547413, -121.91792 56.547313, -121.917519 56.547269, -121.917089 56.547295, -121.916633 56.547364, -121.916214 56.547445, -121.915787 56.547526, -121.915359 56.5476, -121.914933 56.547667, -121.914518 56.547746, -121.914121 56.547849, -121.913742 56.547955, -121.91335 56.547988, -121.912959 56.547947, -121.912589 56.547959, -121.912312 56.548123, -121.912153 56.548394, -121.911978 56.548674, -121.91169 56.548905, -121.911302 56.549101, -121.910903 56.549268, -121.910474 56.549414, -121.910015 56.549497, -121.909531 56.549474, -121.909084 56.549318, -121.908756 56.549064, -121.908621 56.548764, -121.908575 56.548469, -121.908764 56.548188, -121.909211 56.547991, -121.909767 56.547868, -121.910387 56.547755, -121.911037 56.547643, -121.911681 56.547525, -121.912313 56.547405, -121.912961 56.547285, -121.913588 56.54717, -121.914199 56.54706, -121.914811 56.54693, -121.915408 56.546797, -121.916005 56.546701, -121.916587 56.546674, -121.917145 56.54674, -121.917681 56.546848, -121.918207 56.54692, -121.918739 56.546885, -121.919216 56.546769, -121.919617 56.546608, -121.91995 56.546426, -121.920162 56.546206, -121.920113 56.545953, -121.919786 56.545705, -121.919338 56.545495, -121.918913 56.545281, -121.918594 56.545032, -121.918522 56.544769, -121.918719 56.544544, -121.919097 56.544426, -121.919562 56.544407, -121.920004 56.544482, -121.920407 56.544557, -121.92082 56.544531, -121.921142 56.544351, -121.921254 56.544086, -121.921212 56.543806, -121.92113 56.543541, -121.921016 56.543277, -121.920862 56.543024, -121.920721 56.542794, -121.920693 56.542583, -121.920871 56.542403, -121.921168 56.542248, -121.921465 56.542091, -121.921654 56.541874, -121.921804 56.541642, -121.922005 56.541419, -121.922252 56.541203, -121.922509 56.540997, -121.922713 56.540772, -121.922844 56.540524, -121.922909 56.540267, -121.922903 56.540005, -121.922849 56.539752, -121.922758 56.539508, -121.922669 56.539262, -121.92259 56.539021, -121.922509 56.538789, -121.922428 56.538565, -121.922318 56.538348, -121.922176 56.538144, -121.921931 56.537959, -121.921603 56.537784, -121.921252 56.537614, -121.920919 56.537439, -121.920658 56.537223, -121.920521 56.536984, -121.920508 56.536729, -121.92045 56.536471, -121.920366 56.536226, -121.920256 56.535998, -121.920107 56.535775, -121.919936 56.535553, -121.919747 56.53534, -121.919549 56.535138, -121.919333 56.534932, -121.9191 56.534727, -121.918845 56.534539, -121.918553 56.534364, -121.918394 56.534289, -121.918219 56.534207, -121.917821 56.534088, -121.917394 56.534017, -121.916942 56.533978, -121.916548 56.533969, -121.915539 56.533542, -121.915409 56.533351, -121.916136 56.532951, -121.917594 56.532728, -121.920091 56.532332, -121.920635 56.532011, -121.920901 56.531781, -121.921168 56.531587, -121.921522 56.531549, -121.921884 56.531643, -121.92213 56.53186, -121.922341 56.532091, -121.922647 56.532286, -121.92307 56.532388, -121.923566 56.532327, -121.924036 56.532132, -121.924431 56.531853, -121.924858 56.531629, -121.925349 56.531535, -121.92586 56.531569, -121.926323 56.531693, -121.926684 56.5319, -121.926984 56.532141, -121.927304 56.532371, -121.927706 56.532544, -121.928145 56.532671, -121.92851 56.532847, -121.92868 56.533121, -121.928624 56.533426, -121.928511 56.533727, -121.92842 56.534021, -121.928319 56.534303, -121.92813 56.534575, -121.927772 56.534811, -121.927254 56.534964, -121.926763 56.535135, -121.926405 56.535358, -121.926343 56.535649, -121.926534 56.53594, -121.926736 56.536238, -121.926894 56.536575, -121.927047 56.536933, -121.92723 56.537292, -121.927421 56.537648, -121.927665 56.537995, -121.927932 56.538328, -121.928246 56.538632, -121.928594 56.538929, -121.929018 56.53918, -121.92958 56.53934, -121.93021 56.539418, -121.930874 56.539434, -121.931519 56.539479, -121.93212 56.53956, -121.932665 56.539679, -121.933065 56.539852, -121.933259 56.540089, -121.93334 56.540354, -121.933457 56.540618, -121.933621 56.540734, -121.933907 56.540811, -121.934277 56.540813, -121.934827 56.540794, -121.935388 56.540717, -121.93588 56.540558, -121.936325 56.540372, -121.936686 56.54013, -121.936909 56.539823, -121.937051 56.539505, -121.9371 56.539182, -121.937157 56.538861, -121.937169 56.538745, -121.937189 56.538538, -121.937183 56.538285, -121.93718 56.538203, -121.937126 56.537851, -121.937089 56.537493, -121.937088 56.537124, -121.937097 56.536743, -121.937099 56.53664, -121.9371 56.5366, -121.937105 56.536363, -121.937106 56.536228, -121.937107 56.536173, -121.937109 56.535988, -121.937107 56.535605, -121.937107 56.53559, -121.937108 56.53551, -121.937109 56.535224, -121.937108 56.535084, -121.937108 56.535023, -121.937108 56.535014, -121.937102 56.534989, -121.937097 56.534961, -121.937099 56.534934, -121.937106 56.534915, -121.937107 56.534909, -121.937107 56.534904, -121.937107 56.534846, -121.937101 56.534822, -121.9371 56.534793, -121.937097 56.534771, -121.937099 56.53476, -121.937097 56.534738, -121.937096 56.534737, -121.937088 56.534712, -121.937095 56.534685, -121.93708 56.534474, -121.93704 56.534127, -121.937025 56.533814, -121.937083 56.533531, -121.937294 56.533285, -121.93767 56.53311, -121.938154 56.532992, -121.938657 56.532934, -121.939177 56.532917, -121.939535 56.532945, -121.939966 56.53325, -121.940344 56.533543, -121.940698 56.533848, -121.941007 56.534156, -121.941291 56.534474, -121.941389 56.534593, -121.941554 56.534794, -121.941835 56.535111, -121.942226 56.535396, -121.942703 56.535653, -121.9432 56.535916, -121.943632 56.536183, -121.943947 56.536423, -121.943994 56.536458, -121.944267 56.536747, -121.944403 56.537038, -121.944395 56.537316, -121.944257 56.537423, -121.94412 56.53753, -121.943679 56.537652, -121.943267 56.537807, -121.942957 56.538038, -121.942881 56.53835, -121.942977 56.538694, -121.942991 56.539053, -121.942994 56.539424, -121.942922 56.539781, -121.942776 56.540127, -121.942646 56.540481, -121.94252 56.540798, -121.942338 56.54102, -121.942303 56.541063, -121.941935 56.541244, -121.941457 56.541306, -121.940995 56.541247, -121.940936 56.541239, -121.94041 56.541106, -121.939956 56.540931, -121.939515 56.54078, -121.939037 56.540728, -121.938542 56.540775, -121.938096 56.540858, -121.937711 56.541041, -121.937452 56.541268, -121.937232 56.541496, -121.937016 56.541716, -121.936666 56.541873, -121.936321 56.542027, -121.936066 56.542235, -121.935901 56.542494, -121.935578 56.542728, -121.935166 56.542934, -121.934713 56.543102, -121.934306 56.543231, -121.934056 56.543379, -121.934089 56.543561, -121.934409 56.543695, -121.934906 56.543753, -121.935412 56.543788, -121.935857 56.54385, -121.936302 56.543904, -121.936779 56.543888, -121.937229 56.543806, -121.937674 56.543729, -121.938091 56.543747, -121.938403 56.543895, -121.938618 56.544131, -121.938869 56.54434, -121.939184 56.544481, -121.93961 56.544513, -121.940053 56.5444, -121.940477 56.544245, -121.940974 56.544185, -121.941423 56.544242, -121.941812 56.544391, -121.942011 56.544601, -121.941863 56.544842, -121.941437 56.545012, -121.940873 56.545104, -121.940279 56.545181, -121.939729 56.545348, -121.939401 56.545678, -121.93945 56.546082, -121.939856 56.546515, -121.940412 56.54696, -121.941034 56.547398, -121.941681 56.547847, -121.942341 56.54829, -121.943025 56.54873, -121.943758 56.549159, -121.944547 56.54956, -121.945342 56.549941, -121.946152 56.550319, -121.946961 56.550694, -121.947768 56.551068, -121.948561 56.551431, -121.94933 56.551798, -121.950062 56.552161, -121.950765 56.552504, -121.951453 56.552834, -121.952108 56.553141, -121.952756 56.553425, -121.953388 56.553684, -121.954036 56.553875, -121.954704 56.553968, -121.955383 56.55396, -121.956003 56.553971, -121.956541 56.554083, -121.956973 56.554285, -121.957378 56.554499, -121.957706 56.554715, -121.957841 56.554978, -121.957809 56.555256, -121.957721 56.555525, -121.957599 56.555756, -121.957446 56.555961, -121.957272 56.556152, -121.957168 56.556385, -121.957165 56.556653, -121.957187 56.556939, -121.95721 56.557237, -121.957226 56.557541, -121.957227 56.557845, -121.957242 56.558141, -121.957242 56.558148, -121.958052 56.558386, -121.95788 56.558888, -121.957312 56.558933, -121.957318 56.559022, -121.95732 56.55931, -121.957348 56.559597, -121.957379 56.559876, -121.957442 56.560162, -121.957571 56.560454, -121.957741 56.560747, -121.95793 56.561015, -121.95814 56.561246, -121.958247 56.561474, -121.958042 56.561683, -121.957588 56.56183, -121.957057 56.561927, -121.956532 56.562004, -121.956005 56.562023, -121.955483 56.562039, -121.955055 56.562115, -121.954807 56.562239, -121.954606 56.56237, -121.954243 56.562392, -121.953893 56.562257, -121.953665 56.562017, -121.953453 56.561778, -121.953162 56.561598))"
110,2023-07-29 10:30:57,2023051301,2023,6422.2,Non-corrected airborne GPS,1683961200000,1684039732000,Under Control,JA70003000,64221718.2663,51424.178,213,e805a2f0-f28c-47d6-bce3-04d24f1c57cd,208066083.992188,92588.4695334591,https://wildfiresituation.nrs.gov.bc.ca/incidents?fireYear=2023&incidentNumber=G80220,"POLYGON ((-120.053273 56.331006, -120.052826 56.330975, -120.052379 56.330956, -120.051924 56.330964, -120.051467 56.330993, -120.051024 56.331045, -120.05059 56.33112, -120.049728 56.331303, -120.048959 56.33145, -120.048586 56.331487, -120.048233 56.33148, -120.047923 56.331436, -120.047656 56.331346, -120.047441 56.331209, -120.047264 56.331042, -120.047121 56.33086, -120.046888 56.330465, -120.046788 56.330254, -120.046716 56.330039, -120.046669 56.32982, -120.046648 56.329605, -120.046653 56.329388, -120.046699 56.328953, -120.046792 56.328506, -120.046858 56.328275, -120.047017 56.327808, -120.047122 56.327581, -120.047247 56.327357, -120.047421 56.327145, -120.047637 56.326947, -120.048173 56.326564, -120.048764 56.326183, -120.049083 56.326002, -120.049764 56.325658, -120.050115 56.325502, -120.050471 56.325365, -120.05084 56.325242, -120.05123 56.325135, -120.05164 56.325046, -120.054765 56.32456, -120.055199 56.324475, -120.055612 56.324373, -120.055985 56.324249, -120.056324 56.324105, -120.056612 56.323943, -120.056847 56.323761, -120.057019 56.323558, -120.057129 56.323342, -120.057187 56.323116, -120.057213 56.322881, -120.057234 56.322399, -120.057235 56.322146, -120.057222 56.321896, -120.057194 56.321638, -120.05714 56.321383, -120.057064 56.321132, -120.05693 56.320889, -120.056736 56.320658, -120.056476 56.320452, -120.056155 56.32028, -120.050658 56.319327, -120.038457 56.31933, -120.038085 56.319417, -120.037437 56.319467, -120.03724 56.319549, -120.037098 56.319674, -120.037011 56.319814, -120.036957 56.319978, -120.036915 56.320552, -120.036939 56.32075, -120.036924 56.320927, -120.036876 56.321104, -120.036822 56.321262, -120.036697 56.321369, -120.036529 56.32146, -120.036317 56.321513, -120.036092 56.321533, -120.035866 56.321534, -120.035593 56.321523, -120.034339 56.321419, -120.033999 56.3214, -120.033248 56.32139, -120.032355 56.321412, -120.031949 56.321403, -120.031656 56.321368, -120.030677 56.321166, -120.030687 56.321029, -120.030615 56.32086, -120.03058 56.320675, -120.030525 56.320484, -120.030497 56.32029, -120.030374 56.320115, -120.027066 56.319334, -120.024461 56.319336, -120.023577 56.319265, -120.022692 56.319259, -120.017594 56.318836, -120.017552 56.318328, -120.017562 56.317491, -120.01759 56.317054, -120.017601 56.316595, -120.017593 56.316359, -120.017601 56.315626, -120.01762 56.315378, -120.017626 56.315132, -120.017627 56.314869, -120.017586 56.314375, -120.017528 56.314139, -120.017428 56.313922, -120.017312 56.313708, -120.017147 56.313529, -120.016944 56.313394, -120.016689 56.31329, -120.016428 56.313221, -120.016127 56.313206, -120.015815 56.313215, -120.015494 56.313247, -120.015171 56.313298, -120.014855 56.313362, -120.014561 56.313443, -120.014281 56.313538, -120.014 56.31365, -120.013723 56.31378, -120.013501 56.313922, -120.013281 56.314078, -120.013126 56.314279, -120.013024 56.314483, -120.012949 56.314712, -120.01273 56.315632, -120.012605 56.315881, -120.012521 56.3161, -120.012377 56.316333, -120.012458 56.316861, -120.012177 56.316946, -120.011895 56.316954, -120.011647 56.316915, -120.010859 56.316629, -120.010633 56.316515, -120.010407 56.31638, -120.010211 56.316193, -120.009963 56.316066, -120.009701 56.315946, -120.009413 56.315859, -120.009123 56.315809, -120.008852 56.31578, -120.008118 56.315751, -120.007842 56.315717, -120.007536 56.315654, -120.007526 56.315703, -120.007081 56.315582, -120.006172 56.315314, -120.005184 56.315051, -120.004492 56.314898, -120.004082 56.31484, -120.003861 56.314844, -120.00363 56.314896, -120.003405 56.315001, -120.003195 56.315147, -120.002622 56.315669, -120.002428 56.315827, -120.0022 56.31596, -120.001938 56.316066, -120.001652 56.316139, -120.00146 56.316132, -119.999545 56.316062, -119.996259 56.314505, -119.99586 56.314224, -119.991378 56.312051, -119.990772 56.311767, -119.988919 56.310951, -119.988327 56.310674, -119.987778 56.310372, -119.987273 56.310042, -119.986812 56.309686, -119.986371 56.309321, -119.985913 56.308961, -119.985396 56.308624, -119.984824 56.308318, -119.984211 56.308039, -119.983558 56.307783, -119.982878 56.307548, -119.980801 56.306917, -119.980141 56.306675, -119.979504 56.306409, -119.978256 56.305838, -119.976384 56.304953, -119.969629 56.301681, -119.967297 56.300572, -119.963525 56.298812, -119.96255 56.298346, -119.961226 56.297692, -119.959341 56.296796, -119.94978 56.294469, -119.949521 56.294448, -119.94784 56.293929, -119.94783 56.29384, -119.94785 56.293736, -119.947742 56.293632, -119.947611 56.293537, -119.947452 56.293466, -119.947269 56.293417, -119.947071 56.293392, -119.946872 56.293387, -119.946488 56.293406, -119.946324 56.293384, -119.946195 56.293322, -119.946104 56.293224, -119.946038 56.293099, -119.945719 56.292342, -119.945672 56.292182, -119.945649 56.292024, -119.94566 56.291868, -119.945707 56.291715, -119.945787 56.291565, -119.946174 56.290985, -119.946429 56.290557, -119.94652 56.290425, -119.946624 56.290301, -119.946739 56.290187, -119.947438 56.289628, -119.947706 56.289391, -119.947906 56.289279, -119.948239 56.289152, -119.948322 56.2891, -119.94836 56.289044, -119.948361 56.288986, -119.948307 56.288832, -119.948293 56.288714, -119.948328 56.288579, -119.948536 56.288114, -119.948609 56.287909, -119.948665 56.287817, -119.948746 56.287737, -119.948841 56.287678, -119.948971 56.287628, -119.949138 56.287595, -119.94952 56.287578, -119.95032 56.287564, -119.950514 56.28755, -119.950696 56.287521, -119.950853 56.287472, -119.950965 56.287398, -119.951032 56.287308, -119.951068 56.287213, -119.951073 56.287115, -119.951064 56.287022, -119.951029 56.286929, -119.950958 56.28685, -119.950854 56.286784, -119.950734 56.286734, -119.950251 56.286609, -119.949861 56.286487, -119.949557 56.28641, -119.949225 56.286352, -119.949067 56.286311, -119.948948 56.286259, -119.948864 56.286198, -119.948819 56.286124, -119.948806 56.28604, -119.94883 56.285946, -119.94893 56.28574, -119.948994 56.285638, -119.949073 56.28554, -119.949284 56.285353, -119.949416 56.285265, -119.94957 56.285189, -119.949916 56.285064, -119.950468 56.284913, -119.950793 56.284812, -119.950934 56.28475, -119.951162 56.284616, -119.951241 56.284538, -119.951301 56.28445, -119.951341 56.28436, -119.951356 56.28426, -119.951352 56.284157, -119.951329 56.284051, -119.951146 56.28363, -119.951111 56.283425, -119.951119 56.283325, -119.951155 56.283223, -119.951258 56.283006, -119.951272 56.282898, -119.951248 56.282791, -119.951195 56.282682, -119.951123 56.282576, -119.951033 56.282474, -119.950803 56.282271, -119.950552 56.282073, -119.950406 56.281973, -119.950244 56.281877, -119.950059 56.281789, -119.949847 56.281718, -119.949626 56.281662, -119.949391 56.281624, -119.947391 56.2814, -119.947149 56.281356, -119.946932 56.2813, -119.94674 56.281226, -119.946572 56.281132, -119.946428 56.281031, -119.946321 56.280919, -119.946113 56.280668, -119.945876 56.280436, -119.945734 56.280342, -119.945568 56.280264, -119.945385 56.28021, -119.945186 56.280175, -119.944981 56.280157, -119.944773 56.280157, -119.944569 56.280175, -119.944371 56.280205, -119.944184 56.280249, -119.944015 56.280311, -119.94387 56.280387, -119.943756 56.280476, -119.943684 56.280581, -119.943634 56.280691, -119.943513 56.281035, -119.943394 56.281256, -119.943311 56.281356, -119.943118 56.281539, -119.942994 56.281613, -119.942853 56.281675, -119.942709 56.281722, -119.942562 56.281753, -119.942395 56.281761, -119.942232 56.281749, -119.941903 56.28167, -119.941148 56.281385, -119.940921 56.281244, -119.940845 56.281164, -119.940785 56.281078, -119.940773 56.28099, -119.940774 56.280985, -119.940775 56.280983, -119.940792 56.280899, -119.940896 56.280714, -119.94103 56.280566, -119.941026 56.280567, -119.940931 56.280551, -119.941074 56.280416, -119.941036 56.280423, -119.940898 56.280494, -119.940818 56.280489, -119.941186 56.280209, -119.941196 56.2802, -119.941287 56.279846, -119.941295 56.279772, -119.941275 56.279577, -119.941413 56.279276, -119.941529 56.279188, -119.941656 56.279108, -119.94201 56.279005, -119.94211 56.279007, -119.942143 56.278984, -119.942296 56.278901, -119.942713 56.278721, -119.94288 56.27859, -119.942965 56.278463, -119.942975 56.27833, -119.942894 56.278201, -119.942767 56.278079, -119.942607 56.277974, -119.942409 56.277885, -119.942196 56.277842, -119.941956 56.277815, -119.941168 56.277799, -119.94 56.277725, -119.939703 56.277693, -119.938819 56.277547, -119.938516 56.27748, -119.938224 56.277395, -119.937969 56.277281, -119.937798 56.27713, -119.937674 56.276952, -119.937566 56.276763, -119.937554 56.276739, -119.937472 56.276568, -119.937231 56.275976, -119.937126 56.275787, -119.936936 56.275657, -119.936708 56.275554, -119.936438 56.275478, -119.936162 56.275424, -119.935854 56.275399, -119.935534 56.275381, -119.935209 56.275383, -119.934918 56.275418, -119.934668 56.275501, -119.934499 56.275616, -119.934168 56.275991, -119.934038 56.276078, -119.933892 56.276115, -119.933712 56.276109, -119.933513 56.276071, -119.933296 56.276009, -119.932641 56.275744, -119.932402 56.275661, -119.932131 56.275608, -119.931838 56.275583, -119.930907 56.275561, -119.929472 56.275599, -119.929148 56.275589, -119.928806 56.275649, -119.928363 56.275491, -119.928268 56.275352, -119.928214 56.274997, -119.928217 56.27387, -119.92824 56.273635, -119.928231 56.273398, -119.928246 56.272902, -119.928277 56.272411, -119.928338 56.272157, -119.928303 56.271893, -119.926185 56.271465, -119.926539 56.271254, -119.926827 56.271018, -119.927205 56.27056, -119.92738 56.270263, -119.927369 56.270166, -119.927292 56.270069, -119.927171 56.269992, -119.92702 56.269926, -119.926271 56.269787, -119.926064 56.269735, -119.925892 56.269677, -119.925776 56.2696, -119.925698 56.269519, -119.92569 56.269435, -119.925743 56.269351, -119.92586 56.269277, -119.926026 56.269216, -119.926235 56.269172, -119.92648 56.269138, -119.926752 56.269114, -119.927044 56.269097, -119.927961 56.269071, -119.928887 56.269015, -119.929873 56.268912, -119.930591 56.268823, -119.931339 56.2687, -119.931708 56.268625, -119.932066 56.26854, -119.932716 56.268347, -119.933031 56.268264, -119.933347 56.268211, -119.933652 56.268193, -119.933931 56.268208, -119.934175 56.268272, -119.934379 56.268371, -119.934511 56.26849, -119.934593 56.268636, -119.934643 56.268794, -119.934713 56.268948, -119.934841 56.269089, -119.935037 56.269204, -119.935281 56.269292, -119.935545 56.269351, -119.935824 56.269381, -119.936107 56.269386, -119.936404 56.26936, -119.936694 56.269315, -119.93698 56.269257, -119.937263 56.269179, -119.937536 56.269084, -119.937797 56.26897, -119.938059 56.268846, -119.93856 56.268589, -119.938819 56.26847, -119.939085 56.268372, -119.939382 56.268302, -119.939703 56.268267, -119.940038 56.268273, -119.940396 56.268309, -119.940762 56.268374, -119.941122 56.268453, -119.941476 56.268546, -119.943245 56.269051, -119.94401 56.269247, -119.945976 56.269775, -119.946785 56.269969, -119.947179 56.270053, -119.947559 56.270119, -119.947938 56.270169, -119.948303 56.270174, -119.948651 56.270139, -119.948961 56.270066, -119.94922 56.269957, -119.949407 56.269819, -119.949512 56.269661, -119.949567 56.269507, -119.949539 56.269346, -119.949401 56.26902, -119.949303 56.268854, -119.948919 56.268369, -119.948823 56.268203, -119.94878 56.26803, -119.948791 56.267851, -119.948864 56.267669, -119.948991 56.26749, -119.949165 56.267317, -119.949379 56.26715, -119.94961 56.266994, -119.949855 56.266847, -119.950375 56.266575, -119.950603 56.266433, -119.950787 56.266278, -119.950909 56.266112, -119.950971 56.265941, -119.950995 56.265763, -119.951131 56.263088, -119.951136 56.262832, -119.951101 56.261833, -119.951109 56.261615, -119.951141 56.261423, -119.951199 56.261258, -119.951291 56.261116, -119.951412 56.261009, -119.951559 56.260934, -119.95173 56.260905, -119.951914 56.260923, -119.952105 56.260978, -119.952314 56.261056, -119.952533 56.261155, -119.952968 56.261425, -119.953697 56.261904, -119.953975 56.262072, -119.954572 56.2624, -119.954896 56.262562, -119.95557 56.262857, -119.956601 56.263244, -119.957213 56.263445, -119.957497 56.263518, -119.957771 56.263568, -119.95805 56.263596, -119.958627 56.26362, -119.959236 56.263677, -119.960568 56.263837, -119.961286 56.263944, -119.962827 56.264255, -119.963236 56.264321, -119.963662 56.264361, -119.9641 56.264367, -119.964539 56.264335, -119.96497 56.264277, -119.965392 56.264198, -119.965794 56.264099, -119.966179 56.263988, -119.966531 56.263858, -119.966849 56.263718, -119.967125 56.263556, -119.96735 56.263382, -119.967529 56.263192, -119.967659 56.262987, -119.967874 56.262565, -119.968004 56.262366, -119.968182 56.262195, -119.968404 56.262052, -119.968668 56.261932, -119.96897 56.261839, -119.969305 56.261777, -119.970038 56.261709, -119.972266 56.26156, -119.972996 56.261502, -119.973723 56.261435, -119.975208 56.261272, -119.975997 56.261197, -119.976407 56.261168, -119.976826 56.261152, -119.977251 56.26115, -119.978121 56.261179, -119.978547 56.261206, -119.978966 56.261259, -119.979369 56.261329, -119.979731 56.261426, -119.980071 56.261551, -119.980378 56.261701, -119.98067 56.261864, -119.981481 56.2624, -119.982326 56.262936, -119.982633 56.2631, -119.982961 56.263245, -119.983311 56.263361, -119.983687 56.263448, -119.984081 56.263512, -119.9845 56.263555, -119.984942 56.263576, -119.985873 56.263591, -119.988372 56.263654, -119.990463 56.263672, -119.994288 56.263674, -119.994878 56.263682, -119.996072 56.26372, -119.996644 56.263762, -119.997189 56.263827, -119.997685 56.263911, -119.998135 56.264024, -119.999273 56.264349, -119.999843 56.264484, -120.000095 56.264509, -120.000503 56.264468, -120.000771 56.264419, -120.000898 56.264415, -120.00102 56.264425, -120.001151 56.264462, -120.001272 56.264515, -120.001443 56.26468, -120.001453 56.264693, -120.001604 56.264884, -120.00171 56.264984, -120.001836 56.265073, -120.001974 56.265148, -120.002121 56.265206, -120.002219 56.265269, -120.002367 56.265428, -120.002479 56.265631, -120.002516 56.265741, -120.002523 56.265969, -120.002545 56.266088, -120.002597 56.266203, -120.002754 56.266421, -120.002802 56.26653, -120.00282 56.266761, -120.002803 56.266881, -120.002766 56.267005, -120.002636 56.26725, -120.002425 56.267592, -120.002388 56.26771, -120.00239 56.267824, -120.002418 56.267935, -120.002464 56.268044, -120.002623 56.268356, -120.002707 56.268553, -120.002741 56.26866, -120.00277 56.268907, -120.002758 56.2692, -120.002777 56.269347, -120.002845 56.269487, -120.002972 56.269605, -120.003149 56.269687, -120.003376 56.26972, -120.003627 56.269723, -120.003892 56.269698, -120.00476 56.269579, -120.006024 56.269432, -120.007015 56.269335, -120.007319 56.269294, -120.007849 56.269185, -120.0084 56.269045, -120.00855 56.269031, -120.008704 56.269032, -120.009397 56.269178, -120.009625 56.269188, -120.009857 56.269166, -120.010081 56.269117, -120.010452 56.268987, -120.010713 56.268874, -120.010968 56.268804, -120.011658 56.268686, -120.012179 56.268609, -120.012336 56.268571, -120.012443 56.268518, -120.012506 56.268445, -120.012509 56.268356, -120.012473 56.268267, -120.012403 56.268186, -120.01229 56.268112, -120.011468 56.267663, -120.011254 56.267508, -120.011175 56.267438, -120.01112 56.267363, -120.011087 56.267283, -120.011091 56.267201, -120.011136 56.266923, -120.011166 56.266823, -120.011211 56.266725, -120.011282 56.266624, -120.011391 56.266544, -120.011553 56.266474, -120.011757 56.266425, -120.011995 56.266393, -120.012267 56.266376, -120.013446 56.266383, -120.016667 56.266346, -120.0189 56.266357, -120.01924 56.266373, -120.019579 56.266406, -120.020196 56.266501, -120.020456 56.266569, -120.020845 56.266714, -120.021031 56.266831, -120.021124 56.266923, -120.021151 56.266965, -120.021203 56.267123, -120.021204 56.267182, -120.021188 56.267231, -120.021152 56.267273, -120.020981 56.267376, -120.02089 56.267461, -120.020803 56.26756, -120.020746 56.267606, -120.020597 56.267708, -120.020377 56.267823, -120.020175 56.267949, -120.020129 56.268021, -120.020096 56.268158, -120.020068 56.268222, -120.020015 56.268276, -120.019737 56.268422, -120.019658 56.268492, -120.01956 56.268537, -120.019449 56.268565, -120.019318 56.268554, -120.018486 56.268358, -120.018108 56.26831, -120.017726 56.268287, -120.017402 56.268326, -120.017276 56.268356, -120.017182 56.268408, -120.017101 56.268468, -120.016903 56.268675, -120.016739 56.268804, -120.016554 56.268983, -120.016356 56.269138, -120.016185 56.269299, -120.016088 56.269415, -120.015934 56.269648, -120.015904 56.269713, -120.015892 56.269779, -120.015909 56.269906, -120.015932 56.269954, -120.016004 56.270032, -120.015916 56.270119, -120.015907 56.270165, -120.01592 56.270216, -120.01596 56.270263, -120.016012 56.27029, -120.016137 56.270326, -120.016238 56.270376, -120.01628 56.270407, -120.016301 56.270442, -120.01631 56.270521, -120.016329 56.270563, -120.016384 56.270599, -120.016685 56.270691, -120.017025 56.270811, -120.017432 56.270885, -120.01756 56.27092, -120.017657 56.270959, -120.017746 56.271017, -120.017784 56.271054, -120.017909 56.271233, -120.018362 56.271508, -120.018581 56.271684, -120.018942 56.271916, -120.019105 56.272047, -120.019142 56.272096, -120.019159 56.272143, -120.019155 56.272189, -120.019058 56.272357, -120.019019 56.272394, -120.018884 56.272448, -120.018617 56.272526, -120.018343 56.27255, -120.020721 56.274356, -120.020841 56.274403, -120.020847 56.274513, -120.020818 56.274576, -120.020809 56.274688, -120.020833 56.274807, -120.020823 56.274865, -120.020767 56.274918, -120.020799 56.274982, -120.020773 56.275152, -120.020796 56.275176, -120.020806 56.275209, -120.020763 56.275287, -120.020777 56.27532, -120.020811 56.27528, -120.020793 56.275336, -120.020804 56.275362, -120.020861 56.275413, -120.02084 56.275491, -120.020852 56.275531, -120.02085 56.275573, -120.020877 56.275659, -120.020883 56.275914, -120.020861 56.276025, -120.020873 56.276082, -120.020863 56.276154, -120.020872 56.276227, -120.020865 56.276261, -120.020869 56.276343, -120.020845 56.276391, -120.020849 56.276528, -120.020843 56.276568, -120.020868 56.276727, -120.02086 56.27679, -120.020865 56.276823, -120.020883 56.276897, -120.020915 56.276917, -120.020896 56.277024, -120.020867 56.277055, -120.020853 56.277103, -120.020826 56.277132, -120.020809 56.277224, -120.020784 56.277288, -120.020789 56.277321, -120.020822 56.277372, -120.020808 56.277485, -120.02087 56.277612, -120.020966 56.277705, -120.020995 56.277776, -120.02102 56.277799, -120.021026 56.277865, -120.0211 56.277933, -120.021362 56.278069, -120.021403 56.278131, -120.021435 56.278128, -120.021539 56.278164, -120.02164 56.278175, -120.021755 56.278203, -120.021925 56.27829, -120.022138 56.278354, -120.022188 56.278353, -120.022355 56.278404, -120.022444 56.278447, -120.022554 56.278466, -120.022664 56.278526, -120.022718 56.27854, -120.02279 56.278579, -120.022917 56.278602, -120.022959 56.278596, -120.02299 56.278616, -120.023027 56.278619, -120.023237 56.27869, -120.02365 56.278799, -120.023795 56.278856, -120.023894 56.27887, -120.024018 56.278903, -120.024062 56.278926, -120.024422 56.279023, -120.024874 56.279193, -120.024888 56.279214, -120.024893 56.279259, -120.024926 56.279323, -120.024926 56.279404, -120.024945 56.279428, -120.024938 56.279462, -120.024983 56.279516, -120.024968 56.279556, -120.024967 56.279626, -120.025024 56.279778, -120.025007 56.279866, -120.024958 56.279917, -120.024986 56.27994, -120.025042 56.279951, -120.024999 56.280049, -120.025009 56.280117, -120.025032 56.280146, -120.025092 56.280187, -120.025121 56.28029, -120.025075 56.280598, -120.025765 56.28071, -120.026688 56.281069, -120.027767 56.281405, -120.028135 56.281584, -120.028366 56.281831, -120.028401 56.281983, -120.028401 56.28206, -120.028537 56.282095, -120.028612 56.282088, -120.030426 56.28201, -120.030946 56.281948, -120.030945 56.281874, -120.030973 56.281771, -120.030965 56.281371, -120.030981 56.281221, -120.031168 56.281101, -120.03168 56.281047, -120.031974 56.281037, -120.034064 56.281046, -120.034464 56.281034, -120.035715 56.28103, -120.037955 56.281047, -120.041288 56.281041, -120.04176 56.281056, -120.042671 56.281028, -120.044716 56.281028, -120.045 56.281028, -120.048388 56.281027, -120.04884 56.281013, -120.049294 56.281033, -120.050209 56.281044, -120.052024 56.281043, -120.052479 56.281027, -120.052929 56.281043, -120.054257 56.281018, -120.054702 56.280995, -120.059285 56.281143, -120.059626 56.281115, -120.05996 56.281061, -120.060306 56.28103, -120.060637 56.280983, -120.060957 56.2809, -120.061303 56.280624, -120.06135 56.280475, -120.061351 56.280316, -120.061311 56.278503, -120.061307 56.277582, -120.061446 56.277283, -120.062214 56.277273, -120.063487 56.277289, -120.064137 56.277271, -120.065441 56.27727, -120.068863 56.277299, -120.069328 56.27732, -120.070737 56.277324, -120.07296 56.277347, -120.073704 56.277338, -120.074523 56.277529, -120.074702 56.277611, -120.075233 56.277967, -120.07548 56.278107, -120.075573 56.278181, -120.075646 56.278252, -120.07574 56.27842, -120.075811 56.278498, -120.07604 56.278621, -120.076521 56.278807, -120.076709 56.278862, -120.076903 56.278908, -120.077461 56.279013, -120.077638 56.279061, -120.077969 56.27918, -120.078136 56.279229, -120.078326 56.279257, -120.078508 56.27926, -120.079164 56.279197, -120.079314 56.279202, -120.079458 56.279224, -120.079723 56.279337, -120.080019 56.279491, -120.080212 56.279556, -120.080414 56.279596, -120.080866 56.279647, -120.081083 56.279688, -120.081302 56.279758, -120.081736 56.279943, -120.085627 56.280805, -120.085987 56.280804, -120.086191 56.280803, -120.086787 56.28077, -120.087413 56.280787, -120.088781 56.280795, -120.09339 56.280805, -120.098014 56.28077, -120.101699 56.280761, -120.103113 56.280779, -120.105167 56.280768, -120.108818 56.280769, -120.10936 56.280751, -120.110778 56.280775, -120.111667 56.280778, -120.112533 56.280754, -120.114199 56.280625, -120.114604 56.280612, -120.115399 56.280611, -120.11693 56.280652, -120.117921 56.280667, -120.118199 56.28068, -120.118423 56.280706, -120.1186 56.280752, -120.118712 56.280824, -120.11877 56.280912, -120.118811 56.281021, -120.11884 56.281139, -120.118864 56.281418, -120.118887 56.281569, -120.118924 56.281724, -120.118976 56.281876, -120.119057 56.282035, -120.119169 56.282202, -120.119307 56.282359, -120.119466 56.282507, -120.119825 56.28281, -120.120023 56.28296, -120.120251 56.283096, -120.120534 56.283213, -120.12112 56.283428, -120.122 56.283768, -120.122301 56.283864, -120.122616 56.283938, -120.12293 56.284002, -120.123258 56.284053, -120.12549 56.284219, -120.125772 56.284251, -120.126022 56.284301, -120.126242 56.284369, -120.126423 56.284457, -120.12655 56.284563, -120.126626 56.284694, -120.126646 56.284843, -120.126595 56.285363, -120.126609 56.285547, -120.12667 56.285729, -120.126777 56.285905, -120.126934 56.286067, -120.127145 56.286219, -120.127403 56.286355, -120.128208 56.286734, -120.128722 56.286993, -120.129008 56.28711, -120.129329 56.287208, -120.130019 56.287368, -120.132566 56.287836, -120.132892 56.287906, -120.133181 56.288003, -120.133421 56.288121, -120.133598 56.288268, -120.134184 56.288911, -120.13451 56.289216, -120.134885 56.289491, -120.135195 56.289754, -120.135256 56.289895, -120.13525 56.290026, -120.135167 56.29013, -120.135013 56.290211, -120.134836 56.29027, -120.134424 56.290327, -120.134214 56.290343, -120.133812 56.290353, -120.133631 56.290346, -120.133453 56.290307, -120.133085 56.290181, -120.132859 56.290128, -120.132619 56.290095, -120.131773 56.290076, -120.131126 56.290083, -120.130503 56.290118, -120.130237 56.290158, -120.130012 56.290215, -120.129834 56.290283, -120.129699 56.290363, -120.129626 56.290461, -120.129624 56.290574, -120.129668 56.290681, -120.129764 56.290787, -120.129891 56.290886, -120.13004 56.290976, -120.130379 56.291133, -120.130521 56.291212, -120.130605 56.291302, -120.130604 56.291372, -120.130527 56.291421, -120.130294 56.291533, -120.13021 56.291608, -120.130146 56.291685, -120.130136 56.291765, -120.13017 56.291845, -120.130218 56.291918, -120.130332 56.291969, -120.130488 56.292007, -120.130664 56.292019, -120.131741 56.291981, -120.133328 56.29203, -120.133846 56.29209, -120.134956 56.292299, -120.135424 56.292367, -120.135651 56.292395, -120.136295 56.292448, -120.136505 56.292481, -120.136715 56.292527, -120.13779 56.292813, -120.137995 56.292875, -120.138181 56.292949, -120.138334 56.293037, -120.138451 56.293137, -120.138538 56.29324, -120.138589 56.293348, -120.138609 56.29346, -120.138594 56.293574, -120.138566 56.293685, -120.138468 56.294012, -120.138452 56.294118, -120.138463 56.294346, -120.138454 56.29447, -120.138411 56.294589, -120.138325 56.294698, -120.1382 56.2948, -120.138042 56.29488, -120.137863 56.294942, -120.137493 56.295033, -120.137354 56.295092, -120.137275 56.295169, -120.137261 56.295255, -120.137309 56.295343, -120.137511 56.295512, -120.137654 56.295592, -120.138168 56.295825, -120.138328 56.295923, -120.138457 56.296035, -120.13855 56.296166, -120.138721 56.296603, -120.138805 56.296753, -120.139145 56.297211, -120.139235 56.297373, -120.139291 56.297543, -120.139319 56.297707, -120.139366 56.29854, -120.139395 56.299984, -120.139373 56.30042, -120.139348 56.300659, -120.139301 56.300914, -120.139233 56.301179, -120.13913 56.301442, -120.139008 56.301701, -120.138863 56.301957, -120.138671 56.302178, -120.138464 56.302386, -120.13824 56.302576, -120.138004 56.302753, -120.137755 56.302915, -120.137003 56.3033, -120.136807 56.303424, -120.136661 56.303556, -120.136568 56.303695, -120.13653 56.303838, -120.136544 56.30398, -120.136594 56.304123, -120.136757 56.304395, -120.136888 56.304523, -120.137066 56.304635, -120.1373 56.304728, -120.137583 56.304794, -120.137899 56.304835, -120.138232 56.30486, -120.138915 56.304875, -120.140815 56.304874, -120.141233 56.304885, -120.141663 56.304914, -120.142098 56.304967, -120.142533 56.305048, -120.142956 56.305151, -120.14433 56.305575, -120.144613 56.305626, -120.144885 56.305629, -120.145137 56.305585, -120.145365 56.305501, -120.145556 56.305391, -120.145707 56.305256, -120.145963 56.304984, -120.146351 56.304613, -120.146502 56.304512, -120.146682 56.30443, -120.146907 56.304382, -120.147169 56.304363, -120.148325 56.304372, -120.148861 56.304343, -120.14909 56.304298, -120.149271 56.304242, -120.149382 56.304161, -120.149423 56.304063, -120.149421 56.303858, -120.149366 56.303426, -120.149399 56.303333, -120.149455 56.303248, -120.149541 56.303184, -120.149664 56.303139, -120.149803 56.303117, -120.149958 56.303108, -120.150688 56.303162, -120.152885 56.303186, -120.153076 56.303203, -120.153227 56.303245, -120.153328 56.303299, -120.153377 56.303352, -120.153406 56.303409, -120.153408 56.303461, -120.15338 56.303514, -120.153327 56.303572, -120.153193 56.303683, -120.153115 56.303733, -120.153032 56.303777, -120.152743 56.303874, -120.152664 56.303918, -120.152612 56.303974, -120.15254 56.304155, -120.15253 56.304222, -120.152543 56.304289, -120.152582 56.304356, -120.152813 56.30464, -120.15308 56.304876, -120.153139 56.304896, -120.15353 56.304929, -120.15386 56.304978, -120.154153 56.304977, -120.154457 56.304949, -120.154747 56.304891, -120.155208 56.304765, -120.155664 56.304615, -120.155909 56.304505, -120.156002 56.304444, -120.156258 56.304232, -120.156439 56.304114, -120.156601 56.304059, -120.156871 56.304022, -120.156967 56.304022, -120.157059 56.304035, -120.157268 56.304086, -120.157613 56.304235, -120.157914 56.304336, -120.158252 56.304405, -120.158428 56.30442, -120.159107 56.304396, -120.159463 56.304369, -120.159635 56.30437, -120.1599 56.304403, -120.160143 56.304471, -120.160435 56.304512, -120.160589 56.304509, -120.160732 56.304492, -120.160862 56.304452, -120.160955 56.304399, -120.161027 56.304339, -120.161143 56.304211, -120.161167 56.304093, -120.161225 56.303968, -120.161271 56.303911, -120.161488 56.303694, -120.161556 56.303641, -120.161639 56.303596, -120.161752 56.303555, -120.162052 56.303474, -120.162207 56.303449, -120.162352 56.30344, -120.162482 56.303448, -120.162588 56.303475, -120.162686 56.303514, -120.16276 56.303561, -120.162776 56.30361, -120.162738 56.303875, -120.162685 56.304464, -120.162662 56.305252, -120.162627 56.305448, -120.162552 56.305636, -120.162417 56.305817, -120.162243 56.305989, -120.162034 56.306139, -120.161566 56.306419, -120.160813 56.306825, -120.15999 56.307237, -120.159425 56.307499, -120.158868 56.307729, -120.158144 56.307999, -120.157771 56.308109, -120.157617 56.308166, -120.157495 56.308228, -120.157389 56.308304, -120.157293 56.308398, -120.157084 56.308634, -120.156918 56.308771, -120.156713 56.308919, -120.156489 56.30906, -120.154766 56.310018, -120.154574 56.310145, -120.154421 56.310278, -120.154328 56.310412, -120.154299 56.310551, -120.154336 56.31069, -120.154437 56.310817, -120.154597 56.310926, -120.155162 56.311274, -120.155342 56.311404, -120.155518 56.31154, -120.15568 56.311685, -120.155829 56.311837, -120.155943 56.311996, -120.156005 56.312163, -120.156007 56.312339, -120.155987 56.312518, -120.155984 56.312693, -120.156019 56.31286, -120.156103 56.31301, -120.156248 56.313135, -120.15646 56.31322, -120.156715 56.313266, -120.156999 56.313282, -120.157315 56.313276, -120.158784 56.313161, -120.160042 56.313079, -120.160454 56.313061, -120.160868 56.313067, -120.161264 56.313094, -120.16163 56.313147, -120.161943 56.31322, -120.162207 56.313316, -120.162404 56.313441, -120.16253 56.313585, -120.162594 56.313754, -120.162603 56.313947, -120.162579 56.314587, -120.162587 56.315286, -120.162574 56.315513, -120.162484 56.315903, -120.162392 56.316058, -120.16226 56.316172, -120.162095 56.31624, -120.1619 56.316276, -120.161678 56.316275, -120.161421 56.316235, -120.160842 56.316112, -120.159425 56.315746, -120.158604 56.315521, -120.156794 56.314989, -120.156301 56.314863, -120.155787 56.31476, -120.155267 56.314679, -120.154733 56.314628, -120.154213 56.314599, -120.152717 56.314589, -120.152264 56.314602, -120.151838 56.314627, -120.151445 56.314668, -120.151094 56.314741, -120.1508 56.314843, -120.15057 56.314988, -120.150421 56.315171, -120.150345 56.315378, -120.150321 56.31561, -120.150323 56.315848, -120.150365 56.316339, -120.150438 56.316832, -120.150479 56.317082, -120.150537 56.317335, -120.150624 56.317588, -120.150757 56.31784, -120.150916 56.318093, -120.151115 56.318339, -120.151376 56.318576, -120.151658 56.318798, -120.151998 56.318998, -120.15238 56.319184, -120.15279 56.319358, -120.153224 56.319516, -120.153669 56.319664, -120.154118 56.319798, -120.154593 56.319925, -120.155085 56.320039, -120.155575 56.320138, -120.156598 56.320283, -120.157116 56.32034, -120.158685 56.320477, -120.159201 56.320541, -120.159711 56.320624, -120.160211 56.320726, -120.160679 56.320855, -120.161117 56.321006, -120.161507 56.32118, -120.161842 56.321375, -120.162113 56.321588, -120.162316 56.321818, -120.162436 56.322067, -120.162484 56.322328, -120.1625 56.322598, -120.162498 56.32316, -120.162512 56.323748, -120.162558 56.324678, -120.162606 56.32533, -120.162611 56.325654, -120.162562 56.325955, -120.162463 56.326236, -120.162291 56.326491, -120.162053 56.326715, -120.161777 56.326914, -120.161457 56.32709, -120.161119 56.327236, -120.160748 56.327347, -120.160352 56.32743, -120.159932 56.327477, -120.159501 56.327495, -120.159057 56.327501, -120.157701 56.327477, -120.155363 56.327461, -120.154402 56.327414, -120.153433 56.327338, -120.152482 56.327235, -120.152019 56.327167, -120.15157 56.327088, -120.151143 56.326994, -120.150735 56.326891, -120.149604 56.326573, -120.149225 56.326488, -120.148829 56.326428, -120.148429 56.326401, -120.148035 56.32639, -120.146121 56.32641, -120.145763 56.326425, -120.145135 56.326492, -120.144876 56.326538, -120.144655 56.326593, -120.144312 56.326597, -120.144177 56.326561, -120.144052 56.326512, -120.14395 56.32644, -120.143646 56.326087, -120.143528 56.325993, -120.143344 56.325924, -120.143109 56.325878, -120.142828 56.325868, -120.141912 56.325869, -120.141357 56.325844, -120.141091 56.325814, -120.140848 56.32577, -120.140623 56.325706, -120.140411 56.325627, -120.139656 56.325266, -120.139462 56.325197, -120.139253 56.325154, -120.139041 56.325132, -120.138838 56.325134, -120.138649 56.325161, -120.138475 56.325213, -120.138072 56.325399, -120.137908 56.325503, -120.137871 56.325549, -120.137869 56.325632, -120.137945 56.325758, -120.137944 56.32579, -120.13791 56.325927, -120.137876 56.32597, -120.137831 56.32599, -120.137787 56.325996, -120.137574 56.325976, -120.137512 56.325985, -120.137454 56.326045, -120.137418 56.326069, -120.136854 56.326174, -120.136677 56.326191, -120.136531 56.326185, -120.136424 56.326152, -120.136267 56.326062, -120.136189 56.326038, -120.136077 56.326033, -120.135202 56.326074, -120.134298 56.326102, -120.133562 56.326157, -120.13275 56.326204, -120.132469 56.326205, -120.131332 56.326178, -120.131062 56.32619, -120.130817 56.326216, -120.130603 56.32627, -120.130436 56.326359, -120.130343 56.326475, -120.130315 56.326608, -120.130342 56.326753, -120.130493 56.327183, -120.13053 56.327329, -120.130615 56.327871, -120.130648 56.327981, -120.130719 56.32808, -120.130846 56.328177, -120.131022 56.328257, -120.131406 56.328383, -120.131615 56.328442, -120.132612 56.328651, -120.132853 56.328717, -120.133064 56.328796, -120.133226 56.328891, -120.133326 56.328995, -120.133364 56.329107, -120.133339 56.329221, -120.133252 56.329337, -120.133114 56.329456, -120.132243 56.329996, -120.131957 56.330142, -120.131626 56.330268, -120.131251 56.33036, -120.130847 56.330422, -120.130419 56.330452, -120.129982 56.330468, -120.128663 56.33048, -120.128233 56.330493, -120.127813 56.330519, -120.12741 56.330563, -120.127013 56.330623, -120.125858 56.330859, -120.125472 56.330926, -120.125081 56.330976, -120.124689 56.331004, -120.124297 56.331011, -120.123918 56.330992, -120.122428 56.33081, -120.122057 56.330785, -120.121342 56.330792, -120.121009 56.33084, -120.120703 56.330924, -120.120425 56.331036, -120.120188 56.331177, -120.119989 56.331335, -120.119614 56.331676, -120.119128 56.332196, -120.118952 56.33236, -120.118764 56.332513, -120.11855 56.33265, -120.118316 56.332764, -120.11805 56.33286, -120.117761 56.332932, -120.117454 56.332987, -120.115846 56.33321, -120.115548 56.333237, -120.115256 56.333247, -120.114972 56.333241, -120.114446 56.333194, -120.114013 56.333168, -120.113443 56.333168, -120.112693 56.333137, -120.112267 56.333147, -120.110958 56.333224, -120.110687 56.333225, -120.110414 56.33321, -120.110152 56.333173, -120.109902 56.333117, -120.109666 56.333047, -120.109458 56.33295, -120.10862 56.332462, -120.108358 56.332357, -120.10807 56.332279, -120.107759 56.332229, -120.107425 56.332217, -120.10707 56.332242, -120.106712 56.332298, -120.106333 56.33238, -120.104685 56.332831, -120.10423 56.332926, -120.103749 56.333002, -120.103251 56.333061, -120.102738 56.333103, -120.10221 56.333129, -120.09992 56.333183, -120.097968 56.333247, -120.096572 56.333328, -120.094377 56.333479, -120.093621 56.333519, -120.092093 56.333573, -120.090565 56.333592, -120.083778 56.333576, -120.079331 56.333524, -120.076533 56.333502, -120.070468 56.333488, -120.065264 56.333502, -120.064371 56.33349, -120.063918 56.333472, -120.063473 56.333441, -120.063042 56.333393, -120.06263 56.333327, -120.062236 56.333243, -120.061502 56.333062, -120.061146 56.33299, -120.060794 56.332933, -120.060442 56.332899, -120.059732 56.332853, -120.0582 56.332706, -120.057434 56.332624, -120.057096 56.33256, -120.05681 56.332453, -120.056573 56.332301, -120.056447 56.33211, -120.056342 56.331908, -120.0562 56.331718, -120.055995 56.331549, -120.055708 56.331416, -120.055366 56.331311, -120.054988 56.331227, -120.054154 56.331099, -120.053273 56.331006))"
111,2023-07-29 10:30:57,2023051201,2023,2947.5,Non-corrected airborne GPS,1683874800000,1683924546000,Under Control,JA70003000,29474541.8615,38797.4344,214,84de8c14-e24e-4fe5-b401-3c6c9339c6d6,96075403.0859375,70052.7885951608,https://wildfiresituation.nrs.gov.bc.ca/incidents?fireYear=2023&incidentNumber=G80223,"POLYGON ((-121.23366 56.447, -121.23326 56.44696, -121.23242 56.44702, -121.23206 56.44699, -121.231785 56.446853, -121.231833 56.446572, -121.231781 56.446467, -121.23173 56.446361, -121.231687 56.446153, -121.231604 56.445966, -121.231533 56.445777, -121.231493 56.445608, -121.23148 56.44555, -121.231477 56.445536, -121.23143 56.44532, -121.23136 56.44518, -121.23123 56.44494, -121.230994 56.444711, -121.230985 56.444702, -121.23088 56.4446, -121.23075 56.44442, -121.23066 56.44429, -121.230655 56.444284, -121.23056 56.44415, -121.230452 56.444057, -121.23034 56.44396, -121.229907 56.4437, -121.22984 56.44366, -121.229624 56.443602, -121.229529 56.443576, -121.22932 56.44352, -121.22907 56.44342, -121.22851 56.44325, -121.2282 56.4432, -121.228192 56.443196, -121.227931 56.44306, -121.227722 56.442866, -121.227583 56.442753, -121.2275 56.44268, -121.227293 56.442559, -121.227168 56.442486, -121.22702 56.4424, -121.226921 56.442357, -121.22647 56.44216, -121.226131 56.441971, -121.225995 56.441906, -121.225765 56.44179, -121.22561 56.441691, -121.22554 56.44165, -121.22536 56.44147, -121.22528 56.441347, -121.22523 56.44127, -121.225141 56.441169, -121.22508 56.4411, -121.22494 56.44098, -121.224294 56.440443, -121.22404 56.440307, -121.224034 56.440302, -121.223917 56.440202, -121.223839 56.440136, -121.223483 56.439828, -121.22345 56.4398, -121.22317 56.43962, -121.22306 56.439548, -121.22291 56.43945, -121.222735 56.439324, -121.22266 56.43927, -121.22257 56.43922, -121.222463 56.439162, -121.221859 56.438835, -121.22137 56.43857, -121.22101 56.43842, -121.220691 56.438358, -121.220651 56.43835, -121.220283 56.43833, -121.219863 56.438305, -121.219525 56.438244, -121.21944 56.43823, -121.219328 56.438179, -121.21904 56.43805, -121.218711 56.437842, -121.218694 56.437832, -121.218392 56.437648, -121.21803 56.437543, -121.218024 56.437541, -121.217935 56.437537, -121.217349 56.437519, -121.217079 56.437516, -121.216553 56.437468, -121.21655 56.43746, -121.216201 56.43732, -121.216091 56.43711, -121.216075 56.437079, -121.216156 56.436796, -121.216303 56.436491, -121.216397 56.436173, -121.216414 56.435846, -121.216403 56.435518, -121.216368 56.435201, -121.216342 56.434898, -121.216343 56.434586, -121.21634 56.434544, -121.216339 56.434529, -121.21628 56.43398, -121.21616 56.43344, -121.21616 56.43332, -121.21615 56.43316, -121.21616 56.4329, -121.21621 56.43264, -121.21639 56.43208, -121.21651 56.43179, -121.21649 56.43155, -121.21638 56.43128, -121.21635 56.4311, -121.21628 56.43074, -121.216276 56.43069, -121.21625 56.430423, -121.21625 56.430421, -121.216246 56.430047, -121.216228 56.429659, -121.21621 56.429287, -121.216204 56.428938, -121.216218 56.428625, -121.216214 56.428311, -121.216211 56.428253, -121.21621 56.42847, -121.21618 56.42769, -121.21622 56.42709, -121.21622 56.42698, -121.21621 56.42682, -121.2162 56.42657, -121.21621 56.42634, -121.21625 56.42612, -121.21629 56.42588, -121.21633 56.42565, -121.21639 56.42542, -121.21652 56.42516, -121.21673 56.42476, -121.21679 56.42455, -121.2169 56.42436, -121.21712 56.42426, -121.21739 56.42423, -121.21765 56.42426, -121.2179 56.42429, -121.21815 56.42422, -121.21834 56.42409, -121.21847 56.42391, -121.21854 56.42367, -121.21856 56.4234, -121.21847 56.42309, -121.21831 56.42277, -121.218294 56.422748, -121.218137 56.422539, -121.21807 56.42245, -121.217848 56.422127, -121.217765 56.421859, -121.217965 56.421641, -121.218396 56.421555, -121.218893 56.421522, -121.219396 56.421492, -121.219888 56.421455, -121.220345 56.421406, -121.22079 56.421357, -121.221243 56.421338, -121.221699 56.421342, -121.22216 56.421367, -121.222654 56.421367, -121.223152 56.421338, -121.223622 56.421284, -121.224038 56.421212, -121.224374 56.421084, -121.224684 56.420928, -121.225113 56.420837, -121.225634 56.420787, -121.226043 56.420674, -121.226203 56.420472, -121.226119 56.420231, -121.22603 56.41997, -121.226037 56.419688, -121.226119 56.419412, -121.226234 56.419176, -121.226307 56.418973, -121.22653 56.418804, -121.226761 56.418719, -121.227017 56.418646, -121.227412 56.418546, -121.227861 56.418462, -121.228212 56.418421, -121.228846 56.418441, -121.229296 56.418412, -121.229744 56.418373, -121.230362 56.418246, -121.23086 56.418019, -121.231229 56.417726, -121.231501 56.417409, -121.231685 56.417084, -121.231797 56.416755, -121.231873 56.416411, -121.231994 56.416043, -121.232118 56.415637, -121.232214 56.415238, -121.232222 56.41486, -121.232177 56.414473, -121.232069 56.414215, -121.23202 56.41409, -121.231855 56.413888, -121.23175 56.41376, -121.231621 56.413664, -121.23135 56.41346, -121.23085 56.41324, -121.23031 56.41309, -121.22968 56.41302, -121.22907 56.41301, -121.22849 56.41303, -121.22785 56.41304, -121.22716 56.41304, -121.22645 56.41305, -121.2258 56.413, -121.22526 56.41289, -121.22483 56.4127, -121.22446 56.41243, -121.224216 56.412195, -121.22419 56.41217, -121.22398 56.41193, -121.22385 56.41167, -121.22365 56.41144, -121.223446 56.411322, -121.22296 56.41104, -121.222793 56.410833, -121.222835 56.410547, -121.222929 56.410239, -121.223039 56.409921, -121.223182 56.409614, -121.223318 56.409325, -121.223431 56.409045, -121.22354 56.408779, -121.223662 56.40855, -121.22384 56.408329, -121.224059 56.408118, -121.224324 56.407912, -121.224603 56.407707, -121.22489 56.407526, -121.225178 56.407386, -121.225458 56.407261, -121.225743 56.407144, -121.226001 56.407005, -121.226227 56.406852, -121.226372 56.406664, -121.226417 56.406411, -121.226457 56.406208, -121.226533 56.406001, -121.226644 56.405797, -121.226806 56.405613, -121.227012 56.405441, -121.227239 56.40526, -121.227515 56.405055, -121.22783 56.404817, -121.228147 56.404556, -121.228437 56.40428, -121.228725 56.404018, -121.228992 56.403761, -121.229232 56.403511, -121.229467 56.403254, -121.229713 56.402988, -121.229997 56.402698, -121.230267 56.402373, -121.230475 56.402043, -121.230607 56.401717, -121.230638 56.401388, -121.230653 56.401127, -121.230691 56.400805, -121.230853 56.400507, -121.231197 56.400255, -121.231639 56.400033, -121.23214 56.399847, -121.232654 56.399691, -121.233182 56.399557, -121.23425 56.399567, -121.234517 56.39942, -121.234806 56.399194, -121.235004 56.398979, -121.235429 56.398815, -121.235846 56.398682, -121.236276 56.398549, -121.236696 56.398458, -121.237142 56.398411, -121.237644 56.398422, -121.238154 56.398483, -121.23865 56.398542, -121.239163 56.398509, -121.23953 56.39834, -121.239515 56.398089, -121.239466 56.397796, -121.239268 56.397485, -121.238967 56.39705, -121.238665 56.396765, -121.238663 56.396763, -121.238525 56.396652, -121.238362 56.396521, -121.23832 56.396464, -121.238193 56.396284, -121.238245 56.396057, -121.238534 56.395853, -121.238911 56.39567, -121.239246 56.395498, -121.239546 56.395309, -121.239815 56.395081, -121.240067 56.394829, -121.240313 56.394528, -121.240539 56.3942, -121.240716 56.393879, -121.240887 56.393548, -121.241081 56.393263, -121.241334 56.393001, -121.241656 56.392752, -121.242023 56.392509, -121.242395 56.392261, -121.242751 56.392016, -121.243048 56.391762, -121.243309 56.391531, -121.243505 56.391314, -121.243638 56.391111, -121.243837 56.390897, -121.244079 56.390664, -121.244377 56.390421, -121.244684 56.390183, -121.244871 56.389941, -121.244957 56.389689, -121.244986 56.389419, -121.244989 56.389147, -121.244995 56.38889, -121.245016 56.388647, -121.245058 56.388419, -121.245069 56.388255, -121.244983 56.387995, -121.244981 56.387992, -121.244953 56.387951, -121.24486 56.38782, -121.24461 56.38759, -121.2443 56.38742, -121.243929 56.387307, -121.24384 56.38728, -121.24346 56.38726, -121.24302 56.38733, -121.24209 56.38762, -121.24156 56.3877, -121.24094 56.38771, -121.2403 56.38765, -121.23967 56.38752, -121.23908 56.38726, -121.23859 56.38697, -121.23807 56.38675, -121.237596 56.386604, -121.23752 56.38658, -121.23702 56.38637, -121.23675 56.386203, -121.2366 56.38611, -121.236535 56.386024, -121.23634 56.38577, -121.236288 56.385465, -121.236281 56.385428, -121.236378 56.385114, -121.236675 56.384873, -121.23717 56.384706, -121.237796 56.38457, -121.238403 56.384404, -121.239003 56.384254, -121.239648 56.384141, -121.240285 56.38402, -121.240888 56.383878, -121.241462 56.383749, -121.242051 56.38369, -121.242661 56.383739, -121.243251 56.383897, -121.24341 56.383943, -121.244084 56.383807, -121.245271 56.383777, -121.246486 56.383809, -121.24767 56.383818, -121.248806 56.3838, -121.249537 56.383793, -121.250248 56.383799, -121.250934 56.383851, -121.251603 56.383966, -121.252232 56.384168, -121.252819 56.384432, -121.253041 56.384539, -121.253114 56.384532, -121.253726 56.384577, -121.25432 56.384712, -121.254897 56.384887, -121.255486 56.38501, -121.256111 56.385069, -121.256768 56.385127, -121.257423 56.38521, -121.257994 56.38536, -121.258413 56.385574, -121.2586 56.38588, -121.25852 56.38624, -121.25824 56.38658, -121.25786 56.38691, -121.2576 56.38717, -121.257689 56.387367, -121.257702 56.387396, -121.258093 56.387521, -121.258568 56.387644, -121.259014 56.387791, -121.259045 56.387801, -121.25909 56.387824, -121.259521 56.388038, -121.259956 56.388359, -121.260066 56.388476, -121.260588 56.389044, -121.260643 56.389104, -121.260772 56.389207, -121.261108 56.389482, -121.26135 56.389688, -121.261593 56.389986, -121.261785 56.390211, -121.26208 56.39057, -121.26232 56.39092, -121.26254 56.39132, -121.262791 56.391673, -121.262813 56.391706, -121.263186 56.392058, -121.263572 56.392366, -121.263954 56.392648, -121.26419 56.392852, -121.264294 56.392941, -121.26438 56.39303, -121.265055 56.393705, -121.265066 56.393715, -121.265142 56.393813, -121.265361 56.394097, -121.265397 56.394224, -121.265461 56.394451, -121.265573 56.394541, -121.265712 56.39465, -121.26615 56.39455, -121.26661 56.39422, -121.26715 56.39395, -121.26781 56.39383, -121.26846 56.3938, -121.2691 56.39381, -121.26977 56.39384, -121.27114 56.39398, -121.27183 56.39395, -121.27245 56.39384, -121.27304 56.39368, -121.2736 56.39354, -121.27382 56.39349, -121.27587 56.39301, -121.27691 56.39267, -121.27747 56.39244, -121.278069 56.392256, -121.27809 56.39225, -121.278087 56.392255, -121.278181 56.392249, -121.278678 56.392352, -121.279076 56.392533, -121.279402 56.392779, -121.279691 56.393064, -121.280147 56.393276, -121.280794 56.393368, -121.280843 56.393383, -121.28085 56.39338, -121.280849 56.393385, -121.281416 56.393553, -121.281932 56.393891, -121.282427 56.394281, -121.28292 56.394673, -121.283378 56.395022, -121.283834 56.395254, -121.28443 56.395237, -121.285109 56.394939, -121.285898 56.394622, -121.286752 56.394414, -121.28758 56.394185, -121.288348 56.393871, -121.289125 56.393519, -121.290113 56.393265, -121.29133 56.39319, -121.292654 56.393198, -121.294003 56.393226, -121.295386 56.393245, -121.296797 56.393249, -121.298223 56.393237, -121.299627 56.393218, -121.301006 56.393197, -121.302388 56.393179, -121.303759 56.39317, -121.305085 56.393176, -121.30638 56.393175, -121.307617 56.393171, -121.308771 56.393163, -121.309886 56.393098, -121.310992 56.393273, -121.311486 56.393779, -121.311886 56.394425, -121.312177 56.395096, -121.312596 56.395737, -121.313013 56.396369, -121.313396 56.396992, -121.313771 56.397589, -121.314122 56.398146, -121.314444 56.398664, -121.314729 56.39912, -121.316352 56.401734, -121.316445 56.401876, -121.31851 56.40505, -121.31855 56.40511, -121.318681 56.405321, -121.318816 56.405531, -121.319057 56.40593, -121.319208 56.406327, -121.319369 56.406633, -121.319412 56.406716, -121.31946 56.406779, -121.319693 56.40709, -121.319943 56.407422, -121.320029 56.407756, -121.319973 56.408105, -121.319651 56.40844, -121.31923 56.408765, -121.318913 56.409093, -121.318904 56.409466, -121.319335 56.410112, -121.319344 56.410125, -121.319493 56.410425, -121.319495 56.410429, -121.31987 56.41104, -121.31995 56.411168, -121.319972 56.411201, -121.319997 56.41123, -121.320201 56.411469, -121.320384 56.411666, -121.320455 56.411743, -121.320714 56.412034, -121.320807 56.412146, -121.320962 56.412334, -121.321069 56.412467, -121.321191 56.41262, -121.321211 56.412637, -121.3215 56.412889, -121.321862 56.413127, -121.322242 56.413354, -121.322466 56.413458, -121.322688 56.41356, -121.32319 56.413742, -121.323233 56.413755, -121.323735 56.413909, -121.32431 56.414048, -121.324692 56.414116, -121.324715 56.41412, -121.324757 56.414126, -121.32512 56.414175, -121.325527 56.414227, -121.32614 56.414272, -121.326505 56.414281, -121.326828 56.414305, -121.327129 56.414365, -121.327422 56.414448, -121.327831 56.41455, -121.328291 56.414484, -121.328644 56.414451, -121.329059 56.414317, -121.329447 56.414082, -121.329756 56.413786, -121.330178 56.413498, -121.330783 56.413246, -121.331462 56.413084, -121.332208 56.41298, -121.333022 56.412968, -121.333816 56.412995, -121.334606 56.412995, -121.335378 56.412964, -121.336093 56.412917, -121.336748 56.412917, -121.337203 56.413028, -121.337339 56.413061, -121.337487 56.413164, -121.33772 56.41332, -121.33781 56.41364, -121.337808 56.413642, -121.33759 56.41397, -121.33711 56.41421, -121.33642 56.41436, -121.3356 56.41442, -121.33384 56.41445, -121.33305 56.41459, -121.33239 56.41483, -121.33175 56.41504, -121.33105 56.41519, -121.3303 56.41529, -121.32968 56.41545, -121.32905 56.41557, -121.328707 56.415653, -121.328241 56.415765, -121.32785 56.41586, -121.32609 56.41614, -121.32569 56.41634, -121.32526 56.41655, -121.32492 56.4168, -121.32445 56.41696, -121.323354 56.41742, -121.322981 56.417576, -121.32278 56.41766, -121.32249 56.41784, -121.32217 56.41801, -121.32209 56.41805, -121.32172 56.41824, -121.32157 56.41832, -121.32119 56.41842, -121.32067 56.41841, -121.32012 56.41825, -121.31995 56.41816, -121.31963 56.41799, -121.31917 56.41774, -121.31867 56.41759, -121.31816 56.41756, -121.31766 56.41759, -121.31717 56.41769, -121.31618 56.41795, -121.3157 56.41813, -121.31531 56.41839, -121.31506 56.41872, -121.31494 56.41908, -121.31477 56.41944, -121.31452 56.4198, -121.3142 56.42016, -121.313964 56.420471, -121.313288 56.421364, -121.31314 56.42156, -121.31308 56.42189, -121.31336 56.42216, -121.313361 56.42216, -121.31397 56.42235, -121.31477 56.4225, -121.31565 56.42262, -121.31652 56.4226, -121.31725 56.42239, -121.31765 56.4221, -121.31768 56.42172, -121.3176 56.42135, -121.31776 56.42103, -121.31824 56.42083, -121.31895 56.42086, -121.31965 56.42104, -121.32022 56.4213, -121.320632 56.421494, -121.320756 56.421551, -121.321058 56.421638, -121.32132 56.421714, -121.321885 56.421837, -121.322398 56.422007, -121.322865 56.422236, -121.323307 56.422509, -121.323612 56.422845, -121.32376 56.4232, -121.32371 56.42354, -121.3234 56.42382, -121.32285 56.42406, -121.32225 56.42423, -121.3216 56.4244, -121.32164 56.42461, -121.32159 56.42494, -121.321802 56.425109, -121.321931 56.425211, -121.321967 56.425248, -121.322195 56.425483, -121.322312 56.42578, -121.322313 56.425784, -121.322871 56.425867, -121.322896 56.425871, -121.323008 56.425939, -121.323251 56.426087, -121.32355 56.42627, -121.323637 56.426323, -121.323742 56.42639, -121.324054 56.426587, -121.324403 56.426818, -121.324915 56.426912, -121.325446 56.426833, -121.325774 56.426557, -121.325856 56.426215, -121.32586 56.425866, -121.326038 56.425511, -121.326404 56.425284, -121.326933 56.425165, -121.32753 56.425167, -121.328031 56.425281, -121.328361 56.425502, -121.328365 56.425504, -121.328542 56.42579, -121.328806 56.426043, -121.328954 56.426201, -121.329051 56.426304, -121.32915 56.426591, -121.329151 56.426594, -121.329085 56.426923, -121.32892 56.42727, -121.328676 56.427632, -121.328331 56.427985, -121.327985 56.428329, -121.327698 56.428662, -121.327593 56.42899, -121.327795 56.429292, -121.32827 56.42949, -121.32886 56.42953, -121.32951 56.42944, -121.33013 56.42929, -121.33074 56.4291, -121.33116 56.42903, -121.33175 56.42909, -121.331751 56.42909, -121.3321 56.4293, -121.33214 56.42949, -121.33201 56.42968, -121.33166 56.42992, -121.33061 56.43027, -121.33032 56.43053, -121.330378 56.430679, -121.33043 56.430819, -121.330544 56.431002, -121.33059 56.43108, -121.33048 56.43134, -121.33012 56.43156, -121.32909 56.43182, -121.32874 56.43206, -121.32886 56.43234, -121.328863 56.432342, -121.32919 56.43259, -121.329266 56.432728, -121.329356 56.432884, -121.329447 56.433161, -121.329377 56.433432, -121.329125 56.43368, -121.328922 56.43392, -121.328757 56.434175, -121.328425 56.43441, -121.327926 56.434587, -121.32732 56.434688, -121.326726 56.434708, -121.326196 56.434638, -121.325711 56.434462, -121.325269 56.434196, -121.325265 56.434193, -121.324889 56.433884, -121.324458 56.433622, -121.324233 56.433556, -121.32394 56.43347, -121.32338 56.43344, -121.32276 56.43339, -121.322688 56.433376, -121.321425 56.433133, -121.32141 56.43313, -121.32075 56.43318, -121.320604 56.43322, -121.319248 56.433592, -121.319 56.43366, -121.31848 56.43387, -121.31801 56.43409, -121.31752 56.43432, -121.31699 56.43457, -121.31647 56.43479, -121.31589 56.43494, -121.31521 56.435, -121.31447 56.43501, -121.313939 56.43499, -121.313385 56.434969, -121.312874 56.434953, -121.312635 56.434956, -121.31155 56.434983, -121.311262 56.434994, -121.310498 56.43506, -121.309791 56.435177, -121.309234 56.435363, -121.308883 56.435625, -121.308852 56.435649, -121.308528 56.435919, -121.308183 56.436161, -121.307789 56.436342, -121.30733 56.436469, -121.306851 56.436565, -121.306335 56.436699, -121.305932 56.436852, -121.305701 56.436947, -121.305309 56.437115, -121.30475 56.437308, -121.304163 56.437439, -121.303555 56.437475, -121.302947 56.437419, -121.302347 56.437316, -121.301712 56.437184, -121.301092 56.437004, -121.30058 56.436757, -121.300575 56.436753, -121.300492 56.436664, -121.30027 56.436429, -121.300251 56.436302, -121.30021 56.43604, -121.30036 56.43566, -121.30042 56.43556, -121.30084 56.43489, -121.30101 56.43452, -121.30104 56.43416, -121.30085 56.43384, -121.300832 56.433828, -121.3005 56.4336, -121.30016 56.433439, -121.3001 56.43341, -121.300047 56.43338, -121.29974 56.433216, -121.299387 56.433007, -121.299244 56.432904, -121.29904 56.43276, -121.298843 56.432617, -121.29868 56.4325, -121.298349 56.432208, -121.29834 56.4322, -121.29817 56.43185, -121.29812 56.43146, -121.298177 56.431337, -121.297903 56.431361, -121.297207 56.43137, -121.296629 56.431463, -121.296309 56.431677, -121.296314 56.431964, -121.296348 56.432001, -121.296565 56.432237, -121.296896 56.432486, -121.297287 56.432832, -121.29688 56.43307, -121.29649 56.43336, -121.29599 56.43362, -121.29547 56.43388, -121.295 56.43409, -121.29498 56.4341, -121.29446 56.43424, -121.29391 56.43427, -121.293354 56.4342, -121.29335 56.4342, -121.293245 56.43414, -121.292916 56.433958, -121.292278 56.433755, -121.292271 56.43375, -121.292244 56.433732, -121.291757 56.433398, -121.291198 56.433055, -121.290565 56.432788, -121.289872 56.432675, -121.289205 56.43268, -121.288579 56.43274, -121.287982 56.432839, -121.287408 56.43299, -121.286885 56.433218, -121.286342 56.433478, -121.285819 56.433791, -121.285419 56.434166, -121.285119 56.434532, -121.284786 56.434836, -121.28431 56.435082, -121.283627 56.435269, -121.282823 56.435408, -121.281997 56.435542, -121.281176 56.435613, -121.280349 56.435585, -121.279512 56.435453, -121.278678 56.435239, -121.277895 56.434979, -121.277267 56.434685, -121.277263 56.434681, -121.277074 56.434503, -121.276865 56.434305, -121.27686 56.4343, -121.2767 56.43387, -121.27667 56.43341, -121.2767 56.432921, -121.276685 56.432867, -121.27657 56.43246, -121.27633 56.43223, -121.276203 56.43216, -121.27602 56.43206, -121.27551 56.43191, -121.2751 56.4319, -121.274793 56.431945, -121.274124 56.432042, -121.27407 56.43205, -121.27362 56.43223, -121.27346 56.43252, -121.27356 56.43284, -121.27357 56.43314, -121.2732 56.43342, -121.27253 56.43363, -121.272089 56.433751, -121.27169 56.433815, -121.271318 56.433763, -121.27104 56.43366, -121.27086 56.43352, -121.27072 56.43335, -121.270572 56.43321, -121.27055 56.43319, -121.27031 56.4331, -121.27005 56.43305, -121.26974 56.43307, -121.26942 56.43314, -121.26925 56.43328, -121.26931 56.43347, -121.269316 56.433477, -121.26946 56.43365, -121.26956 56.43383, -121.26956 56.433832, -121.26956 56.43384, -121.26965 56.43401, -121.269652 56.434013, -121.26979 56.43421, -121.26979 56.434211, -121.26988 56.43441, -121.26986 56.43461, -121.26974 56.43481, -121.26946 56.43491, -121.26913 56.4349, -121.269128 56.434899, -121.26888 56.43479, -121.268733 56.434635, -121.268713 56.434613, -121.26871 56.43461, -121.26855 56.43441, -121.268485 56.434329, -121.268381 56.434205, -121.26824 56.434009, -121.268211 56.433938, -121.26815 56.43381, -121.268081 56.433603, -121.267897 56.433448, -121.267604 56.433401, -121.267341 56.433466, -121.267096 56.433585, -121.266906 56.433738, -121.266715 56.433906, -121.266454 56.434037, -121.266138 56.434079, -121.265805 56.434042, -121.265449 56.434012, -121.265038 56.434071, -121.264627 56.434143, -121.264275 56.434187, -121.264006 56.434128, -121.263938 56.434058, -121.26385 56.43397, -121.26379 56.43381, -121.26381 56.43364, -121.26384 56.43347, -121.26389 56.43332, -121.26396 56.43316, -121.26402 56.433, -121.2641 56.43285, -121.26432 56.43255, -121.26441 56.43239, -121.26447 56.43215, -121.26452 56.43176, -121.26452 56.4317, -121.264519 56.431659, -121.264513 56.431566, -121.264517 56.431531, -121.264512 56.4313, -121.264487 56.431087, -121.26448 56.431081, -121.264299 56.430938, -121.263921 56.430866, -121.263461 56.430798, -121.263035 56.430707, -121.26264 56.430562, -121.26227 56.430338, -121.261966 56.430104, -121.261845 56.430011, -121.260542 56.429019, -121.258885 56.427758, -121.258575 56.427549, -121.258317 56.427376, -121.258171 56.427276, -121.25806 56.4272, -121.25785 56.42698, -121.25755 56.42647, -121.257372 56.426315, -121.25732 56.42627, -121.25693 56.42619, -121.25614 56.42628, -121.25577 56.42625, -121.25538 56.42615, -121.25521 56.42608, -121.255122 56.426044, -121.25433 56.42572, -121.254298 56.425712, -121.25402 56.42564, -121.253788 56.425625, -121.253598 56.425612, -121.25327 56.42559, -121.25286 56.42565, -121.25252 56.42579, -121.25228 56.42598, -121.25215 56.42621, -121.25213 56.42646, -121.252132 56.426463, -121.252175 56.426525, -121.25228 56.42668, -121.252472 56.426822, -121.252511 56.426852, -121.252781 56.426991, -121.25301 56.427137, -121.2533 56.427259, -121.253572 56.427365, -121.253621 56.427409, -121.25375 56.42753, -121.25378 56.42774, -121.253644 56.428089, -121.253435 56.428628, -121.253413 56.428697, -121.253306 56.428849, -121.253126 56.428963, -121.252789 56.429046, -121.252553 56.42905, -121.252184 56.42897, -121.251907 56.428814, -121.251906 56.428813, -121.251745 56.428673, -121.251612 56.428517, -121.251449 56.428311, -121.251265 56.428237, -121.2512 56.428211, -121.250816 56.428237, -121.250359 56.428261, -121.249908 56.428281, -121.249487 56.428359, -121.249134 56.428478, -121.248856 56.428644, -121.248625 56.428837, -121.248342 56.429005, -121.247973 56.429112, -121.247514 56.429112, -121.24709 56.428977, -121.246762 56.42879, -121.246383 56.428628, -121.245948 56.428547, -121.245735 56.42855, -121.245366 56.428569, -121.24515 56.42858, -121.2447 56.42853, -121.244551 56.428492, -121.244234 56.428411, -121.243701 56.428338, -121.243216 56.428351, -121.242736 56.428417, -121.242163 56.428316, -121.24177 56.428301, -121.240847 56.428279, -121.240446 56.428279, -121.240046 56.428364, -121.239816 56.428575, -121.239848 56.428815, -121.239955 56.428907, -121.24009 56.429023, -121.240434 56.42922, -121.240761 56.429416, -121.241113 56.429582, -121.241505 56.429714, -121.241923 56.429875, -121.242378 56.430085, -121.24264 56.43021, -121.24285 56.43031, -121.242899 56.43033, -121.243302 56.430499, -121.243752 56.430613, -121.244016 56.430685, -121.24415 56.430721, -121.244495 56.43086, -121.244662 56.430962, -121.244814 56.431055, -121.245045 56.43133, -121.245111 56.431416, -121.245258 56.431609, -121.245257 56.432096, -121.245271 56.432111, -121.245512 56.432359, -121.245801 56.432539, -121.246137 56.432706, -121.246543 56.432831, -121.24692 56.432874, -121.247409 56.432871, -121.24793 56.432861, -121.248435 56.432829, -121.248937 56.43279, -121.249461 56.43275, -121.249972 56.432712, -121.250439 56.432658, -121.250934 56.432621, -121.251432 56.432581, -121.251894 56.432484, -121.252334 56.432365, -121.252777 56.432154, -121.253208 56.431995, -121.253576 56.431817, -121.253829 56.431572, -121.254095 56.431335, -121.254359 56.43111, -121.254668 56.430908, -121.255073 56.430742, -121.255509 56.430584, -121.255947 56.430428, -121.256344 56.430277, -121.256698 56.430134, -121.257017 56.429981, -121.257402 56.429897, -121.257829 56.429881, -121.258254 56.429932, -121.25864 56.430128, -121.258912 56.430392, -121.259247 56.430638, -121.259651 56.430836, -121.260681 56.430902, -121.261362 56.430946, -121.26138 56.43091, -121.261424 56.430945, -121.261431 56.43095, -121.261424 56.43095, -121.26137 56.43095, -121.261337 56.43101, -121.261326 56.431282, -121.260957 56.431598, -121.260639 56.431787, -121.260396 56.431876, -121.260101 56.431996, -121.259873 56.4321, -121.259528 56.43222, -121.259463 56.432244, -121.259067 56.432409, -121.258565 56.432601, -121.258047 56.432795, -121.257565 56.432975, -121.257116 56.433133, -121.256683 56.433275, -121.256245 56.433422, -121.255799 56.433563, -121.255403 56.433716, -121.255158 56.433903, -121.255169 56.434132, -121.25517 56.434147, -121.255383 56.434377, -121.255678 56.434549, -121.255989 56.434677, -121.256284 56.434802, -121.256594 56.434929, -121.256861 56.435094, -121.256926 56.435287, -121.256939 56.435331, -121.25675 56.43556, -121.2565 56.43572, -121.2564 56.43593, -121.25658 56.436143, -121.256621 56.436193, -121.256953 56.436446, -121.257019 56.436496, -121.257228 56.436671, -121.257431 56.436842, -121.25751 56.436981, -121.25765 56.437234, -121.25765 56.43764, -121.25751 56.4384, -121.25748 56.43879, -121.2575 56.43919, -121.25752 56.43964, -121.25735 56.44006, -121.25709 56.44044, -121.25672 56.44081, -121.25628 56.44108, -121.25585 56.44118, -121.25572 56.44116, -121.255627 56.441078, -121.25547 56.44094, -121.255367 56.440772, -121.25528 56.44063, -121.25495 56.44034, -121.25478 56.44014, -121.25467 56.44001, -121.25465 56.43997, -121.25452 56.43964, -121.254401 56.439292, -121.254323 56.439206, -121.254161 56.439031, -121.253993 56.438981, -121.253754 56.438911, -121.253481 56.438929, -121.253102 56.43903, -121.252848 56.439098, -121.252586 56.439141, -121.252172 56.439103, -121.251731 56.438979, -121.251413 56.438912, -121.250966 56.438921, -121.250495 56.439055, -121.249947 56.439209, -121.249355 56.439292, -121.248826 56.439309, -121.248335 56.439279, -121.247831 56.43919, -121.247735 56.439167, -121.24733 56.43907, -121.247265 56.43905, -121.24688 56.43893, -121.246419 56.438813, -121.246418 56.438813, -121.24591 56.438685, -121.24569 56.438633, -121.245122 56.43851, -121.24489 56.43846, -121.24442 56.43847, -121.24409 56.43863, -121.24397 56.43892, -121.24389 56.43929, -121.24385 56.43951, -121.24385 56.43979, -121.243891 56.440019, -121.2439 56.440077, -121.243907 56.440111, -121.24395 56.44036, -121.24398 56.44066, -121.24399 56.44081, -121.244 56.44098, -121.24405 56.44129, -121.244088 56.441395, -121.244152 56.441594, -121.24423 56.44178, -121.24427 56.44189, -121.24444 56.4422, -121.24458 56.44251, -121.24453 56.4428, -121.24444 56.44313, -121.244007 56.443617, -121.243767 56.443887, -121.243642 56.444033, -121.243474 56.44435, -121.243435 56.444655, -121.24342 56.444941, -121.243374 56.445227, -121.243299 56.445526, -121.243221 56.445831, -121.243192 56.446142, -121.243149 56.446265, -121.243094 56.446319, -121.242635 56.446326, -121.242201 56.446385, -121.241797 56.446442, -121.241573 56.446487, -121.241195 56.446568, -121.240952 56.446624, -121.240546 56.446767, -121.24016 56.446924, -121.239729 56.447078, -121.239329 56.447205, -121.238933 56.447311, -121.238857 56.447328, -121.238526 56.4474, -121.238073 56.447476, -121.237573 56.447537, -121.237054 56.447568, -121.236551 56.447574, -121.2361 56.447558, -121.235673 56.447505, -121.235267 56.447417, -121.234863 56.447299, -121.234679 56.447246, -121.233835 56.447042, -121.23366 56.447))"
112,2023-07-29 10:30:57,2023071001,2023,836.0,Unknown,1688972400000,1689045066000,Out of Control,JA70003000,8360092.6292,13388.9282,217,3c603568-2279-4999-b056-be1b02aa2a36,32502477.6171875,26403.1108557193,https://wildfiresituation.nrs.gov.bc.ca/incidents?fireYear=2023&incidentNumber=G91356,"POLYGON ((-121.11131 59.58548, -121.11171 59.58594, -121.11209 59.58645, -121.11248 59.587, -121.11281 59.58759, -121.11301 59.58823, -121.11307 59.5889, -121.11302 59.58959, -121.11298 59.59026, -121.113 59.59095, -121.11307 59.59163, -121.11311 59.59231, -121.11308 59.59298, -121.11294 59.59363, -121.11267 59.59428, -121.11235 59.59491, -121.11197 59.59553, -121.11151 59.59611, -121.11088 59.59667, -121.11008 59.59717, -121.10908 59.5976, -121.10794 59.59795, -121.10665 59.59822, -121.10528 59.59842, -121.10388 59.59856, -121.10245 59.59863, -121.10101 59.59863, -121.09959 59.59852, -121.09825 59.59831, -121.097 59.59797, -121.09586 59.59753, -121.09482 59.59701, -121.09386 59.59646, -121.09298 59.59586, -121.09223 59.59525, -121.09159 59.59462, -121.09099 59.59395, -121.09032 59.59328, -121.08951 59.59264, -121.08856 59.59203, -121.08755 59.59146, -121.08644 59.59094, -121.08528 59.59048, -121.08406 59.59007, -121.08277 59.58971, -121.08145 59.5894, -121.08011 59.58915, -121.07875 59.58893, -121.07734 59.58878, -121.07595 59.58868, -121.07453 59.58861, -121.07309 59.5886, -121.07166 59.5886, -121.07023 59.58863, -121.0688 59.58867, -121.06737 59.5887, -121.06592 59.5887, -121.0645 59.58867, -121.06309 59.58859, -121.06171 59.58846, -121.06035 59.58828, -121.05902 59.58803, -121.05778 59.58771, -121.05665 59.58731, -121.05555 59.58685, -121.05453 59.58636, -121.05359 59.58583, -121.05271 59.58526, -121.05196 59.58467, -121.05136 59.58404, -121.05089 59.58337, -121.05056 59.5827, -121.05039 59.582, -121.05035 59.58131, -121.05037 59.58062, -121.05043 59.57993, -121.05048 59.57924, -121.0505 59.57853, -121.05038 59.57781, -121.05008 59.57712, -121.04965 59.57647, -121.04901 59.57585, -121.04808 59.57534, -121.04705 59.57491, -121.04603 59.57449, -121.04497 59.57408, -121.04392 59.57367, -121.04292 59.57324, -121.04207 59.57274, -121.04148 59.5722, -121.04108 59.57165, -121.04098 59.57108, -121.04116 59.57052, -121.04153 59.57, -121.0421 59.56958, -121.04276 59.56919, -121.04348 59.56883, -121.04421 59.56845, -121.04491 59.56806, -121.04555 59.56762, -121.04612 59.56715, -121.04657 59.56664, -121.04687 59.56611, -121.04703 59.56554, -121.04703 59.56497, -121.04698 59.56441, -121.04695 59.56383, -121.04699 59.56326, -121.04708 59.56269, -121.04722 59.56215, -121.04737 59.56162, -121.04756 59.56112, -121.04786 59.56066, -121.0512 59.56073, -121.05207 59.56066, -121.05298 59.56062, -121.05391 59.56059, -121.05485 59.56057, -121.0558 59.56056, -121.05676 59.56054, -121.0577 59.56056, -121.05863 59.56059, -121.05953 59.56065, -121.06039 59.56073, -121.06199 59.56089, -121.06275 59.56099, -121.06348 59.56112, -121.06419 59.5613, -121.06489 59.56153, -121.06553 59.56181, -121.06609 59.56214, -121.06656 59.56252, -121.06701 59.56291, -121.0678 59.5637, -121.06826 59.56407, -121.06884 59.56436, -121.06949 59.56462, -121.07016 59.56488, -121.07076 59.56519, -121.0712 59.56559, -121.07147 59.56605, -121.07166 59.56654, -121.07179 59.56703, -121.07189 59.56752, -121.07212 59.568, -121.07256 59.56845, -121.07315 59.56885, -121.07382 59.56922, -121.0745 59.56959, -121.07516 59.56996, -121.07576 59.57033, -121.07632 59.57071, -121.07688 59.57108, -121.07745 59.57146, -121.07805 59.57182, -121.07869 59.57219, -121.07938 59.57255, -121.08082 59.57325, -121.08154 59.57358, -121.08226 59.57392, -121.08296 59.57427, -121.08366 59.57463, -121.08437 59.57499, -121.08507 59.57535, -121.08579 59.57572, -121.08657 59.57611, -121.0874 59.57649, -121.08824 59.57687, -121.08912 59.57724, -121.09006 59.57759, -121.09103 59.57793, -121.09201 59.57826, -121.09303 59.57855, -121.09406 59.5788, -121.09513 59.57899, -121.0962 59.57911, -121.0973 59.57912, -121.09834 59.57906, -121.09933 59.57895, -121.10029 59.57881, -121.10119 59.57862, -121.10209 59.57845, -121.10305 59.57837, -121.10397 59.57846, -121.10476 59.57872, -121.10537 59.57909, -121.1058 59.57953, -121.10612 59.58, -121.10639 59.58048, -121.10664 59.58093, -121.10692 59.58137, -121.10723 59.58179, -121.10755 59.58217, -121.10782 59.58253, -121.1081 59.58288, -121.1084 59.58321, -121.10875 59.58351, -121.10916 59.58379, -121.10958 59.58406, -121.11 59.58435, -121.11045 59.58469, -121.11089 59.58506, -121.11131 59.58548))"
113,2023-07-29 10:30:57,2023072401,2023,1616.4,Derived from satellite imagery,1690182000000,1690232103000,Out of Control,JA70003000,16164079.5815,28184.5445,218,2bef68a3-a9f4-44ed-8e33-458f220f0d8a,62990134.875,55629.5523621171,https://wildfiresituation.nrs.gov.bc.ca/incidents?fireYear=2023&incidentNumber=G91662,"POLYGON ((-120.606985 59.636489, -120.605097 59.635866, -120.603559 59.636157, -120.602201 59.6356, -120.602144 59.63567, -120.601575 59.636699, -120.60009 59.638324, -120.59677 59.641139, -120.58886 59.641462, -120.581582 59.640338, -120.576741 59.639518, -120.571457 59.638891, -120.570571 59.636543, -120.569653 59.634405, -120.568735 59.632266, -120.572278 59.630722, -120.57658 59.629628, -120.577465 59.629242, -120.578351 59.628856, -120.579438 59.627636, -120.576734 59.625827, -120.571943 59.624069, -120.566529 59.622714, -120.559246 59.622572, -120.555336 59.622419, -120.552607 59.621884, -120.549558 59.619764, -120.547303 59.617961, -120.544512 59.615995, -120.542257 59.614192, -120.540047 59.612105, -120.539597 59.609516, -120.540352 59.604546, -120.541585 59.602799, -120.5417 59.60267, -120.54202 59.60241, -120.54248 59.6022, -120.54299 59.60201, -120.5434 59.60178, -120.543428 59.601707, -120.541205 59.598382, -120.540638 59.596677, -120.541177 59.593124, -120.544213 59.589458, -120.54611 59.58785, -120.551891 59.587867, -120.560011 59.588816, -120.564719 59.590473, -120.569111 59.591486, -120.57483 59.591919, -120.574072 59.594203, -120.573599 59.597339, -120.572335 59.600233, -120.568132 59.600699, -120.565066 59.599108, -120.558714 59.597387, -120.553626 59.598239, -120.552079 59.601299, -120.55243 59.60164, -120.55309 59.60189, -120.55391 59.60203, -120.55478 59.6021, -120.55566 59.60214, -120.55742 59.60218, -120.55826 59.60224, -120.55895 59.60242, -120.55934 59.60274, -120.55942 59.60314, -120.55938 59.60356, -120.55933 59.60398, -120.55931 59.60441, -120.55934 59.60483, -120.5594 59.60525, -120.5595 59.60586, -120.55981 59.60641, -120.56024 59.60667, -120.56084 59.60674, -120.5617 59.60643, -120.56223 59.60592, -120.56251 59.60556, -120.56278 59.60522, -120.5631 59.60494, -120.56351 59.60475, -120.56401 59.60475, -120.56446 59.60493, -120.56482 59.6052, -120.5652 59.60546, -120.56567 59.60567, -120.5663 59.60576, -120.567 59.60572, -120.56767 59.60562, -120.56826 59.60545, -120.56867 59.60517, -120.56892 59.60485, -120.56917 59.60457, -120.569286 59.604525, -120.574602 59.604602, -120.577393 59.604711, -120.584888 59.605289, -120.58884 59.607015, -120.593821 59.605637, -120.600197 59.604314, -120.604235 59.605471, -120.604926 59.608355, -120.602587 59.610835, -120.600857 59.61159, -120.603511 59.612803, -120.608255 59.614249, -120.610631 59.617705, -120.611202 59.61941, -120.613167 59.62285, -120.615004 59.624393, -120.616237 59.624441, -120.620474 59.623764, -120.622056 59.624246, -120.624273 59.626014, -120.627692 59.628039, -120.627536 59.629084, -120.622919 59.629536, -120.619629 59.629409, -120.615271 59.62964, -120.616426 59.630942, -120.616191 59.632504, -120.615846 59.632685, -120.619096 59.632963, -120.624917 59.632768, -120.630294 59.632765, -120.632861 59.634967, -120.639098 59.637521, -120.643467 59.638741, -120.647967 59.641858, -120.647718 59.64353, -120.647662 59.646682, -120.64374 59.648003, -120.635892 59.647911, -120.629179 59.645759, -120.624711 59.642433, -120.618885 59.639894, -120.612523 59.638176, -120.606985 59.636489))"
114,2023-07-29 10:30:57,2023071401,2023,162.8,Non-corrected airborne GPS,1689318000000,1689373165000,Out of Control,JA70003000,1628059.0104,7310.5022,219,d1ff8bbf-6edd-43b1-a554-d9f37329f23b,6137761.4296875,14203.8077457979,https://wildfiresituation.nrs.gov.bc.ca/incidents?fireYear=2023&incidentNumber=G91675,"POLYGON ((-120.67057 59.06734, -120.66979 59.0672, -120.66911 59.06692, -120.6685 59.06661, -120.66786 59.06631, -120.66719 59.06606, -120.66652 59.06583, -120.66594 59.06558, -120.66559 59.06524, -120.66563 59.06486, -120.66588 59.06448, -120.66599 59.06408, -120.66571 59.0637, -120.66516 59.06339, -120.66452 59.06315, -120.66382 59.06296, -120.66305 59.06285, -120.66222 59.06283, -120.66137 59.06283, -120.66053 59.06272, -120.65976 59.06249, -120.65907 59.0622, -120.65864 59.06185, -120.65862 59.06145, -120.65901 59.0611, -120.65961 59.06083, -120.66034 59.06068, -120.66113 59.06062, -120.66188 59.06052, -120.66249 59.0603, -120.66276 59.05993, -120.66265 59.05954, -120.66228 59.05918, -120.66183 59.05883, -120.66119 59.05829, -120.66057 59.05773, -120.66002 59.05714, -120.65957 59.05652, -120.65944 59.0561, -120.65959 59.05565, -120.65986 59.05521, -120.66008 59.05475, -120.66017 59.05429, -120.66014 59.05385, -120.66008 59.05343, -120.66007 59.05304, -120.66013 59.05267, -120.66025 59.05232, -120.66041 59.052, -120.66059 59.05168, -120.66078 59.05137, -120.66101 59.05106, -120.66126 59.05073, -120.66164 59.05044, -120.66222 59.05024, -120.6629 59.05011, -120.66354 59.04991, -120.664 59.04959, -120.66427 59.04919, -120.66436 59.04875, -120.66441 59.04831, -120.6645 59.04785, -120.66467 59.04739, -120.66486 59.04694, -120.66504 59.0465, -120.66523 59.04608, -120.66555 59.04571, -120.66643 59.04503, -120.66682 59.04466, -120.66714 59.04428, -120.66758 59.04394, -120.66826 59.04375, -120.66905 59.04366, -120.66984 59.04354, -120.67053 59.04329, -120.67102 59.04293, -120.67127 59.04251, -120.67129 59.0421, -120.67154 59.04197, -120.67185 59.04168, -120.67235 59.04148, -120.67302 59.04148, -120.67368 59.0417, -120.67423 59.04207, -120.67463 59.04252, -120.6749 59.04302, -120.67503 59.04353, -120.67495 59.04404, -120.67467 59.04506, -120.67441 59.04556, -120.67393 59.04603, -120.67338 59.04648, -120.67291 59.04694, -120.67264 59.04743, -120.67261 59.04792, -120.67273 59.04841, -120.67287 59.04889, -120.67295 59.04938, -120.67282 59.04986, -120.67237 59.05033, -120.67169 59.05076, -120.67096 59.05116, -120.67042 59.0516, -120.67027 59.05209, -120.67055 59.05255, -120.67122 59.05289, -120.67206 59.05306, -120.67295 59.05315, -120.67382 59.05317, -120.67466 59.05318, -120.67544 59.05322, -120.67611 59.05334, -120.67665 59.05358, -120.67702 59.0539, -120.67718 59.05429, -120.67719 59.0547, -120.67713 59.05511, -120.67701 59.05551, -120.67654 59.05606, -120.67573 59.05657, -120.67486 59.05707, -120.67396 59.05759, -120.67339 59.05796, -120.67289 59.05836, -120.67251 59.05879, -120.67225 59.05925, -120.67214 59.05973, -120.67219 59.06022, -120.67242 59.06068, -120.67269 59.06112, -120.67274 59.06155, -120.67251 59.06198, -120.67217 59.06241, -120.6719 59.06285, -120.67179 59.0633, -120.67193 59.06376, -120.67231 59.0642, -120.67279 59.06461, -120.67319 59.06504, -120.67344 59.06552, -120.67349 59.066, -120.67329 59.06646, -120.67284 59.06685, -120.67219 59.06715, -120.6714 59.06732, -120.67057 59.06734))"
115,2023-07-29 10:30:57,2023072401,2023,305.4,Derived from satellite imagery,1690182000000,1690232223000,Out of Control,JA70003000,3053814.7672,7239.9677,220,6db7b981-86e1-4a11-a9fd-9fe877e9754b,11352603.859375,13964.3904830485,https://wildfiresituation.nrs.gov.bc.ca/incidents?fireYear=2023&incidentNumber=G91719,"POLYGON ((-121.003739 58.82395, -120.998316 58.823751, -120.995237 58.823191, -120.993035 58.822514, -120.991932 58.820091, -120.991624 58.818144, -120.99044 58.816314, -120.990662 58.814684, -120.991211 58.812769, -120.992329 58.810874, -120.994793 58.809625, -120.996912 58.808809, -120.999194 58.808893, -121.00345 58.807114, -121.005015 58.804045, -121.006539 58.801272, -121.011609 58.79982, -121.016132 58.800283, -121.020475 58.80208, -121.022375 58.804979, -121.022789 58.808269, -121.02039 58.811159, -121.016483 58.81459, -121.012166 58.816814, -121.010642 58.819587, -121.009403 58.822371, -121.003739 58.82395))"
116,2023-07-29 10:30:57,2023071601,2023,41.1,Corrected airborne GPS,1689490800000,1689716109000,Out of Control,JA70003000,411293.4638,3001.8291,221,4744085d-c7c1-4725-ab7b-bfb88adc40c4,1585496.140625,5889.38485405897,https://wildfiresituation.nrs.gov.bc.ca/incidents?fireYear=2023&incidentNumber=G91722,"POLYGON ((-123.73226 59.43282, -123.73293 59.43276, -123.73357 59.43278, -123.73416 59.43289, -123.73472 59.43307, -123.73526 59.43328, -123.73578 59.43352, -123.73629 59.43377, -123.73677 59.43403, -123.73725 59.43432, -123.73776 59.43459, -123.73833 59.43481, -123.73895 59.435, -123.7396 59.43513, -123.74025 59.43523, -123.74089 59.43534, -123.74151 59.43546, -123.74207 59.43564, -123.7426 59.43585, -123.74312 59.43608, -123.74367 59.43632, -123.74425 59.43657, -123.74516 59.43698, -123.74604 59.43742, -123.74596 59.43784, -123.74578 59.43813, -123.74532 59.4384, -123.74474 59.43861, -123.74407 59.43876, -123.74334 59.43881, -123.74257 59.43875, -123.7418 59.43861, -123.74102 59.43847, -123.74026 59.43832, -123.73953 59.43816, -123.73878 59.43799, -123.73765 59.43775, -123.73689 59.4376, -123.73614 59.43745, -123.7354 59.43731, -123.73465 59.43721, -123.73389 59.43718, -123.73315 59.43727, -123.73248 59.43744, -123.73189 59.43764, -123.73133 59.43785, -123.73072 59.43804, -123.73007 59.43821, -123.72936 59.43833, -123.72862 59.43836, -123.7279 59.43829, -123.72732 59.43809, -123.72692 59.43781, -123.72686 59.43748, -123.72715 59.43718, -123.72763 59.43693, -123.72815 59.43672, -123.72857 59.43648, -123.72876 59.4362, -123.7286 59.4359, -123.72821 59.43562, -123.72775 59.43538, -123.7274 59.43512, -123.7273 59.4348, -123.72753 59.43447, -123.72797 59.43419, -123.72848 59.43393, -123.72903 59.4337, -123.72964 59.43347, -123.73027 59.43326, -123.73092 59.43307, -123.73159 59.43291, -123.73226 59.43282))"
117,2023-07-29 10:30:57,2023072401,2023,5770.4,Derived from satellite imagery,1690182000000,1690231965000,Out of Control,JA70003000,57704437.7864,31235.6494,222,220b64a2-2675-415e-85b1-3b7071530c89,222801706.59375,61366.264431286,https://wildfiresituation.nrs.gov.bc.ca/incidents?fireYear=2023&incidentNumber=G91933,"POLYGON ((-119.977707 59.422363, -119.98296 59.4201, -119.988029 59.418936, -119.995868 59.420662, -120.007553 59.425322, -120.014182 59.427825, -120.024303 59.43214, -120.02569 59.433584, -120.027561 59.438649, -120.033109 59.444427, -120.041805 59.447571, -120.052927 59.449157, -120.061268 59.451177, -120.067412 59.453379, -120.075036 59.456475, -120.07234 59.459682, -120.070408 59.461538, -120.063086 59.466485, -120.059759 59.470219, -120.056023 59.476427, -120.053234 59.480184, -120.050437 59.487264, -120.050431 59.490587, -120.054334 59.493247, -120.05779 59.495333, -120.056167 59.498587, -120.051492 59.500601, -120.041516 59.501834, -120.030735 59.50137, -120.020676 59.499828, -120.011512 59.499432, -120.002751 59.499883, -119.996237 59.499878, -119.988289 59.498702, -119.973336 59.497221, -119.957983 59.49489, -119.947267 59.490822, -119.935614 59.48588, -119.925673 59.480459, -119.918196 59.47653, -119.908845 59.470856, -119.901512 59.466102, -119.900288 59.460509, -119.9008 59.457485, -119.904049 59.454305, -119.912355 59.453286, -119.917171 59.450451, -119.922906 59.451811, -119.93098 59.452166, -119.934735 59.445961, -119.936012 59.441586, -119.938105 59.435586, -119.939167 59.429263, -119.939628 59.426514, -119.943578 59.425579, -119.958685 59.425964, -119.965415 59.424596, -119.971699 59.422655, -119.977707 59.422363))"
118,2023-07-29 10:30:57,2023060901,2023,1275.6,Non-corrected airborne GPS,1686294000000,1686445589000,Under Control,JA70003000,12756397.0096,17484.8042,230,613f17d5-f910-4d69-85c1-4f8dc3f90147,33782294.8046875,28448.4563956716,https://wildfiresituation.nrs.gov.bc.ca/incidents?fireYear=2023&incidentNumber=K20469,"POLYGON ((-119.589858 52.102971, -119.589791 52.104357, -119.589722 52.105802, -119.59015 52.108139, -119.590507 52.110175, -119.590401 52.11226, -119.590051 52.114322, -119.588928 52.115039, -119.58515 52.117449, -119.582066 52.118599, -119.579567 52.119864, -119.576596 52.121665, -119.574885 52.124452, -119.573122 52.127515, -119.572644 52.129702, -119.57196 52.130364, -119.571128 52.13117, -119.570841 52.131448, -119.570887 52.132396, -119.571837 52.133481, -119.572635 52.134392, -119.574429 52.136576, -119.575392 52.138116, -119.57604 52.139276, -119.575925 52.139382, -119.575149 52.139779, -119.573836 52.140451, -119.572987 52.141198, -119.5722 52.141892, -119.571239 52.14329, -119.571137 52.143438, -119.570702 52.143507, -119.569224 52.144046, -119.568193 52.144405, -119.567447 52.145593, -119.563965 52.148092, -119.557708 52.14706, -119.554299 52.151134, -119.552421 52.15271, -119.550778 52.154449, -119.546711 52.15338, -119.543033 52.150698, -119.540064 52.148386, -119.539239 52.146104, -119.539043 52.143683, -119.540452 52.141693, -119.543937 52.137611, -119.549263 52.130598, -119.551871 52.128296, -119.554015 52.125003, -119.554646 52.123115, -119.554081 52.120318, -119.552422 52.119746, -119.551623 52.117853, -119.550191 52.11569, -119.549708 52.112684, -119.549521 52.111255, -119.549828 52.109449, -119.550321 52.107983, -119.551063 52.106178, -119.551963 52.103883, -119.55265 52.102352, -119.554992 52.100352, -119.557908 52.099097, -119.562338 52.097498, -119.566926 52.095867, -119.569318 52.095145, -119.574522 52.094896, -119.58025 52.094823, -119.583842 52.094673, -119.58723 52.095195, -119.589395 52.095801, -119.589921 52.101451, -119.589858 52.102971))"
119,2023-07-29 10:30:57,2023070701,2023,16.4,Non-corrected ground GPS,1688713200000,1688838446000,Under Control,JA70003000,163630.0869,1751.0064,233,03408989-b497-439f-aac9-429372bff20f,416149.4765625,2792.50248455889,https://wildfiresituation.nrs.gov.bc.ca/incidents?fireYear=2023&incidentNumber=K21148,"POLYGON ((-119.570057 51.2014, -119.57004 51.20138, -119.57004 51.20136, -119.570049 51.201342, -119.570048 51.201334, -119.56996 51.201326, -119.569912 51.201332, -119.569829 51.201342, -119.569673 51.201297, -119.569634 51.201259, -119.569634 51.201246, -119.569634 51.201164, -119.569507 51.201135, -119.569329 51.201151, -119.569362 51.201108, -119.569366 51.201103, -119.569468 51.200968, -119.569483 51.200941, -119.569532 51.200858, -119.569558 51.20081, -119.569559 51.200795, -119.569617 51.200661, -119.569687 51.200512, -119.569748 51.200335, -119.569803 51.200207, -119.569842 51.200089, -119.569863 51.19999, -119.569896 51.199812, -119.569872 51.19967, -119.569899 51.199566, -119.569857 51.19949, -119.569802 51.199307, -119.569769 51.199256, -119.569722 51.199172, -119.569656 51.199045, -119.5696 51.198877, -119.569605 51.198667, -119.569647 51.198497, -119.5697 51.198316, -119.569746 51.198095, -119.569799 51.197896, -119.569881 51.19771, -119.569969 51.197547, -119.570042 51.197419, -119.570054 51.197379, -119.570057 51.197371, -119.570118 51.197331, -119.570241 51.197225, -119.570308 51.19716, -119.570459 51.196976, -119.570562 51.196868, -119.570718 51.196808, -119.570756 51.196807, -119.57088 51.196764, -119.570971 51.196853, -119.570995 51.19687, -119.571125 51.196959, -119.57126 51.196985, -119.57134 51.197007, -119.571505 51.197101, -119.571602 51.197104, -119.571646 51.19711, -119.571796 51.197165, -119.571916 51.197196, -119.571988 51.197223, -119.572054 51.19725, -119.572176 51.197285, -119.572327 51.197345, -119.572362 51.197352, -119.572472 51.197398, -119.572596 51.197433, -119.572742 51.197461, -119.572822 51.197482, -119.572913 51.197504, -119.573038 51.197558, -119.573164 51.197592, -119.573224 51.197624, -119.573273 51.197625, -119.573367 51.197649, -119.573483 51.197645, -119.573572 51.19768, -119.573686 51.197659, -119.573702 51.197665, -119.573827 51.197695, -119.573964 51.197728, -119.574091 51.197816, -119.574163 51.197931, -119.574226 51.198047, -119.574268 51.198147, -119.574357 51.198271, -119.5744 51.198294, -119.574414 51.198345, -119.574441 51.198406, -119.574554 51.19851, -119.57465 51.198634, -119.574656 51.198653, -119.574662 51.198722, -119.574613 51.198842, -119.5746 51.198864, -119.574591 51.19888, -119.574588 51.198888, -119.574563 51.198899, -119.574528 51.198922, -119.574399 51.199082, -119.57438 51.199188, -119.574336 51.199319, -119.574292 51.19944, -119.574355 51.199512, -119.574359 51.199512, -119.574354 51.199537, -119.574342 51.199605, -119.574216 51.199758, -119.574109 51.199881, -119.574014 51.19998, -119.573897 51.200132, -119.573887 51.200152, -119.573884 51.200181, -119.573871 51.200304, -119.573813 51.200453, -119.573782 51.20064, -119.573827 51.200723, -119.574016 51.200856, -119.574045 51.200957, -119.573997 51.201077, -119.573814 51.201161, -119.573764 51.201198, -119.573614 51.201278, -119.573465 51.20133, -119.573412 51.201351, -119.573219 51.201417, -119.57317 51.201505, -119.573114 51.20169, -119.573055 51.201806, -119.573032 51.201841, -119.572978 51.202003, -119.572967 51.202119, -119.572962 51.202296, -119.572911 51.202389, -119.572766 51.202487, -119.572648 51.202584, -119.572512 51.202646, -119.57232 51.202664, -119.5722 51.202681, -119.572127 51.202717, -119.572038 51.202709, -119.571912 51.202763, -119.571789 51.202741, -119.57173 51.202739, -119.571619 51.202712, -119.57152 51.202721, -119.571384 51.202644, -119.571266 51.202561, -119.571203 51.202506, -119.571056 51.202435, -119.570907 51.20239, -119.570796 51.20235, -119.570754 51.202333, -119.570642 51.202219, -119.570647 51.202139, -119.570671 51.202041, -119.570731 51.201958, -119.5707 51.201851, -119.570669 51.201849, -119.570568 51.201797, -119.570473 51.201733, -119.570395 51.201706, -119.570317 51.201676, -119.570351 51.201656, -119.570361 51.201627, -119.570326 51.20164, -119.570241 51.201586, -119.5702 51.201501, -119.570161 51.201444, -119.570112 51.201417, -119.570057 51.2014))"
120,2023-07-29 10:30:57,2023071001,2023,380.9,Non-corrected airborne GPS,1688972400000,1689045958000,Being Held,JA70003000,3808865.9202,10372.3671,234,26553b55-c4e7-45f6-8839-46b3edbf4139,15006472.265625,20584.8133861451,https://wildfiresituation.nrs.gov.bc.ca/incidents?fireYear=2023&incidentNumber=G91494,"POLYGON ((-121.79109 59.80337, -121.79047 59.80374, -121.78967 59.80405, -121.78876 59.80432, -121.78785 59.80457, -121.78703 59.80488, -121.78639 59.80526, -121.78612 59.8057, -121.78623 59.80616, -121.78677 59.80657, -121.78754 59.80692, -121.78833 59.80725, -121.78902 59.80762, -121.78954 59.80802, -121.78989 59.80843, -121.79008 59.8088, -121.79011 59.80913, -121.78999 59.80943, -121.78956 59.80965, -121.78889 59.80978, -121.78811 59.80983, -121.7873 59.80987, -121.78644 59.80992, -121.7856 59.81001, -121.78474 59.8101, -121.78382 59.8102, -121.78286 59.81029, -121.7819 59.81039, -121.78091 59.8105, -121.77989 59.81062, -121.77885 59.81079, -121.77782 59.81097, -121.77683 59.81114, -121.77584 59.81126, -121.77485 59.81128, -121.77396 59.81115, -121.77321 59.81087, -121.77269 59.81048, -121.77245 59.81005, -121.77231 59.80965, -121.77205 59.80928, -121.77148 59.80899, -121.77067 59.80886, -121.76983 59.8089, -121.76897 59.80905, -121.76812 59.80926, -121.76727 59.80952, -121.76644 59.80982, -121.76566 59.81016, -121.76494 59.81053, -121.76427 59.81092, -121.76367 59.81136, -121.76305 59.8118, -121.76242 59.81222, -121.76177 59.81261, -121.76114 59.81301, -121.76058 59.81343, -121.76001 59.81385, -121.75935 59.81423, -121.75848 59.81449, -121.75742 59.81462, -121.75628 59.8146, -121.75514 59.81445, -121.75403 59.81422, -121.75302 59.81392, -121.75206 59.81355, -121.75123 59.81311, -121.75053 59.81261, -121.75003 59.81209, -121.74972 59.81152, -121.74961 59.81093, -121.7496 59.81032, -121.74948 59.80971, -121.74905 59.80913, -121.74842 59.80857, -121.74769 59.80801, -121.74695 59.80746, -121.7463 59.80686, -121.74581 59.80624, -121.74553 59.80559, -121.74546 59.80493, -121.74561 59.80429, -121.746 59.80367, -121.74655 59.80311, -121.74721 59.80258, -121.7479 59.80207, -121.74863 59.80156, -121.74941 59.80108, -121.75031 59.8007, -121.75129 59.80045, -121.75229 59.8004, -121.7533 59.80051, -121.75435 59.80068, -121.75551 59.80077, -121.75669 59.8007, -121.75785 59.80057, -121.75898 59.80044, -121.76006 59.80028, -121.7611 59.80009, -121.76202 59.79983, -121.76279 59.79949, -121.76342 59.79911, -121.76392 59.79868, -121.76441 59.79822, -121.76498 59.79778, -121.76568 59.79742, -121.76638 59.79709, -121.76707 59.79679, -121.76773 59.79651, -121.7684 59.79625, -121.7691 59.79604, -121.76978 59.79588, -121.77047 59.79575, -121.77115 59.79562, -121.77174 59.79545, -121.77221 59.79521, -121.77259 59.79494, -121.77286 59.79462, -121.7729 59.79426, -121.77275 59.79385, -121.77253 59.79345, -121.77234 59.79305, -121.7722 59.79269, -121.7721 59.79237, -121.77439 59.79171, -121.7752 59.79153, -121.77604 59.79134, -121.77692 59.79114, -121.77779 59.79093, -121.77865 59.7907, -121.77947 59.79042, -121.78022 59.79012, -121.78087 59.78975, -121.78139 59.78934, -121.78192 59.78894, -121.78253 59.78857, -121.78321 59.78826, -121.784 59.78804, -121.7848 59.7879, -121.78556 59.78791, -121.78629 59.78803, -121.78687 59.78827, -121.78735 59.78884, -121.78754 59.78926, -121.78788 59.78966, -121.78827 59.79007, -121.78834 59.79053, -121.78804 59.79097, -121.78738 59.79136, -121.78649 59.79168, -121.78548 59.79195, -121.78442 59.79218, -121.78339 59.79242, -121.7824 59.79265, -121.78148 59.79288, -121.78061 59.79311, -121.77979 59.79336, -121.77909 59.79367, -121.7786 59.79405, -121.77826 59.79448, -121.77809 59.79491, -121.77806 59.79535, -121.77827 59.7958, -121.77867 59.79621, -121.77913 59.7966, -121.77967 59.79696, -121.78034 59.79727, -121.7811 59.7975, -121.78196 59.79766, -121.78285 59.79778, -121.78377 59.79789, -121.78469 59.79799, -121.78562 59.79812, -121.78651 59.79831, -121.78739 59.79852, -121.78829 59.79874, -121.78918 59.79897, -121.78992 59.79927, -121.79045 59.79968, -121.79079 59.80015, -121.79098 59.80065, -121.79112 59.80113, -121.79128 59.80161, -121.79146 59.80209, -121.79154 59.80254, -121.79141 59.80297, -121.79109 59.80337))"
121,2023-07-29 10:30:57,2023071001,2023,776.1,Non-corrected airborne GPS,1688972400000,1689089774000,Being Held,JA70003000,7760960.7302,17791.9898,235,fbb86d9b-2eab-473d-bf48-6dbc8f4f943a,28228140.8671875,33927.5978455457,https://wildfiresituation.nrs.gov.bc.ca/incidents?fireYear=2023&incidentNumber=G91495,"POLYGON ((-121.73362 58.42577, -121.73507 58.42589, -121.73584 58.42585, -121.73656 58.4257, -121.73659 58.42569, -121.73723 58.42547, -121.73793 58.42524, -121.73871 58.42503, -121.73957 58.42488, -121.74049 58.42481, -121.74146 58.4248, -121.74241 58.4248, -121.74336 58.42481, -121.74432 58.42481, -121.74532 58.42475, -121.74633 58.42465, -121.74736 58.42455, -121.75029 58.42433, -121.75122 58.42422, -121.7521 58.42415, -121.75294 58.42421, -121.75366 58.42444, -121.75419 58.42481, -121.75458 58.42524, -121.75489 58.42569, -121.75514 58.42613, -121.75531 58.42645, -121.75537 58.42656, -121.75567 58.42697, -121.75606 58.42736, -121.75653 58.42777, -121.75704 58.42816, -121.75746 58.42856, -121.75776 58.42902, -121.75788 58.42951, -121.75783 58.42998, -121.7576 58.43045, -121.75658 58.43175, -121.75645 58.43217, -121.75654 58.43259, -121.75696 58.43298, -121.75755 58.43335, -121.75884 58.43404, -121.75888 58.43406, -121.75956 58.43444, -121.76022 58.43481, -121.76082 58.4352, -121.76136 58.43561, -121.76156 58.43577, -121.76238 58.43641, -121.763 58.43673, -121.76373 58.43697, -121.76452 58.43714, -121.76533 58.43725, -121.76734 58.43738, -121.76785 58.43741, -121.76861 58.43747, -121.76935 58.43749, -121.77006 58.43751, -121.7707 58.43762, -121.77121 58.43783, -121.77152 58.43815, -121.7716 58.43854, -121.77153 58.43894, -121.77149 58.43936, -121.77154 58.43979, -121.77163 58.44021, -121.77169 58.44059, -121.7717 58.44063, -121.77174 58.44105, -121.77175 58.44146, -121.77169 58.44185, -121.77163 58.44258, -121.77167 58.44294, -121.77185 58.44329, -121.77218 58.44359, -121.77303 58.44412, -121.77123 58.44373, -121.77038 58.44417, -121.76929 58.44449, -121.76808 58.4447, -121.76447 58.44524, -121.76329 58.44535, -121.76211 58.44536, -121.76094 58.44524, -121.75987 58.44499, -121.75892 58.44463, -121.75803 58.44422, -121.75718 58.44378, -121.75634 58.44334, -121.75551 58.44289, -121.75463 58.44247, -121.75371 58.44207, -121.7527 58.44175, -121.75054 58.44121, -121.74949 58.44092, -121.74847 58.44059, -121.74752 58.44023, -121.74659 58.43987, -121.74567 58.43946, -121.74477 58.43904, -121.74386 58.4386, -121.74287 58.43821, -121.74178 58.43795, -121.74056 58.43786, -121.73928 58.43789, -121.73097 58.43828, -121.73058 58.4383, -121.7294 58.43835, -121.72823 58.43833, -121.72707 58.43827, -121.72593 58.43819, -121.72569 58.43817, -121.72371 58.43805, -121.7226 58.43803, -121.72149 58.43806, -121.7204 58.43817, -121.71929 58.43827, -121.71816 58.4383, -121.7171 58.4382, -121.71612 58.43797, -121.71522 58.43766, -121.7135 58.43699, -121.71257 58.43671, -121.71159 58.43651, -121.71057 58.43638, -121.70954 58.43628, -121.70852 58.43615, -121.70755 58.43597, -121.70665 58.43573, -121.70578 58.43544, -121.70499 58.43511, -121.70423 58.43476, -121.70279 58.43404, -121.70206 58.43367, -121.70126 58.43333, -121.70042 58.43305, -121.69953 58.43287, -121.69859 58.43284, -121.69763 58.43293, -121.69665 58.43299, -121.69571 58.43284, -121.69492 58.43252, -121.69437 58.43209, -121.69406 58.4316, -121.69393 58.43106, -121.69373 58.43053, -121.69335 58.43, -121.69281 58.42952, -121.6921 58.4291, -121.69057 58.42835, -121.68985 58.42798, -121.68915 58.4276, -121.68849 58.42721, -121.68795 58.42687, -121.68724 58.42644, -121.68658 58.42611, -121.6859 58.42585, -121.68514 58.42571, -121.68395 58.42581, -121.68369 58.42591, -121.68312 58.42544, -121.6829 58.42524, -121.68257 58.42495, -121.68204 58.42444, -121.68154 58.42391, -121.68106 58.42339, -121.68058 58.42286, -121.68011 58.42235, -121.6796 58.42186, -121.67902 58.4214, -121.67834 58.42098, -121.67763 58.42058, -121.67688 58.4202, -121.67608 58.41987, -121.67532 58.41952, -121.67469 58.41917, -121.67426 58.41877, -121.67407 58.41835, -121.67425 58.41791, -121.67472 58.41753, -121.67537 58.41725, -121.67692 58.41677, -121.6777 58.41646, -121.67848 58.4161, -121.67915 58.41569, -121.67975 58.41521, -121.6803 58.41471, -121.68081 58.41417, -121.68124 58.41361, -121.68159 58.41306, -121.68183 58.4125, -121.68188 58.41192, -121.68178 58.41135, -121.68155 58.41049, -121.68146 58.41017, -121.6813 58.40959, -121.68116 58.40901, -121.68107 58.40845, -121.68109 58.40792, -121.68129 58.40741, -121.68177 58.40698, -121.68257 58.40672, -121.68353 58.4067, -121.68445 58.40685, -121.68525 58.40715, -121.68591 58.40757, -121.68638 58.40807, -121.6867 58.4086, -121.68697 58.40913, -121.68722 58.40965, -121.68746 58.41017, -121.6877 58.41067, -121.68794 58.41118, -121.68817 58.41169, -121.68837 58.41218, -121.68848 58.4125, -121.68891 58.41362, -121.68924 58.41405, -121.69023 58.41483, -121.6907 58.4152, -121.69122 58.41554, -121.69184 58.41581, -121.69251 58.41599, -121.69322 58.4161, -121.69391 58.41617, -121.69463 58.41619, -121.69536 58.41616, -121.69612 58.41613, -121.69689 58.41615, -121.69767 58.41618, -121.69845 58.41624, -121.69922 58.41635, -121.69999 58.41651, -121.70075 58.41667, -121.70152 58.41685, -121.70231 58.41702, -121.70249 58.41706, -121.70387 58.41736, -121.7047 58.41744, -121.70556 58.41741, -121.7064 58.41732, -121.70723 58.41731, -121.70801 58.41741, -121.70873 58.41763, -121.70931 58.41797, -121.7097 58.41839, -121.70996 58.41885, -121.71002 58.41934, -121.70985 58.41982, -121.70946 58.42026, -121.70887 58.42066, -121.70822 58.42103, -121.70764 58.42142, -121.70718 58.42186, -121.7069 58.42235, -121.70678 58.42285, -121.70686 58.42336, -121.70718 58.42385, -121.70763 58.42431, -121.70813 58.42475, -121.70858 58.42522, -121.70896 58.42571, -121.70932 58.42621, -121.70975 58.42669, -121.71034 58.42713, -121.71109 58.42747, -121.71193 58.42776, -121.71284 58.42801, -121.71374 58.42828, -121.7162 58.42909, -121.71623 58.4291, -121.71803 58.42969, -121.71893 58.42994, -121.71983 58.43011, -121.72073 58.43017, -121.72162 58.43007, -121.7224 58.42985, -121.7231 58.42958, -121.72416 58.42901, -121.72431 58.42892, -121.72493 58.42859, -121.72561 58.42829, -121.72635 58.42803, -121.72711 58.4278, -121.7279 58.42761, -121.72866 58.42744, -121.72934 58.4272, -121.7299 58.4269, -121.73039 58.42658, -121.73091 58.42628, -121.7315 58.42602, -121.73216 58.42583, -121.73288 58.42576, -121.73362 58.42577))"
122,2023-07-29 10:30:57,2023072401,2023,1125.0,Derived from satellite imagery,1690182000000,1690298548000,Out of Control,JA70003000,11249963.475,14786.2796,236,2d1ca8f2-b4b4-4e52-98e7-b1c04d05999e,43361212.4609375,29035.1815668767,https://wildfiresituation.nrs.gov.bc.ca/incidents?fireYear=2023&incidentNumber=G91534,"POLYGON ((-121.03951 59.45629, -121.03886 59.45598, -121.03761 59.45532, -121.03625 59.4547, -121.03561 59.45439, -121.03505 59.45405, -121.03458 59.4537, -121.03419 59.45333, -121.03376 59.45297, -121.03321 59.45265, -121.03254 59.45237, -121.031341 59.452028, -121.028494 59.453571, -121.025044 59.45421, -121.020186 59.454226, -121.018166 59.452627, -121.018585 59.44959, -121.0215 59.447405, -121.022943 59.446649, -121.02259 59.44648, -121.02193 59.44613, -121.0213 59.44577, -121.02072 59.4454, -121.02022 59.44501, -121.01985 59.44458, -121.0196 59.44414, -121.01944 59.4437, -121.0195 59.44326, -121.01977 59.44284, -121.0202 59.44246, -121.02073 59.44211, -121.02129 59.44179, -121.02139 59.44173, -121.02265 59.44102, -121.02336 59.44053, -121.02368 59.44017, -121.02403 59.4396, -121.02423 59.43921, -121.0245 59.43882, -121.02492 59.43849, -121.02548 59.43822, -121.02609 59.43801, -121.02741 59.43773, -121.02799 59.43754, -121.02838 59.43726, -121.02849 59.4369, -121.02829 59.43653, -121.02794 59.43615, -121.02765 59.43576, -121.02749 59.43536, -121.02742 59.43455, -121.02731 59.43415, -121.027299 59.434126, -121.026037 59.433452, -121.020674 59.431733, -121.017593 59.429714, -121.014936 59.427329, -121.017798 59.425525, -121.021507 59.422987, -121.027365 59.4211, -121.03033 59.418536, -121.035841 59.416445, -121.040506 59.415086, -121.04459 59.415233, -121.049045 59.415392, -121.061428 59.414881, -121.07287 59.418532, -121.078139 59.42368, -121.080758 59.429114, -121.079921 59.432518, -121.076138 59.435626, -121.070894 59.438491, -121.062278 59.441427, -121.05533 59.443086, -121.051928 59.444597, -121.05195 59.44466, -121.05216 59.44515, -121.05252 59.44564, -121.05341 59.44665, -121.05371 59.4472, -121.05386 59.44777, -121.05388 59.44834, -121.05377 59.44892, -121.05356 59.44948, -121.05303 59.45061, -121.05283 59.45116, -121.05248 59.45227, -121.05226 59.4528, -121.05202 59.4533, -121.05169 59.45377, -121.05127 59.45421, -121.04999 59.45538, -121.04967 59.45576, -121.0493 59.45613, -121.04882 59.45643, -121.04815 59.45664, -121.04737 59.45675, -121.04654 59.45675, -121.04573 59.45665, -121.04496 59.45651, -121.04418 59.4564, -121.04338 59.45635, -121.04258 59.45639, -121.0418 59.4565, -121.04102 59.45657, -121.04023 59.45651, -121.03951 59.45629))"
123,2023-07-29 10:30:57,2023071401,2023,13.6,Non-corrected airborne GPS,1689318000000,1689371789000,Out of Control,JA70003000,135967.867,1928.7347,237,cdda86cd-ca44-47ef-8150-2959d606b846,523240.5703125,3782.69172360762,https://wildfiresituation.nrs.gov.bc.ca/incidents?fireYear=2023&incidentNumber=G91661,"POLYGON ((-120.3811 59.40889, -120.38073 59.40862, -120.38038 59.40831, -120.37974 59.40767, -120.37935 59.4074, -120.37887 59.40718, -120.37834 59.40699, -120.37783 59.4068, -120.37738 59.40658, -120.37723 59.40649, -120.37658 59.40611, -120.37584 59.40561, -120.37454 59.40486, -120.37416 59.40458, -120.37388 59.40429, -120.37382 59.40403, -120.37404 59.40387, -120.37444 59.4039, -120.37489 59.40408, -120.37535 59.40432, -120.37586 59.40455, -120.3768 59.40474, -120.37778 59.40483, -120.37836 59.405, -120.37884 59.40526, -120.3793 59.40556, -120.37988 59.4058, -120.3806 59.40594, -120.38199 59.40606, -120.38211 59.40607, -120.38275 59.40621, -120.38331 59.40643, -120.38387 59.40666, -120.38392 59.40666, -120.38426 59.40683, -120.38452 59.407, -120.38465 59.40723, -120.38476 59.4075, -120.38504 59.40778, -120.38547 59.40805, -120.38583 59.40832, -120.38586 59.4086, -120.38552 59.40879, -120.385 59.40878, -120.38395 59.40859, -120.38342 59.40862, -120.38294 59.40874, -120.3825 59.4089, -120.38206 59.40904, -120.38157 59.40905, -120.3811 59.40889))"
124,2023-07-29 10:30:57,2023070901,2023,5278.1,Hand sketch of any type,1688886000000,1688934432000,Being Held,JA70003000,52781275.4261,33082.5813,238,4c6a97a6-8898-40f7-962b-1207fd082d77,205528670.085938,65214.9271109182,https://wildfiresituation.nrs.gov.bc.ca/incidents?fireYear=2023&incidentNumber=G90949,"POLYGON ((-126.94796 59.63107, -126.94727 59.63103, -126.943443 59.632215, -126.941178 59.632021, -126.9409 59.63209, -126.94005 59.63213, -126.93928 59.63198, -126.93907 59.63184, -126.936869 59.631651, -126.927332 59.630834, -126.915875 59.628632, -126.900771 59.626586, -126.884763 59.626439, -126.88031 59.628479, -126.865344 59.62725, -126.853494 59.622587, -126.84292 59.620338, -126.834063 59.616153, -126.831355 59.614617, -126.833646 59.611249, -126.842482 59.610485, -126.842902 59.605756, -126.868003 59.597964, -126.892801 59.592777, -126.911617 59.589585, -126.930224 59.585858, -126.950868 59.583572, -126.965361 59.584995, -126.978985 59.58175, -126.997733 59.579387, -127.015573 59.575041, -127.028394 59.572898, -127.036733 59.580636, -127.040158 59.589496, -127.046616 59.59127, -127.051749 59.600498, -127.050781 59.610646, -127.049045 59.617319, -127.018497 59.625059, -126.996702 59.627449, -126.985237 59.627943, -126.964939 59.628814, -126.96431 59.628868, -126.96486 59.62907, -126.96579 59.62935, -126.96673 59.6297, -126.96743 59.63013, -126.96802 59.63061, -126.96859 59.63108, -126.96915 59.63154, -126.96977 59.63195, -126.97034 59.63234, -126.97088 59.63273, -126.97099 59.63321, -126.97055 59.63369, -126.96971 59.63412, -126.96869 59.63449, -126.96759 59.63486, -126.96651 59.63529, -126.96555 59.63581, -126.96469 59.6364, -126.96369 59.63696, -126.96246 59.63742, -126.96097 59.63774, -126.96283 59.63649, -126.96194 59.63662, -126.961 59.6366, -126.96017 59.6364, -126.95936 59.63616, -126.95857 59.6359, -126.95788 59.63558, -126.95722 59.63524, -126.95653 59.63489, -126.95576 59.63457, -126.95483 59.63435, -126.95387 59.63424, -126.95292 59.63404, -126.95217 59.63372, -126.95158 59.63331, -126.9511 59.63285, -126.95062 59.6324, -126.9501 59.63196, -126.9495 59.63158, -126.94877 59.63126, -126.94796 59.63107))"
125,2023-07-29 10:30:57,2023071501,2023,12107.2,Derived from satellite imagery,1689404400000,1689458523000,Being Held,JA70003000,121072125.3257,51286.3036,239,0cfbe07d-187a-4dec-bd88-ce7a0229029a,469779361.226563,100957.712306965,https://wildfiresituation.nrs.gov.bc.ca/incidents?fireYear=2023&incidentNumber=G90956,"POLYGON ((-126.529074 59.538773, -126.525846 59.53453, -126.525024 59.527118, -126.5314 59.521322, -126.543917 59.516355, -126.560322 59.510758, -126.570221 59.509748, -126.587588 59.50954, -126.612078 59.511026, -126.62819 59.511133, -126.645856 59.50965, -126.667489 59.510156, -126.674004 59.512816, -126.677648 59.513254, -126.688143 59.511968, -126.696832 59.508951, -126.700844 59.505362, -126.704296 59.502966, -126.716538 59.502903, -126.729418 59.505512, -126.737549 59.503982, -126.748614 59.503328, -126.761978 59.501174, -126.765532 59.503831, -126.765012 59.506808, -126.765728 59.513049, -126.771122 59.519859, -126.777031 59.523395, -126.78414 59.528411, -126.791776 59.530747, -126.79706 59.532203, -126.804134 59.535434, -126.810586 59.536884, -126.815958 59.542206, -126.825968 59.546013, -126.834235 59.550127, -126.843665 59.553937, -126.850783 59.558652, -126.854997 59.56398, -126.856847 59.568132, -126.856369 59.572597, -126.85473 59.577366, -126.852485 59.581246, -126.84674 59.585445, -126.843277 59.587251, -126.83566 59.586404, -126.82572 59.586166, -126.820461 59.586198, -126.811125 59.586847, -126.802998 59.589274, -126.802453 59.591062, -126.803682 59.593731, -126.800215 59.595536, -126.792643 59.596769, -126.783285 59.596525, -126.773902 59.59509, -126.766863 59.593939, -126.760403 59.592487, -126.75219 59.591045, -126.746881 59.588694, -126.743289 59.584549, -126.737951 59.580711, -126.731501 59.579556, -126.721563 59.57931, -126.710504 59.581449, -126.702944 59.583272, -126.699508 59.586858, -126.696077 59.590742, -126.693756 59.591646, -126.68848 59.59078, -126.683776 59.589316, -126.683725 59.586639, -126.685416 59.583359, -126.688275 59.580074, -126.685932 59.579788, -126.680669 59.579516, -126.671299 59.578372, -126.667783 59.577794, -126.662493 59.576035, -126.651335 59.572816, -126.640789 59.571081, -126.634349 59.570218, -126.627914 59.569652, -126.622642 59.568784, -126.619107 59.567015, -126.615572 59.565246, -126.609082 59.560981, -126.591164 59.560829, -126.588118 59.558715, -126.586754 59.558599, -126.549106 59.552766, -126.532506 59.543282, -126.530999 59.541303, -126.529074 59.538773))"
126,2023-07-29 10:30:57,2023070901,2023,12305.9,Hand sketch of any type,1688886000000,1688930237000,Out of Control,JA70003000,123059482.6082,44124.0241,241,e621a60e-6a31-4a50-9581-8d0373483eaf,466275568.65625,85865.0065362178,https://wildfiresituation.nrs.gov.bc.ca/incidents?fireYear=2023&incidentNumber=G90981,"POLYGON ((-127.729053 59.159939, -127.715208 59.166243, -127.706189 59.169958, -127.678214 59.1796, -127.640453 59.192919, -127.611001 59.202534, -127.588741 59.194614, -127.573243 59.185754, -127.526833 59.175225, -127.511322 59.161561, -127.481308 59.149446, -127.463407 59.140653, -127.458031 59.132536, -127.460508 59.122871, -127.474899 59.118745, -127.49232 59.119325, -127.517682 59.118117, -127.527627 59.112416, -127.536291 59.097633, -127.554693 59.096844, -127.594582 59.095762, -127.619211 59.094736, -127.642927 59.090535, -127.655898 59.086345, -127.666408 59.089901, -127.687379 59.102903, -127.688419 59.103668, -127.698108 59.112778, -127.709991 59.126564, -127.730996 59.143379, -127.730483 59.155688, -127.729053 59.159939))"
127,2023-07-29 10:30:57,2023072601,2023,3782.2,Derived from satellite imagery,1690354800000,1690404260000,Out of Control,JA70003000,37822102.6979,37194.5461,242,98550b17-b7dd-48b5-9b9d-729ae1b67232,147493773.789063,73421.9380381095,https://wildfiresituation.nrs.gov.bc.ca/incidents?fireYear=2023&incidentNumber=G91013,"POLYGON ((-123.154394 59.66554, -123.153531 59.665066, -123.15252 59.665045, -123.150363 59.665287, -123.147968 59.665695, -123.147474 59.664827, -123.147852 59.664321, -123.149465 59.663839, -123.150746 59.663294, -123.151474 59.662623, -123.151477 59.662454, -123.149764 59.661712, -123.150707 59.659414, -123.152802 59.656947, -123.152888 59.655862, -123.143615 59.653931, -123.136038 59.652525, -123.13056 59.651787, -123.125994 59.651693, -123.123879 59.652684, -123.121085 59.654364, -123.118746 59.655088, -123.115696 59.655218, -123.110763 59.655116, -123.1082 59.653904, -123.108293 59.652747, -123.108495 59.650241, -123.108159 59.649022, -123.108026 59.648977, -123.103546 59.647321, -123.097788 59.646263, -123.095145 59.645621, -123.093238 59.646255, -123.089683 59.647919, -123.087724 59.64865, -123.085843 59.648418, -123.08521 59.64686, -123.089221 59.64424, -123.090536 59.643869, -123.090302 59.643763, -123.087998 59.641839, -123.083118 59.639658, -123.08265 59.63949, -123.08169 59.63917, -123.08072 59.63886, -123.07973 59.63856, -123.07871 59.63826, -123.0777 59.63796, -123.076846 59.637717, -123.07668 59.63767, -123.07565 59.63742, -123.07463 59.6372, -123.07358 59.63703, -123.07252 59.63689, -123.07147 59.63679, -123.07046 59.63672, -123.06951 59.63664, -123.06859 59.63655, -123.06772 59.63645, -123.0669 59.63632, -123.06612 59.63616, -123.06537 59.63598, -123.06467 59.63577, -123.06406 59.63552, -123.06353 59.63522, -123.0631 59.63489, -123.06286 59.6345, -123.0628 59.6341, -123.06291 59.63369, -123.06315 59.63332, -123.06358 59.63297, -123.06416 59.63266, -123.06489 59.63242, -123.06574 59.63223, -123.06666 59.63208, -123.06763 59.63194, -123.06856 59.63178, -123.06944 59.63157, -123.07019 59.63127, -123.07076 59.6309, -123.07118 59.63046, -123.071316 59.630254, -123.07149 59.62999, -123.07171 59.6295, -123.07182 59.62901, -123.07176 59.6285, -123.07154 59.62799, -123.0712 59.62748, -123.07082 59.62699, -123.07044 59.62649, -123.07005 59.626, -123.06966 59.62553, -123.06922 59.62507, -123.06873 59.62461, -123.06814 59.62418, -123.06746 59.62379, -123.06664 59.62347, -123.066403 59.623397, -123.06576 59.6232, -123.06489 59.62292, -123.06405 59.62261, -123.06328 59.62226, -123.06257 59.6219, -123.06185 59.62153, -123.06123 59.62115, -123.06067 59.62076, -123.0602 59.62035, -123.05978 59.61993, -123.05944 59.6195, -123.05918 59.61905, -123.05901 59.61857, -123.05895 59.61809, -123.059024 59.617648, -123.057358 59.61742, -123.057327 59.61697, -123.060226 59.614559, -123.064123 59.614075, -123.06461 59.61393, -123.06547 59.6137, -123.06638 59.61349, -123.06732 59.61329, -123.06829 59.61307, -123.06929 59.6129, -123.07032 59.6128, -123.07142 59.61278, -123.07252 59.61284, -123.07362 59.61297, -123.07467 59.61314, -123.07568 59.61335, -123.076587 59.613589, -123.07659 59.61359, -123.07743 59.61387, -123.07823 59.61415, -123.07903 59.61442, -123.07978 59.61469, -123.08051 59.61496, -123.08128 59.61518, -123.08212 59.61533, -123.08301 59.61532, -123.08396 59.61519, -123.08493 59.61503, -123.08589 59.61486, -123.08681 59.61469, -123.08779 59.61459, -123.088723 59.614581, -123.094145 59.615737, -123.09471 59.61595, -123.09562 59.61629, -123.09654 59.61662, -123.0975 59.61695, -123.09848 59.61727, -123.09948 59.61756, -123.10046 59.61784, -123.100976 59.617985, -123.106056 59.615719, -123.11175 59.612628, -123.110881 59.611096, -123.109899 59.609145, -123.110007 59.607796, -123.110525 59.606069, -123.111832 59.603973, -123.113502 59.602077, -123.117778 59.600814, -123.121566 59.600892, -123.124914 59.601734, -123.128595 59.603161, -123.130979 59.603958, -123.136928 59.603365, -123.13693 59.603333, -123.137068 59.601599, -123.138691 59.600281, -123.141132 59.598207, -123.144239 59.597306, -123.14774 59.596219, -123.150059 59.595687, -123.152438 59.594385, -123.159454 59.592019, -123.164771 59.591934, -123.166165 59.593507, -123.168271 59.595673, -123.173938 59.595982, -123.178757 59.597431, -123.181591 59.599998, -123.176924 59.601448, -123.168574 59.601471, -123.165528 59.601602, -123.163845 59.603692, -123.163724 59.605234, -123.165118 59.606807, -123.168392 59.608611, -123.170514 59.610585, -123.169963 59.612648, -123.173205 59.613623, -123.173976 59.615952, -123.172503 59.619047, -123.169914 59.620714, -123.167644 59.62223, -123.167202 59.62394, -123.170135 59.625719, -123.173118 59.626873, -123.175745 59.628645, -123.178065 59.630411, -123.178544 59.63214, -123.177833 59.633376, -123.177477 59.633994, -123.176993 59.635465, -123.17813 59.63573, -123.18055 59.63629, -123.18177 59.63659, -123.18298 59.63688, -123.18416 59.63715, -123.18535 59.63739, -123.18659 59.63751, -123.18788 59.63751, -123.18919 59.63741, -123.19053 59.63723, -123.19188 59.63703, -123.19322 59.63683, -123.19453 59.63662, -123.19582 59.6364, -123.196761 59.6362, -123.196774 59.636197, -123.197044 59.635448, -123.198666 59.634129, -123.20179 59.633033, -123.205657 59.632146, -123.210995 59.631867, -123.216244 59.632744, -123.220675 59.634377, -123.222437 59.63615, -123.222261 59.636603, -123.22308 59.63676, -123.22442 59.63711, -123.22576 59.63752, -123.22703 59.63799, -123.2282 59.63853, -123.22928 59.63914, -123.229661 59.639388, -123.23028 59.63979, -123.2311 59.6405, -123.23171 59.64125, -123.23217 59.64206, -123.23238 59.64289, -123.23236 59.64371, -123.23212 59.64453, -123.23169 59.64534, -123.23109 59.64613, -123.23032 59.64687, -123.229441 59.647525, -123.22938 59.64757, -123.22831 59.64822, -123.228026 59.648361, -123.22714 59.6488, -123.22587 59.6493, -123.22454 59.64974, -123.22315 59.65013, -123.222949 59.650177, -123.224616 59.652218, -123.222659 59.652951, -123.221142 59.652921, -123.217013 59.652259, -123.21308 59.652037, -123.20922 59.652761, -123.20486 59.653455, -123.199935 59.653512, -123.193769 59.6537, -123.189962 59.655186, -123.183403 59.65646, -123.175839 59.657394, -123.175878 59.658029, -123.176868 59.658796, -123.177448 59.660008, -123.176837 59.660624, -123.17548 59.660711, -123.173651 59.661074, -123.170234 59.660526, -123.169999 59.66058, -123.167949 59.662469, -123.164367 59.66452, -123.160161 59.66482, -123.159825 59.664764, -123.158592 59.665112, -123.156655 59.665415, -123.155486 59.665963, -123.154911 59.666123, -123.154394 59.66554))"
128,2023-07-29 10:30:57,2023071001,2023,1371.8,Non-corrected airborne GPS,1688972400000,1689044689000,Being Held,JA70003000,13718329.6627,16772.0138,244,8791cfbe-c906-4bd3-8024-1ca41ee438f1,50108871.046875,32051.7950599027,https://wildfiresituation.nrs.gov.bc.ca/incidents?fireYear=2023&incidentNumber=G91144,"POLYGON ((-121.63236 58.50505, -121.632 58.50554, -121.63152 58.50599, -121.63084 58.50637, -121.62999 58.50667, -121.62902 58.50689, -121.62801 58.50707, -121.62698 58.50722, -121.62596 58.50742, -121.62502 58.50772, -121.62415 58.50805, -121.62336 58.50846, -121.62268 58.50892, -121.62211 58.50941, -121.62157 58.5099, -121.62098 58.51039, -121.62033 58.51086, -121.61961 58.5113, -121.61887 58.51171, -121.61817 58.51213, -121.61756 58.51259, -121.617 58.51311, -121.61649 58.51364, -121.61603 58.51418, -121.61566 58.51472, -121.61541 58.51528, -121.61526 58.51585, -121.6152 58.51642, -121.61516 58.51698, -121.615 58.51753, -121.61461 58.51804, -121.61405 58.51855, -121.61347 58.51906, -121.61293 58.51958, -121.61189 58.52066, -121.61132 58.52118, -121.61074 58.52168, -121.61017 58.52217, -121.60954 58.52263, -121.60881 58.52305, -121.60803 58.52344, -121.60726 58.52384, -121.60656 58.52427, -121.60594 58.52473, -121.60536 58.52519, -121.60474 58.52561, -121.604 58.52597, -121.60313 58.52626, -121.60221 58.52642, -121.60122 58.52641, -121.60027 58.52627, -121.59934 58.52602, -121.59845 58.52572, -121.59758 58.52543, -121.59664 58.52517, -121.59564 58.52495, -121.59462 58.52475, -121.59359 58.52458, -121.59257 58.52441, -121.59156 58.52423, -121.59058 58.52403, -121.58964 58.52379, -121.58871 58.52354, -121.58778 58.52328, -121.58682 58.52307, -121.58581 58.52294, -121.58478 58.52285, -121.58375 58.52277, -121.58274 58.5227, -121.58174 58.52266, -121.58075 58.5227, -121.57978 58.52279, -121.57879 58.52284, -121.57783 58.52283, -121.57689 58.52273, -121.57596 58.52264, -121.57505 58.52261, -121.57417 58.52269, -121.57334 58.52286, -121.57248 58.52301, -121.57162 58.5231, -121.57078 58.52308, -121.57005 58.52288, -121.56955 58.52254, -121.5693 58.52212, -121.56929 58.52167, -121.5694 58.5212, -121.5695 58.52072, -121.56948 58.52024, -121.56933 58.51975, -121.56911 58.51926, -121.56886 58.51878, -121.56854 58.51831, -121.56815 58.51785, -121.56768 58.5174, -121.56711 58.51699, -121.5664 58.51665, -121.56549 58.51642, -121.56449 58.51626, -121.56251 58.51594, -121.56153 58.51578, -121.56056 58.51561, -121.55962 58.51538, -121.55876 58.51512, -121.55796 58.51485, -121.55732 58.51452, -121.5569 58.51413, -121.55668 58.5137, -121.55663 58.51325, -121.55666 58.51279, -121.55669 58.51234, -121.55673 58.51189, -121.55677 58.51145, -121.55679 58.51101, -121.55681 58.51058, -121.55682 58.51013, -121.55683 58.5097, -121.55696 58.50927, -121.55723 58.50887, -121.55771 58.50851, -121.55834 58.5082, -121.55907 58.50795, -121.56061 58.50751, -121.56135 58.50729, -121.56208 58.50704, -121.56285 58.50684, -121.56367 58.50673, -121.56451 58.50672, -121.56535 58.5068, -121.56621 58.50692, -121.56711 58.50702, -121.56802 58.50708, -121.56894 58.5071, -121.56985 58.50706, -121.57072 58.50696, -121.57157 58.5068, -121.57241 58.50661, -121.57326 58.50642, -121.57412 58.50622, -121.57496 58.50601, -121.57581 58.50584, -121.57669 58.50574, -121.57757 58.50572, -121.57846 58.50574, -121.57936 58.50575, -121.58024 58.50571, -121.58111 58.50557, -121.58192 58.50535, -121.58264 58.50506, -121.5833 58.50471, -121.58383 58.50432, -121.58419 58.50387, -121.58432 58.5034, -121.58427 58.50292, -121.58401 58.50246, -121.58356 58.50201, -121.58301 58.50159, -121.58239 58.50117, -121.58176 58.50076, -121.58104 58.50038, -121.58026 58.50004, -121.57945 58.49972, -121.57864 58.49942, -121.57779 58.49916, -121.57603 58.49878, -121.57518 58.49856, -121.57394 58.49822, -121.57312 58.49799, -121.57242 58.4977, -121.57198 58.49731, -121.57184 58.49689, -121.57199 58.49645, -121.57228 58.49601, -121.57262 58.49556, -121.57297 58.49512, -121.57331 58.49465, -121.57397 58.49371, -121.57467 58.49277, -121.57503 58.49232, -121.57542 58.49187, -121.57581 58.49141, -121.57624 58.49095, -121.57666 58.4905, -121.57705 58.49003, -121.57753 58.48957, -121.57815 58.48918, -121.57881 58.48879, -121.57948 58.48839, -121.58011 58.48798, -121.58073 58.48757, -121.58134 58.48716, -121.58194 58.48674, -121.58253 58.48632, -121.58311 58.48592, -121.58371 58.48552, -121.58436 58.48514, -121.58508 58.48478, -121.5858 58.48444, -121.58657 58.48408, -121.58739 58.48376, -121.58825 58.4835, -121.58917 58.48328, -121.59016 58.48317, -121.59122 58.48316, -121.59231 58.48321, -121.59339 58.48332, -121.59444 58.48347, -121.59548 58.48362, -121.59653 58.48378, -121.59757 58.48395, -121.59862 58.48416, -121.59964 58.48438, -121.60065 58.48459, -121.60164 58.48477, -121.60262 58.48489, -121.60363 58.48489, -121.60462 58.48478, -121.60557 58.48462, -121.60652 58.48458, -121.60752 58.48467, -121.60848 58.48486, -121.60938 58.48512, -121.61023 58.48543, -121.61106 58.48576, -121.61188 58.48607, -121.61275 58.48632, -121.61365 58.48652, -121.61459 58.4867, -121.61653 58.48698, -121.61751 58.48712, -121.61849 58.48732, -121.61941 58.4876, -121.62029 58.4879, -121.62117 58.48822, -121.62205 58.48853, -121.62295 58.48882, -121.62386 58.48904, -121.62483 58.48918, -121.6258 58.48915, -121.62676 58.48899, -121.62777 58.48878, -121.62878 58.48872, -121.62976 58.48886, -121.63064 58.48918, -121.63126 58.48966, -121.63165 58.49021, -121.63187 58.4908, -121.63204 58.49139, -121.63223 58.49198, -121.6325 58.49255, -121.63294 58.49308, -121.63349 58.49358, -121.63409 58.49405, -121.63467 58.49451, -121.63529 58.49496, -121.63597 58.4954, -121.63665 58.49583, -121.63721 58.49626, -121.63763 58.49671, -121.63794 58.49718, -121.6382 58.49763, -121.63861 58.49802, -121.63931 58.49828, -121.64017 58.4984, -121.64107 58.49844, -121.64188 58.49854, -121.64255 58.49879, -121.64303 58.49913, -121.64327 58.49951, -121.6408 58.5007, -121.63999 58.50109, -121.63912 58.50146, -121.63825 58.50182, -121.63739 58.5022, -121.63652 58.50258, -121.63566 58.50295, -121.63483 58.50332, -121.63407 58.50371, -121.6334 58.50412, -121.6328 58.50456, -121.63236 58.50505))"
129,2023-07-29 10:30:57,2023072401,2023,2720.8,Non-corrected airborne GPS,1690182000000,1690330015000,Fire of Note,JA70003000,27207919.4505,28102.0902,247,ab82c5f7-2fd2-458c-a550-ab2a10b850a7,67125114.640625,44155.789267398,https://wildfiresituation.nrs.gov.bc.ca/incidents?fireYear=2023&incidentNumber=K22024,"POLYGON ((-120.411897 50.47654, -120.411413 50.477607, -120.411186 50.478108, -120.409981 50.481595, -120.408986 50.485862, -120.40736 50.488458, -120.403981 50.493437, -120.402986 50.497137, -120.403085 50.498918, -120.404003 50.501187, -120.40438 50.502751, -120.404619 50.504238, -120.403678 50.505051, -120.402176 50.506188, -120.399775 50.507514, -120.397838 50.508524, -120.394736 50.509531, -120.390104 50.510576, -120.385096 50.511739, -120.384934 50.511753, -120.383206 50.511903, -120.379238 50.512775, -120.376477 50.513431, -120.374621 50.513826, -120.373456 50.514433, -120.372253 50.514872, -120.371669 50.515085, -120.370438 50.515543, -120.370243 50.515694, -120.370074 50.515727, -120.36906 50.516339, -120.367303 50.516229, -120.366165 50.51621, -120.3647 50.51641, -120.363741 50.516594, -120.363663 50.516574, -120.362641 50.516325, -120.360305 50.516329, -120.358342 50.517045, -120.357809 50.517677, -120.357831 50.517923, -120.357975 50.519469, -120.357206 50.521595, -120.356892 50.524248, -120.356868 50.527578, -120.356113 50.528806, -120.354477 50.529455, -120.353157 50.529103, -120.352289 50.528248, -120.351027 50.526596, -120.350317 50.525364, -120.349597 50.524231, -120.349014 50.523266, -120.348506 50.522422, -120.348122 50.521967, -120.347732 50.521687, -120.347224 50.521427, -120.346112 50.521232, -120.34519 50.521226, -120.344234 50.521328, -120.343587 50.521621, -120.343203 50.521955, -120.342724 50.522482, -120.342498 50.523215, -120.34221 50.524144, -120.341641 50.524931, -120.341024 50.525455, -120.340538 50.525514, -120.340114 50.525459, -120.339841 50.524993, -120.339664 50.524341, -120.339497 50.523717, -120.339384 50.523281, -120.339296 50.522795, -120.339105 50.522439, -120.338854 50.52219, -120.338421 50.52202, -120.338361 50.522021, -120.337704 50.522093, -120.337335 50.522397, -120.337176 50.522836, -120.337177 50.523544, -120.33724 50.52442, -120.33734 50.525241, -120.337496 50.526346, -120.337706 50.526963, -120.337922 50.52752, -120.338113 50.528084, -120.338151 50.528664, -120.337578 50.529137, -120.337093 50.529061, -120.336777 50.528902, -120.336583 50.52851, -120.336176 50.527907, -120.335662 50.527205, -120.334452 50.526286, -120.332856 50.524886, -120.331646 50.523681, -120.330611 50.522129, -120.330411 50.520546, -120.330358 50.519391, -120.330309 50.518366, -120.329997 50.51697, -120.329639 50.515822, -120.329692 50.514894, -120.330303 50.514552, -120.330895 50.514331, -120.331715 50.514183, -120.332616 50.514018, -120.333381 50.51349, -120.333927 50.512901, -120.334556 50.512455, -120.33512 50.512037, -120.336183 50.511529, -120.337042 50.511191, -120.337874 50.510755, -120.338467 50.510116, -120.338794 50.509588, -120.339534 50.509355, -120.339626 50.509326, -120.340311 50.509189, -120.341418 50.50921, -120.342242 50.509094, -120.343183 50.508761, -120.344374 50.508084, -120.345186 50.507604, -120.345973 50.506994, -120.346689 50.506363, -120.347136 50.505838, -120.347542 50.505241, -120.347782 50.504691, -120.347709 50.504037, -120.347123 50.503218, -120.346603 50.5026, -120.346435 50.502251, -120.346505 50.501539, -120.346987 50.500882, -120.347002 50.500794, -120.347131 50.500641, -120.347667 50.500006, -120.348477 50.499204, -120.349293 50.498496, -120.349916 50.497865, -120.35052 50.497392, -120.351147 50.496957, -120.351832 50.496631, -120.352718 50.496456, -120.353708 50.496262, -120.35469 50.496203, -120.355586 50.495998, -120.355966 50.495709, -120.356213 50.495129, -120.356295 50.494606, -120.356044 50.493953, -120.35564 50.493282, -120.355125 50.492597, -120.35483 50.491968, -120.354784 50.491497, -120.354418 50.490863, -120.353921 50.490343, -120.353275 50.489871, -120.353163 50.489241, -120.353273 50.488235, -120.353638 50.4876, -120.353836 50.487113, -120.354105 50.486665, -120.354552 50.48614, -120.355105 50.485651, -120.355925 50.4848, -120.356539 50.484058, -120.357127 50.483003, -120.357606 50.482058, -120.357789 50.481422, -120.357922 50.480615, -120.357988 50.479837, -120.358161 50.479057, -120.358645 50.478393, -120.359214 50.477797, -120.35969 50.477257, -120.360106 50.476775, -120.360442 50.476271, -120.360655 50.475701, -120.360893 50.475097, -120.361248 50.474081, -120.361551 50.473644, -120.362021 50.473173, -120.36257 50.472756, -120.363173 50.472464, -120.363718 50.472046, -120.364255 50.47147, -120.364803 50.470892, -120.365319 50.470386, -120.365642 50.47007, -120.366035 50.469665, -120.366259 50.469376, -120.366226 50.469068, -120.366092 50.468647, -120.365336 50.467868, -120.364369 50.466755, -120.364102 50.466222, -120.364151 50.465638, -120.364832 50.465175, -120.366077 50.464711, -120.367317 50.464008, -120.368121 50.462797, -120.369077 50.461717, -120.370434 50.460855, -120.373622 50.459494, -120.37619 50.458255, -120.378297 50.457231, -120.379846 50.456043, -120.38119 50.454576, -120.382844 50.45298, -120.384422 50.451894, -120.386352 50.450816, -120.392741 50.447994, -120.396448 50.446412, -120.398971 50.44483, -120.401073 50.444064, -120.401119 50.443998, -120.403333 50.4438, -120.404826 50.444354, -120.405865 50.444745, -120.40729 50.445557, -120.407296 50.445588, -120.407793 50.446105, -120.407891 50.446174, -120.407909 50.446225, -120.408231 50.44656, -120.408485 50.446789, -120.409071 50.447228, -120.409226 50.447395, -120.409363 50.447538, -120.409429 50.447606, -120.409968 50.448167, -120.410246 50.448877, -120.410261 50.448941, -120.411034 50.449621, -120.412254 50.450467, -120.413266 50.451196, -120.413716 50.45214, -120.413846 50.453128, -120.413094 50.454059, -120.412095 50.455212, -120.412028 50.45529, -120.411643 50.456222, -120.411852 50.457033, -120.411901 50.457225, -120.412657 50.458787, -120.412732 50.460203, -120.411697 50.461158, -120.410152 50.462447, -120.410013 50.462549, -120.408937 50.463341, -120.40785 50.464335, -120.407558 50.466989, -120.407543 50.467127, -120.408195 50.469423, -120.409667 50.471335, -120.412587 50.473984, -120.412699 50.474771, -120.412183 50.475908, -120.411897 50.47654))"
130,2023-07-29 10:30:57,2023072701,2023,18.9,Non-corrected ground GPS,1690441200000,1690583313000,Out of Control,JA70003000,188927.3862,3081.2084,255,69c9fa02-ef22-4f5a-bc01-c566bd702ac6,468204.96875,4849.92392410502,https://wildfiresituation.nrs.gov.bc.ca/incidents?fireYear=2023&incidentNumber=K42077,"POLYGON ((-118.847958 50.595466, -118.847898 50.595457, -118.847661 50.595343, -118.847506 50.595269, -118.847306 50.595064, -118.847207 50.594894, -118.847056 50.594727, -118.846776 50.594677, -118.846543 50.594705, -118.846163 50.594742, -118.845805 50.594789, -118.845522 50.594797, -118.845509 50.594794, -118.845421 50.594783, -118.845347 50.594766, -118.845258 50.594752, -118.84515 50.594717, -118.84504 50.594652, -118.844928 50.594576, -118.844875 50.59453, -118.844775 50.594513, -118.844681 50.594501, -118.844576 50.594465, -118.844479 50.594435, -118.844397 50.594418, -118.844287 50.594391, -118.844158 50.594374, -118.844045 50.59435, -118.843937 50.594326, -118.843867 50.594306, -118.84386 50.594281, -118.843889 50.594254, -118.843854 50.594253, -118.843789 50.59424, -118.84374 50.594218, -118.843708 50.594201, -118.843671 50.59421, -118.843626 50.594219, -118.843551 50.594216, -118.8435 50.594214, -118.843478 50.594186, -118.843439 50.594171, -118.8434 50.594147, -118.843372 50.594124, -118.843382 50.594103, -118.843478 50.594057, -118.843492 50.594044, -118.843474 50.594019, -118.84344 50.59402, -118.84341 50.593996, -118.843414 50.593978, -118.843396 50.593957, -118.843394 50.59392, -118.843351 50.593926, -118.84331 50.593946, -118.84328 50.593937, -118.843264 50.593906, -118.843287 50.59388, -118.843273 50.593849, -118.843244 50.59383, -118.843217 50.593801, -118.843177 50.593778, -118.843124 50.593754, -118.842996 50.593673, -118.842959 50.593583, -118.843019 50.593519, -118.84303 50.59345, -118.842998 50.593389, -118.843035 50.593331, -118.843017 50.593257, -118.843017 50.593178, -118.842958 50.593092, -118.842932 50.593021, -118.842915 50.592951, -118.842944 50.592879, -118.843072 50.59288, -118.843182 50.592868, -118.843216 50.592823, -118.843208 50.592756, -118.843196 50.592702, -118.843266 50.592693, -118.843405 50.592713, -118.843571 50.592742, -118.843664 50.592776, -118.843723 50.592738, -118.843957 50.592753, -118.844023 50.592907, -118.84422 50.592952, -118.844332 50.592896, -118.844465 50.592859, -118.844638 50.592843, -118.844774 50.592806, -118.844885 50.592778, -118.844917 50.592742, -118.845026 50.59275, -118.845168 50.592771, -118.845269 50.59269, -118.845322 50.592679, -118.8454 50.592683, -118.84559 50.592557, -118.845601 50.592539, -118.845589 50.592509, -118.845582 50.592446, -118.845722 50.592475, -118.845841 50.592532, -118.845927 50.592571, -118.846021 50.592556, -118.846007 50.592517, -118.84611 50.592532, -118.846251 50.592441, -118.846446 50.592371, -118.846574 50.592315, -118.846745 50.592335, -118.846869 50.592268, -118.846929 50.592282, -118.847133 50.592226, -118.84729 50.592303, -118.84739 50.592349, -118.847531 50.592272, -118.847467 50.592246, -118.84735 50.59222, -118.847269 50.592198, -118.847298 50.592165, -118.847212 50.592148, -118.84712 50.592134, -118.847066 50.592148, -118.847055 50.592116, -118.847048 50.592095, -118.847017 50.59209, -118.846861 50.592181, -118.846805 50.592139, -118.846725 50.592058, -118.846667 50.592054, -118.84665 50.592007, -118.846751 50.591956, -118.846958 50.591936, -118.846912 50.591876, -118.846959 50.59181, -118.846923 50.591782, -118.847016 50.591754, -118.847048 50.591714, -118.847183 50.59175, -118.847197 50.591719, -118.847212 50.591665, -118.847296 50.59161, -118.847417 50.591547, -118.847506 50.591566, -118.847527 50.591586, -118.847467 50.59164, -118.847533 50.591664, -118.847572 50.591661, -118.847611 50.591658, -118.847745 50.591653, -118.847776 50.591622, -118.847808 50.591651, -118.847849 50.591625, -118.84785 50.59158, -118.847804 50.591563, -118.84775 50.591592, -118.847706 50.591637, -118.847644 50.591604, -118.847611 50.591563, -118.847647 50.591511, -118.847685 50.591504, -118.847704 50.591501, -118.847761 50.59149, -118.847769 50.591449, -118.847751 50.591418, -118.847805 50.591376, -118.848035 50.591336, -118.848233 50.591345, -118.848233 50.591303, -118.848086 50.591311, -118.848096 50.591243, -118.847957 50.591166, -118.847997 50.591107, -118.84815 50.591059, -118.848145 50.591019, -118.848156 50.590986, -118.848063 50.590933, -118.848025 50.590899, -118.848084 50.590868, -118.848247 50.590847, -118.848405 50.590846, -118.848496 50.590856, -118.848505 50.59089, -118.848479 50.590945, -118.84836 50.59097, -118.848302 50.590987, -118.848247 50.591001, -118.848252 50.591041, -118.848313 50.591033, -118.848396 50.591007, -118.84843 50.591023, -118.848476 50.590987, -118.848539 50.591033, -118.848722 50.590922, -118.848883 50.590882, -118.848969 50.590789, -118.849007 50.590784, -118.849104 50.590796, -118.849169 50.590765, -118.849274 50.590758, -118.84938 50.59078, -118.849504 50.590812, -118.849601 50.590919, -118.849558 50.59103, -118.849589 50.591098, -118.849549 50.591176, -118.849551 50.59123, -118.849542 50.591277, -118.849557 50.591311, -118.849626 50.591294, -118.849727 50.591338, -118.849722 50.591382, -118.849774 50.59139, -118.8498 50.591419, -118.849723 50.591456, -118.849719 50.59152, -118.849619 50.591586, -118.84957 50.591655, -118.849465 50.591691, -118.849342 50.591699, -118.849327 50.591749, -118.849386 50.591758, -118.849508 50.591715, -118.849636 50.591694, -118.849702 50.591702, -118.849729 50.591755, -118.849784 50.591822, -118.849703 50.591901, -118.849683 50.591958, -118.849745 50.591958, -118.849703 50.592005, -118.849766 50.592017, -118.849877 50.591957, -118.850078 50.591895, -118.850256 50.591819, -118.850282 50.591851, -118.850259 50.59194, -118.850235 50.592039, -118.850077 50.592133, -118.850039 50.592147, -118.850035 50.592227, -118.850087 50.592275, -118.850014 50.592378, -118.849958 50.592448, -118.849921 50.59249, -118.849843 50.5925, -118.84981 50.59256, -118.849737 50.592525, -118.849687 50.592537, -118.849639 50.592515, -118.849578 50.592521, -118.849539 50.592489, -118.849483 50.5925, -118.849449 50.592567, -118.849484 50.592612, -118.849467 50.592702, -118.849498 50.592746, -118.849608 50.592695, -118.849655 50.59277, -118.849701 50.592833, -118.849766 50.592832, -118.849781 50.592919, -118.849755 50.593008, -118.849689 50.59305, -118.849726 50.593095, -118.849655 50.593137, -118.849502 50.59317, -118.849439 50.593219, -118.849416 50.593242, -118.849485 50.593327, -118.849613 50.59338, -118.849672 50.593451, -118.849837 50.593439, -118.849942 50.593499, -118.850074 50.593453, -118.850153 50.593454, -118.850404 50.593406, -118.850548 50.593399, -118.850561 50.593332, -118.850483 50.593305, -118.850561 50.593276, -118.850755 50.593308, -118.850819 50.593224, -118.850949 50.593177, -118.850916 50.593158, -118.850864 50.593158, -118.850827 50.593111, -118.850777 50.593074, -118.850733 50.593002, -118.850829 50.592889, -118.850854 50.592842, -118.850933 50.59284, -118.851089 50.592835, -118.851183 50.592941, -118.851312 50.592979, -118.851453 50.592982, -118.85155 50.592981, -118.851688 50.593026, -118.851796 50.593037, -118.851898 50.593076, -118.851941 50.593166, -118.851922 50.593217, -118.851922 50.593245, -118.852075 50.593243, -118.852105 50.593268, -118.852078 50.593325, -118.85202 50.593375, -118.851961 50.593408, -118.85194 50.593481, -118.851853 50.5935, -118.851805 50.593511, -118.851833 50.593553, -118.851931 50.593625, -118.851881 50.593682, -118.851983 50.593661, -118.852034 50.593584, -118.852111 50.593604, -118.852274 50.59354, -118.852371 50.593536, -118.85232 50.593628, -118.852249 50.593714, -118.852205 50.593788, -118.852289 50.593761, -118.852343 50.59378, -118.852336 50.593871, -118.852327 50.593957, -118.852308 50.594005, -118.852291 50.594047, -118.852204 50.594064, -118.852112 50.594033, -118.852091 50.594084, -118.852213 50.594106, -118.852338 50.594083, -118.852502 50.594045, -118.852521 50.59407, -118.852467 50.594144, -118.852383 50.594239, -118.852363 50.5943, -118.852283 50.594274, -118.852208 50.594261, -118.852094 50.594299, -118.852051 50.594383, -118.852152 50.594404, -118.852241 50.594368, -118.852294 50.59443, -118.852205 50.594472, -118.852112 50.594482, -118.852093 50.594541, -118.852105 50.594633, -118.852051 50.594745, -118.851966 50.594807, -118.851879 50.594798, -118.851828 50.594837, -118.851964 50.594875, -118.851869 50.594954, -118.851655 50.59501, -118.851509 50.595056, -118.851427 50.595125, -118.851311 50.595165, -118.851192 50.595177, -118.851135 50.595198, -118.850968 50.595251, -118.850836 50.595312, -118.850622 50.595358, -118.850321 50.595402, -118.850077 50.595446, -118.84972 50.595471, -118.849428 50.595503, -118.849158 50.595512, -118.84881 50.595558, -118.848568 50.595568, -118.848225 50.595508, -118.848168 50.595499, -118.847958 50.595466))"
131,2023-07-29 10:30:57,2023072301,2023,73.0,Non-corrected airborne GPS,1690095600000,1690211841000,Out of Control,JA70003000,729686.167,5057.6518,258,708eec06-a823-4090-9283-b10e6f9ff41a,1702552.125,7728.94081087716,https://wildfiresituation.nrs.gov.bc.ca/incidents?fireYear=2023&incidentNumber=K51680,"POLYGON ((-119.953001 49.136682, -119.95214 49.136116, -119.951866 49.135978, -119.951598 49.135842, -119.951342 49.135692, -119.951127 49.135509, -119.950983 49.135314, -119.950836 49.135111, -119.950707 49.134865, -119.950615 49.134689, -119.950474 49.134534, -119.950308 49.134318, -119.950287 49.134088, -119.950377 49.133853, -119.950564 49.133629, -119.950737 49.133414, -119.950835 49.133165, -119.950902 49.132917, -119.951016 49.132697, -119.951124 49.132484, -119.951171 49.132275, -119.951156 49.132077, -119.951035 49.131887, -119.950794 49.131709, -119.950588 49.131492, -119.950567 49.131253, -119.95072 49.131032, -119.950928 49.130818, -119.951074 49.130663, -119.95123 49.130505, -119.951402 49.130343, -119.951583 49.130177, -119.951761 49.13001, -119.951935 49.129836, -119.952094 49.129656, -119.952226 49.129475, -119.95234 49.129291, -119.95245 49.129109, -119.952497 49.128908, -119.952456 49.128698, -119.952279 49.128507, -119.951987 49.128338, -119.951632 49.128177, -119.951248 49.128027, -119.950838 49.12788, -119.950416 49.127717, -119.950028 49.127519, -119.949682 49.127279, -119.949359 49.127003, -119.949219 49.126844, -119.949084 49.126674, -119.94896 49.126495, -119.948835 49.126309, -119.94872 49.126118, -119.948597 49.125928, -119.948472 49.125735, -119.94835 49.12554, -119.94822 49.125349, -119.948077 49.125164, -119.947919 49.124984, -119.947756 49.124806, -119.947587 49.124631, -119.947411 49.12446, -119.947226 49.124292, -119.947038 49.124131, -119.946848 49.123968, -119.946665 49.1238, -119.946496 49.123628, -119.946338 49.123454, -119.946185 49.123281, -119.946025 49.123115, -119.945852 49.122955, -119.945663 49.122802, -119.945458 49.122655, -119.945243 49.122513, -119.945021 49.12237, -119.944798 49.122226, -119.944575 49.122083, -119.944349 49.121943, -119.94413 49.121802, -119.943921 49.121656, -119.943725 49.121504, -119.943549 49.121342, -119.943383 49.121177, -119.943231 49.121013, -119.943079 49.120849, -119.942932 49.120683, -119.942805 49.120517, -119.94269 49.120184, -119.942795 49.119934, -119.943121 49.119782, -119.943526 49.119756, -119.944004 49.119841, -119.944472 49.120029, -119.94468 49.120171, -119.944877 49.120329, -119.945076 49.12049, -119.945283 49.120649, -119.945496 49.12081, -119.945716 49.12097, -119.945944 49.121127, -119.946174 49.121281, -119.946399 49.12143, -119.946618 49.121577, -119.946827 49.121721, -119.947026 49.12186, -119.947221 49.121992, -119.947604 49.122221, -119.947969 49.122416, -119.948325 49.122598, -119.948676 49.122762, -119.949022 49.12292, -119.949353 49.123079, -119.949642 49.123243, -119.949883 49.123409, -119.950096 49.123567, -119.950297 49.123712, -119.950563 49.123904, -119.95076 49.124078, -119.950922 49.124254, -119.951075 49.124419, -119.951259 49.124621, -119.951452 49.12479, -119.951686 49.12496, -119.951965 49.125109, -119.952254 49.125252, -119.952534 49.125417, -119.952798 49.125584, -119.953067 49.125752, -119.953333 49.125927, -119.953572 49.126095, -119.953761 49.126264, -119.953978 49.126451, -119.954161 49.126624, -119.954304 49.126793, -119.954468 49.126985, -119.954737 49.127134, -119.95499 49.127218, -119.955252 49.12731, -119.955504 49.127417, -119.955798 49.127541, -119.956178 49.127609, -119.956457 49.12765, -119.956741 49.127699, -119.957015 49.127762, -119.957271 49.127848, -119.957488 49.12797, -119.957652 49.128139, -119.957768 49.128343, -119.957866 49.128551, -119.957954 49.128748, -119.958049 49.128926, -119.95824 49.129162, -119.958399 49.129311, -119.95862 49.12953, -119.958845 49.129751, -119.959019 49.129984, -119.9592 49.130218, -119.959418 49.130446, -119.959654 49.130657, -119.959857 49.130882, -119.95995 49.131124, -119.959892 49.131391, -119.959781 49.131575, -119.959643 49.131734, -119.95942 49.131895, -119.959175 49.13198, -119.958879 49.132051, -119.958602 49.132168, -119.958388 49.132301, -119.958378 49.132497, -119.958433 49.132677, -119.958501 49.132863, -119.958738 49.133023, -119.95901 49.133173, -119.959171 49.133367, -119.959022 49.133563, -119.958807 49.133697, -119.958588 49.133838, -119.95841 49.133999, -119.958273 49.134173, -119.958061 49.134359, -119.957892 49.134522, -119.95778 49.134719, -119.957724 49.134923, -119.957631 49.13513, -119.957478 49.13533, -119.957269 49.135491, -119.957041 49.135596, -119.956692 49.135667, -119.956397 49.135718, -119.956073 49.135759, -119.955742 49.135822, -119.955492 49.135904, -119.955177 49.135981, -119.954885 49.136043, -119.954573 49.136118, -119.954234 49.136203, -119.954118 49.136236, -119.953945 49.136285, -119.953641 49.136383, -119.953001 49.136682))"
132,2023-07-29 10:30:57,2023072501,2023,6.6,Hand sketch of any type,1690268400000,1690405184000,Under Control,JA70003000,66133.5644,993.6565,261,9ba83a2f-512d-4b49-b68b-fd30a08ba956,157315.2421875,1531.70479215343,https://wildfiresituation.nrs.gov.bc.ca/incidents?fireYear=2023&incidentNumber=K52050,"POLYGON ((-119.952383 49.607042, -119.951994 49.607709, -119.951151 49.608113, -119.949433 49.607847, -119.947427 49.60697, -119.947018 49.60649, -119.9474 49.606097, -119.948362 49.605721, -119.94957 49.605692, -119.951058 49.606223, -119.952383 49.607042))"
133,2023-07-29 10:30:57,2023072301,2023,4.2,Non-corrected airborne GPS,1690095600000,1690212010000,Out of Control,JA70003000,41705.7088,806.108,263,e0e42d33-e5a2-4af4-9c27-49cf70a6fcc3,97479.796875,1231.47120225214,https://wildfiresituation.nrs.gov.bc.ca/incidents?fireYear=2023&incidentNumber=K52125,"POLYGON ((-120.062033 49.173052, -120.061986 49.173154, -120.061947 49.173238, -120.061939 49.173271, -120.061819 49.173399, -120.061649 49.173481, -120.061448 49.173555, -120.061228 49.173597, -120.061011 49.173608, -120.060798 49.173614, -120.060555 49.173641, -120.060294 49.173688, -120.060037 49.173689, -120.059795 49.173609, -120.059545 49.173497, -120.059249 49.173426, -120.05889 49.173421, -120.058539 49.17344, -120.058209 49.17342, -120.057934 49.173295, -120.057846 49.173077, -120.058036 49.172876, -120.058383 49.172709, -120.058734 49.172526, -120.059087 49.172356, -120.059425 49.172206, -120.05972 49.172077, -120.060018 49.172, -120.060323 49.171975, -120.060626 49.17197, -120.06089 49.171951, -120.061142 49.171935, -120.061374 49.171963, -120.061578 49.172049, -120.061685 49.172177, -120.0617 49.172316, -120.06175 49.172466, -120.061842 49.172605, -120.061936 49.17273, -120.062023 49.172871, -120.062029 49.172985, -120.062033 49.173052))"
134,2023-07-29 10:30:57,2023072302,2023,66.2,Non-corrected airborne GPS,1690095600000,1690163876000,Out of Control,JA70003000,661740.2778,3847.1877,269,bc18153c-cefe-4403-9e3e-7cddf183845c,1595739.7734375,5973.08797756798,https://wildfiresituation.nrs.gov.bc.ca/incidents?fireYear=2023&incidentNumber=K61768,"POLYGON ((-121.27367 49.93819, -121.27361 49.93896, -121.27391 49.93974, -121.27424 49.94051, -121.27447 49.94126, -121.27443 49.94204, -121.2739 49.94277, -121.27285 49.94328, -121.27151 49.94355, -121.270647 49.943525, -121.27012 49.94351, -121.269174 49.943081, -121.26904 49.94302, -121.26848 49.94231, -121.26782 49.94166, -121.26675 49.94131, -121.26558 49.94112, -121.26442 49.941, -121.26322 49.94109, -121.26207 49.94136, -121.261186 49.941421, -121.26091 49.94144, -121.260107 49.941342, -121.25968 49.94129, -121.25845 49.94089, -121.257495 49.940369, -121.25735 49.94029, -121.25648 49.93958, -121.25592 49.93882, -121.25596 49.93806, -121.25648 49.9374, -121.25736 49.93689, -121.25833 49.93636, -121.259 49.936, -121.25966 49.93564, -121.26032 49.9353, -121.26095 49.93501, -121.26155 49.93479, -121.26215 49.9347, -121.26273 49.93472, -121.26325 49.93488, -121.2637 49.93514, -121.26404 49.93547, -121.26422 49.93586, -121.26438 49.93628, -121.264652 49.936552, -121.26475 49.93665, -121.26522 49.937, -121.26569 49.93739, -121.26623 49.93775, -121.266762 49.938002, -121.266885 49.938038, -121.267523 49.938338, -121.267993 49.938554, -121.268649 49.938727, -121.269228 49.938963, -121.26925 49.93897, -121.27031 49.9391, -121.27116 49.93905, -121.2717 49.93897, -121.27206 49.93888, -121.27228 49.93881, -121.2724 49.93874, -121.27247 49.93869, -121.272852 49.938531, -121.27367 49.93819))"
135,2023-07-29 10:30:57,2023071801,2023,439.1,Non-corrected airborne GPS,1689663600000,1689725596000,Out of Control,JA70003000,4390519.7018,11088.8306,276,2de7b215-bf42-487a-bb3a-856a7e4f442f,11622600.7578125,18039.6423755601,https://wildfiresituation.nrs.gov.bc.ca/incidents?fireYear=2023&incidentNumber=K21379,"POLYGON ((-120.034696 52.100904, -120.035277 52.1019, -120.03592 52.102863, -120.037889 52.104037, -120.039118 52.105846, -120.040711 52.107726, -120.040941 52.109376, -120.041262 52.110729, -120.040684 52.11163, -120.039932 52.112218, -120.039691 52.112805, -120.039368 52.114154, -120.039074 52.115372, -120.038362 52.116208, -120.037638 52.116627, -120.036855 52.116907, -120.036378 52.117508, -120.036479 52.118591, -120.036189 52.120183, -120.036037 52.121356, -120.035637 52.122274, -120.034395 52.122847, -120.033179 52.122592, -120.032477 52.121737, -120.03206 52.121234, -120.030565 52.121225, -120.028913 52.121578, -120.026967 52.120976, -120.025484 52.119541, -120.02382 52.117568, -120.022164 52.115709, -120.020971 52.114382, -120.019382 52.113542, -120.018139 52.114094, -120.016905 52.115192, -120.01573 52.116289, -120.015497 52.117474, -120.014989 52.118859, -120.014589 52.120115, -120.013284 52.121477, -120.01207 52.122786, -120.010667 52.123368, -120.008594 52.123664, -120.006977 52.123559, -120.005455 52.122728, -120.00528 52.121789, -120.005454 52.120739, -120.004416 52.119071, -120.003712 52.118731, -120.001951 52.118961, -120.001372 52.119736, -120.000838 52.120447, -119.999612 52.120482, -119.99843 52.119952, -119.997898 52.119126, -119.997474 52.117739, -119.997703 52.117167, -119.998655 52.116898, -119.999788 52.117125, -120.00043 52.117673, -120.001585 52.117319, -120.002001 52.116659, -120.002351 52.11582, -120.002773 52.114582, -120.003393 52.11301, -120.003295 52.111232, -120.003848 52.109593, -120.005062 52.107954, -120.007662 52.106623, -120.010707 52.105731, -120.015193 52.104855, -120.020468 52.104159, -120.023016 52.104097, -120.02468 52.103912, -120.027719 52.103154, -120.027776 52.103118, -120.029602 52.102682, -120.03103 52.101697, -120.031847 52.100249, -120.033572 52.099961, -120.034696 52.100904))"
136,2023-07-29 10:30:57,2023072601,2023,17850.1,Derived from satellite imagery,1690354800000,1690476380000,Out of Control,JA70003000,178501028.0326,104820.7428,278,cdcfdf1f-5d8f-4d6b-ac00-c16349b103e8,474097250.117188,170855.954026222,https://wildfiresituation.nrs.gov.bc.ca/incidents?fireYear=2023&incidentNumber=K21384,"POLYGON ((-119.830309 52.229992, -119.825882 52.226303, -119.824814 52.221337, -119.826439 52.217098, -119.832132 52.21102, -119.838597 52.206832, -119.83974 52.200698, -119.845083 52.197101, -119.847326 52.191047, -119.846773 52.188836, -119.843476 52.188747, -119.840596 52.186635, -119.840082 52.188963, -119.839486 52.191896, -119.83889 52.194709, -119.835291 52.197552, -119.830247 52.200295, -119.826981 52.203507, -119.825561 52.205498, -119.821867 52.207979, -119.816481 52.211172, -119.813525 52.214462, -119.810776 52.217983, -119.808492 52.221653, -119.806399 52.224721, -119.8021 52.231795, -119.799274 52.23374, -119.7966 52.235303, -119.791053 52.23585, -119.787299 52.2362, -119.782004 52.235408, -119.778297 52.233219, -119.776714 52.229725, -119.777643 52.225185, -119.778399 52.220404, -119.779439 52.210041, -119.782943 52.20087, -119.78295 52.198188, -119.780287 52.19605, -119.777846 52.191855, -119.780559 52.188244, -119.784955 52.185517, -119.78928 52.180908, -119.794395 52.176168, -119.800549 52.170694, -119.806721 52.165768, -119.81162 52.159482, -119.813528 52.155204, -119.816405 52.149958, -119.818819 52.145423, -119.823282 52.140953, -119.831108 52.137708, -119.831507 52.137708, -119.837105 52.135425, -119.837305 52.135304, -119.838502 52.134822, -119.846472 52.133415, -119.85475 52.133247, -119.85534 52.133257, -119.86402 52.134529, -119.869672 52.135762, -119.879449 52.137207, -119.885054 52.137731, -119.89278 52.13943, -119.89315 52.139558, -119.893538 52.139915, -119.901923 52.141286, -119.914679 52.142966, -119.919946 52.142856, -119.928938 52.143681, -119.931847 52.144855, -119.933466 52.145508, -119.940838 52.145011, -119.949395 52.142692, -119.957775 52.141868, -119.966992 52.139559, -119.975509 52.138897, -119.979622 52.140871, -119.987048 52.140704, -119.994904 52.140701, -120.000821 52.141027, -120.007181 52.140695, -120.014228 52.139709, -120.022099 52.137728, -120.025023 52.13727, -120.027529 52.135918, -120.0355 52.132202, -120.041331 52.127533, -120.04829 52.122845, -120.053008 52.122045, -120.053801 52.121918, -120.061583 52.119348, -120.066275 52.120028, -120.070528 52.120783, -120.075111 52.120692, -120.076397 52.123672, -120.076561 52.1254, -120.075882 52.127971, -120.075034 52.130473, -120.073909 52.132881, -120.072995 52.135917, -120.071131 52.138487, -120.067877 52.141683, -120.065576 52.144396, -120.062453 52.146994, -120.059198 52.149453, -120.05822 52.151057, -120.056936 52.153429, -120.057145 52.155589, -120.058933 52.159107, -120.06088 52.162125, -120.065388 52.165232, -120.06825 52.167961, -120.0694 52.170529, -120.068338 52.17187, -120.066472 52.173585, -120.064422 52.175307, -120.061993 52.177045, -120.059776 52.178172, -120.056192 52.178232, -120.049969 52.177939, -120.046332 52.178591, -120.043153 52.18102, -120.043025 52.181243, -120.042559 52.182051, -120.039059 52.186459, -120.037572 52.188753, -120.036639 52.190194, -120.034731 52.194596, -120.033352 52.198988, -120.032043 52.202403, -120.029785 52.206598, -120.027158 52.210266, -120.023125 52.213089, -120.018453 52.212796, -120.009852 52.212539, -120.004146 52.213138, -120.000461 52.214996, -119.997041 52.21792, -119.993364 52.218038, -119.988542 52.216584, -119.985213 52.21555, -119.982829 52.216202, -119.976676 52.218526, -119.974114 52.217721, -119.97032 52.218726, -119.966455 52.220054, -119.95989 52.221526, -119.956223 52.220892, -119.955467 52.219232, -119.959862 52.216716, -119.960576 52.213023, -119.95795 52.209645, -119.950075 52.2093, -119.942946 52.209279, -119.937445 52.208617, -119.936389 52.208665, -119.934003 52.207833, -119.930514 52.208003, -119.928302 52.208389, -119.92816 52.208483, -119.928356 52.211711, -119.927284 52.214984, -119.928744 52.218918, -119.929842 52.221673, -119.93318 52.226131, -119.936211 52.227743, -119.937863 52.23044, -119.939248 52.234995, -119.941542 52.239852, -119.945147 52.242649, -119.94404 52.244562, -119.94131 52.247783, -119.945292 52.249733, -119.950081 52.251145, -119.95434 52.253381, -119.953331 52.25635, -119.95313 52.261549, -119.950851 52.265245, -119.944793 52.266945, -119.941282 52.267099, -119.936163 52.265436, -119.925552 52.25959, -119.925357 52.257026, -119.926093 52.251731, -119.925569 52.24591, -119.925931 52.239456, -119.924247 52.233044, -119.922024 52.226868, -119.921007 52.21882, -119.917537 52.213474, -119.91721 52.212957, -119.912427 52.205767, -119.910409 52.201692, -119.906105 52.199497, -119.902404 52.202538, -119.901237 52.205765, -119.901445 52.209006, -119.903418 52.213126, -119.906004 52.21779, -119.906543 52.225459, -119.907658 52.229151, -119.907915 52.231044, -119.90835 52.231667, -119.909703 52.23403, -119.9107 52.236259, -119.911761 52.238033, -119.911473 52.24008, -119.910934 52.242571, -119.909375 52.244322, -119.908131 52.245173, -119.906085 52.245065, -119.902988 52.244443, -119.900262 52.243841, -119.899968 52.240618, -119.900184 52.237766, -119.900441 52.235946, -119.900858 52.23299, -119.900627 52.231044, -119.899473 52.228873, -119.895784 52.222725, -119.891414 52.219213, -119.887069 52.217409, -119.885117 52.220256, -119.887348 52.22371, -119.886519 52.227246, -119.883651 52.228605, -119.881301 52.230385, -119.877737 52.229566, -119.874751 52.233784, -119.870349 52.233973, -119.867058 52.237186, -119.862474 52.241837, -119.861312 52.246101, -119.86208 52.249187, -119.860331 52.255049, -119.860025 52.259132, -119.857286 52.263626, -119.853719 52.267812, -119.853751 52.271195, -119.850443 52.273421, -119.846918 52.275747, -119.846954 52.278099, -119.840776 52.279205, -119.835262 52.275751, -119.828899 52.274883, -119.824001 52.273536, -119.824642 52.271263, -119.830156 52.266723, -119.827434 52.263941, -119.824717 52.259832, -119.824712 52.252579, -119.825185 52.243203, -119.830309 52.229992))"
137,2023-07-29 10:30:57,2023072301,2023,1821.2,Unknown,1690095600000,1690222233000,Out of Control,JA70003000,18212064.4704,23722.7401,280,97f6b8da-5b35-41d1-b9df-a2551b49a336,46002534.2578125,37709.0969267185,https://wildfiresituation.nrs.gov.bc.ca/incidents?fireYear=2023&incidentNumber=K21620,"POLYGON ((-119.708687 51.025728, -119.707186 51.029741, -119.706398 51.031011, -119.698603 51.036733, -119.694982 51.043427, -119.69208 51.044644, -119.686599 51.04649, -119.681345 51.048935, -119.679322 51.049873, -119.678801 51.052525, -119.678821 51.054337, -119.673255 51.059053, -119.666675 51.062338, -119.664322 51.063713, -119.664021 51.067172, -119.661569 51.069077, -119.658655 51.069484, -119.656316 51.070962, -119.651874 51.07151, -119.649528 51.076328, -119.648301 51.07793, -119.645486 51.078287, -119.641503 51.078924, -119.63537 51.081705, -119.629942 51.086395, -119.627809 51.086445, -119.62587 51.08532, -119.625521 51.084601, -119.625982 51.083147, -119.626015 51.082778, -119.626157 51.080714, -119.626166 51.080241, -119.62636 51.079886, -119.626558 51.079295, -119.626568 51.078822, -119.626575 51.07835, -119.626561 51.077771, -119.626939 51.077417, -119.627318 51.077063, -119.627693 51.076594, -119.629772 51.075294, -119.63244 51.071953, -119.635653 51.06924, -119.636657 51.066401, -119.63685 51.066281, -119.638515 51.062655, -119.640941 51.059725, -119.643396 51.057374, -119.644744 51.054787, -119.648531 51.05138, -119.654889 51.046609, -119.658379 51.044058, -119.661791 51.042678, -119.664552 51.040173, -119.664064 51.039052, -119.664191 51.038903, -119.666408 51.036284, -119.668233 51.032755, -119.669294 51.030703, -119.669168 51.029797, -119.667326 51.027724, -119.665837 51.026219, -119.667297 51.023635, -119.670168 51.020681, -119.670325 51.018251, -119.672208 51.016178, -119.675956 51.012977, -119.676979 51.01081, -119.677645 51.008157, -119.680831 51.006081, -119.684567 51.005194, -119.687093 51.005897, -119.690259 51.005629, -119.69332 51.004758, -119.697115 51.004661, -119.701122 51.005282, -119.703989 51.007253, -119.704197 51.009249, -119.704384 51.011051, -119.704335 51.014986, -119.704782 51.016039, -119.705643 51.018064, -119.707882 51.022454, -119.708687 51.025728))"
138,2023-07-29 10:30:57,2023072401,2023,640.2,Non-corrected airborne GPS,1690182000000,1690298462000,Out of Control,JA70003000,6401694.7145,14836.5062,282,179f9c1c-66b9-4bcb-bde6-fba8d8885e21,16148246.6953125,23564.7853334867,https://wildfiresituation.nrs.gov.bc.ca/incidents?fireYear=2023&incidentNumber=K21633,"POLYGON ((-119.807784 51.015977, -119.806863 51.01587, -119.806778 51.01586, -119.80658 51.015491, -119.806636 51.01512, -119.806968 51.014814, -119.807085 51.014775, -119.807201 51.014735, -119.807792 51.014535, -119.809661 51.013906, -119.810278 51.013312, -119.810307 51.012585, -119.809983 51.012369, -119.809478 51.012032, -119.806708 51.010684, -119.805754 51.010064, -119.805355 51.009756, -119.805194 51.009072, -119.804758 51.008818, -119.804753 51.008616, -119.804283 51.008231, -119.80226 51.008204, -119.800683 51.008302, -119.799722 51.009204, -119.798534 51.008789, -119.797383 51.008175, -119.797091 51.007249, -119.797879 51.00662, -119.798508 51.005811, -119.798264 51.005207, -119.798375 51.004685, -119.799088 51.004178, -119.799765 51.003461, -119.800935 51.002663, -119.801227 51.002426, -119.801525 51.002151, -119.801852 51.001944, -119.802114 51.00182, -119.802301 51.00166, -119.802437 51.001479, -119.802592 51.001323, -119.80269 51.001158, -119.802733 51.000892, -119.80284 51.000704, -119.802855 51.000556, -119.802965 51.000453, -119.803204 51.000271, -119.803332 50.999828, -119.80342 50.999605, -119.803775 50.998947, -119.80393 50.998743, -119.805504 50.997821, -119.806222 50.997655, -119.808173 50.997606, -119.811418 50.99807, -119.812248 50.998187, -119.813085 50.99823, -119.813923 50.998214, -119.815158 50.998116, -119.815963 50.998018, -119.817562 50.997784, -119.820335 50.997655, -119.821898 50.997734, -119.823869 50.997892, -119.825512 50.998113, -119.826779 50.998346, -119.827639 50.998534, -119.828944 50.998839, -119.830634 50.999341, -119.832239 50.999947, -119.833383 51.000442, -119.834764 51.001194, -119.835084 51.001399, -119.835774 51.00189, -119.836323 51.002281, -119.836951 51.002744, -119.838272 51.00363, -119.838972 51.004033, -119.839698 51.004418, -119.840439 51.00479, -119.84081 51.004978, -119.841177 51.005169, -119.841537 51.005365, -119.842219 51.005774, -119.842851 51.006197, -119.843459 51.006618, -119.84475 51.007611, -119.844916 51.007738, -119.846706 51.009542, -119.847426 51.010374, -119.847922 51.010944, -119.850207 51.013631, -119.85142 51.014754, -119.851743 51.015021, -119.852065 51.01528, -119.852391 51.015537, -119.852718 51.015789, -119.853047 51.016035, -119.855075 51.017434, -119.855712 51.017907, -119.856282 51.018399, -119.85702 51.019744, -119.856928 51.020566, -119.856249 51.021571, -119.855989 51.021797, -119.855343 51.02216, -119.853782 51.02244, -119.852649 51.022264, -119.852306 51.02214, -119.851715 51.021817, -119.851227 51.021417, -119.851016 51.021197, -119.850616 51.02073, -119.850237 51.020241, -119.849864 51.019735, -119.849538 51.019242, -119.849125 51.01854, -119.84898 51.018325, -119.848133 51.017606, -119.845658 51.016018, -119.844935 51.015506, -119.844435 51.01517, -119.843915 51.01486, -119.843023 51.01453, -119.842333 51.014429, -119.840516 51.014258, -119.839799 51.014174, -119.838416 51.013928, -119.837746 51.01377, -119.837077 51.013613, -119.836403 51.013449, -119.83573 51.013269, -119.835057 51.013073, -119.834377 51.01286, -119.833315 51.012548, -119.832601 51.012343, -119.832246 51.012253, -119.831192 51.012159, -119.830048 51.01254, -119.829737 51.012919, -119.829652 51.013368, -119.829755 51.013832, -119.829851 51.014064, -119.830087 51.014535, -119.830606 51.015527, -119.830842 51.016031, -119.831053 51.016543, -119.831239 51.017066, -119.83138 51.0176, -119.831452 51.018955, -119.831298 51.019737, -119.831153 51.02012, -119.831157 51.020133, -119.831125 51.020193, -119.83111 51.020233, -119.830857 51.02071, -119.830829 51.020747, -119.830519 51.021159, -119.829813 51.021697, -119.829528 51.021846, -119.828607 51.022241, -119.827817 51.022309, -119.827041 51.022371, -119.826097 51.022256, -119.825406 51.0222, -119.8246 51.022081, -119.824263 51.022057, -119.823265 51.021902, -119.822428 51.021616, -119.820935 51.021092, -119.820153 51.020936, -119.819862 51.020973, -119.818993 51.020813, -119.817446 51.020997, -119.816623 51.021328, -119.815865 51.021747, -119.815618 51.021898, -119.814497 51.022746, -119.812833 51.024135, -119.812735 51.024255, -119.812431 51.024629, -119.81219 51.025036, -119.811885 51.025568, -119.810518 51.024908, -119.811253 51.024112, -119.810745 51.023826, -119.810624 51.023574, -119.810492 51.023299, -119.810123 51.022904, -119.809977 51.022708, -119.810352 51.022322, -119.810916 51.022014, -119.811587 51.021518, -119.812258 51.02134, -119.812628 51.021285, -119.81338 51.021192, -119.814668 51.020773, -119.815253 51.020223, -119.815388 51.019801, -119.815132 51.019206, -119.814717 51.018866, -119.8139 51.018467, -119.813443 51.018168, -119.813037 51.017902, -119.812755 51.017595, -119.812472 51.017288, -119.810535 51.016675, -119.808944 51.0163, -119.808513 51.016165, -119.807784 51.015977))"
139,2023-07-29 10:30:57,2023072801,2023,515.0,Derived from satellite imagery,1690527600000,1690575737000,Out of Control,JA70003000,5150311.6807,10835.7829,283,450d2991-df7a-4976-a7a8-878e76922c0a,12870507.96875,17129.7044209934,https://wildfiresituation.nrs.gov.bc.ca/incidents?fireYear=2023&incidentNumber=K71778,"POLYGON ((-121.882096 50.796955, -121.881913 50.796778, -121.881474 50.796822, -121.881046 50.796787, -121.880909 50.796669, -121.880913 50.796463, -121.88112 50.796311, -121.88147 50.796073, -121.881251 50.795681, -121.88125 50.79568, -121.88089 50.7951, -121.880681 50.794838, -121.88042 50.79451, -121.879946 50.794095, -121.879784 50.793953, -121.879682 50.793869, -121.8791 50.79339, -121.878514 50.792882, -121.877918 50.792303, -121.877788 50.792174, -121.877145 50.791562, -121.876437 50.79099, -121.875635 50.790471, -121.875383 50.790338, -121.87475 50.79, -121.874058 50.789695, -121.87382 50.78959, -121.872983 50.789297, -121.87285 50.78925, -121.871824 50.788989, -121.871795 50.788988, -121.8707 50.78871, -121.870227 50.788547, -121.870206 50.788531, -121.869986 50.78846, -121.869871 50.78842, -121.869881 50.788425, -121.869671 50.788351, -121.869003 50.787979, -121.869082 50.787777, -121.869404 50.78769, -121.869389 50.787057, -121.869368 50.78704, -121.869387 50.78699, -121.86956 50.786294, -121.869873 50.785636, -121.870311 50.785015, -121.870766 50.784383, -121.871106 50.783688, -121.871314 50.783062, -121.871355 50.78294, -121.871507 50.782141, -121.87155 50.781316, -121.871644 50.780488, -121.87183 50.779757, -121.871853 50.779665, -121.872104 50.778857, -121.872214 50.778597, -121.87243 50.77809, -121.8742 50.77619, -121.87558 50.77515, -121.87635 50.77474, -121.8771 50.7745, -121.877622 50.774426, -121.878092 50.774424, -121.878463 50.774475, -121.87875 50.774598, -121.878852 50.774642, -121.879095 50.774817, -121.879346 50.775038, -121.879415 50.7751, -121.879639 50.775302, -121.880019 50.775591, -121.880101 50.77565, -121.880376 50.775848, -121.880456 50.775905, -121.880581 50.775993, -121.880908 50.776223, -121.881362 50.77654, -121.881768 50.776875, -121.882116 50.777223, -121.88241 50.77757, -121.882429 50.777595, -121.88267 50.7779, -121.88294 50.77822, -121.88325 50.77849, -121.88361 50.77872, -121.88399 50.77892, -121.884288 50.779042, -121.884325 50.779044, -121.884387 50.779089, -121.885466 50.779443, -121.88608 50.779784, -121.88619 50.77984, -121.88658 50.7801, -121.886783 50.780268, -121.88693 50.78039, -121.886939 50.7804, -121.887192 50.780691, -121.887461 50.780971, -121.887462 50.780972, -121.887473 50.78098, -121.887807 50.781231, -121.887978 50.781373, -121.888151 50.781515, -121.888484 50.781817, -121.888834 50.782078, -121.889081 50.782219, -121.889187 50.78228, -121.889563 50.78236, -121.88957 50.78236, -121.88998 50.782262, -121.89007 50.78222, -121.89033 50.78203, -121.890424 50.781976, -121.8907 50.78171, -121.891 50.78146, -121.891013 50.781455, -121.89103 50.78143, -121.8912 50.781246, -121.89127 50.78117, -121.89154 50.78093, -121.89191 50.78073, -121.89236 50.78058, -121.89275 50.78041, -121.89314 50.78029, -121.8937 50.78025, -121.893891 50.780256, -121.89436 50.78027, -121.89565 50.78041, -121.89584 50.78043, -121.89658 50.78055, -121.897043 50.780635, -121.897288 50.781477, -121.896989 50.781821, -121.896537 50.782095, -121.895985 50.78228, -121.895885 50.7823, -121.89582 50.782401, -121.895899 50.782614, -121.896022 50.782766, -121.89617 50.78294, -121.89617 50.782946, -121.89615 50.78334, -121.89583 50.78369, -121.89552 50.78395, -121.8954 50.78417, -121.89553 50.78441, -121.89577 50.78467, -121.896011 50.784911, -121.896038 50.784938, -121.896286 50.785174, -121.896324 50.78521, -121.896568 50.785496, -121.896584 50.785514, -121.896662 50.785654, -121.89671 50.78574, -121.89671 50.785742, -121.89671 50.7861, -121.8966 50.78633, -121.89639 50.78665, -121.8964 50.78687, -121.896407 50.786876, -121.896407 50.786878, -121.896598 50.787022, -121.896702 50.7871, -121.89694 50.787128, -121.89704 50.78714, -121.89755 50.78716, -121.89792 50.7873, -121.90036 50.787164, -121.903059 50.787263, -121.906094 50.787803, -121.907726 50.788569, -121.90937 50.789827, -121.909482 50.791069, -121.910226 50.79281, -121.91055 50.794274, -121.910287 50.794994, -121.909291 50.79574, -121.908196 50.796038, -121.907581 50.795984, -121.906428 50.796009, -121.905615 50.795979, -121.90501 50.796241, -121.905454 50.797017, -121.90367 50.799237, -121.904639 50.800986, -121.904323 50.801974, -121.901518 50.803014, -121.899203 50.803643, -121.896914 50.803988, -121.894213 50.803889, -121.891353 50.80307, -121.888719 50.802259, -121.886573 50.801037, -121.88495 50.801138, -121.883853 50.80129, -121.883235 50.801385, -121.882948 50.80128, -121.882884 50.801015, -121.8829 50.80066, -121.88313 50.800432, -121.883589 50.80028, -121.883892 50.800057, -121.884292 50.799832, -121.88409 50.7996, -121.883882 50.799329, -121.88386 50.7993, -121.883839 50.799262, -121.883681 50.798977, -121.883666 50.798922, -121.88358 50.79863, -121.883491 50.798283, -121.883443 50.798211, -121.88324 50.79791, -121.882948 50.797661, -121.88283 50.797561, -121.882353 50.797204, -121.882096 50.796955))"
140,2023-07-29 10:30:57,2023072801,2023,4640.2,Digitized other,1690527600000,1690558355000,Fire of Note,JA70003000,46401951.9911,39825.2294,288,56947f5c-2233-4cc1-a1da-f350135d231d,110536967.390625,61486.0898335477,https://wildfiresituation.nrs.gov.bc.ca/incidents?fireYear=2023&incidentNumber=N11805,"MULTIPOLYGON (((-115.791691 49.628082, -115.79214 49.628704, -115.793033 49.629719, -115.793907 49.630457, -115.795006 49.632101, -115.795209 49.633178, -115.795433 49.635283, -115.79544 49.635451, -115.795484 49.635802, -115.79555 49.636139, -115.795689 49.636576, -115.796174 49.636806, -115.796691 49.636807, -115.797396 49.636803, -115.797686 49.636951, -115.797717 49.637082, -115.7977 49.637321, -115.797522 49.637654, -115.797424 49.637927, -115.79748 49.638015, -115.797828 49.638187, -115.798294 49.638335, -115.798864 49.638679, -115.799466 49.638774, -115.800339 49.638878, -115.800924 49.639116, -115.801331 49.639401, -115.801916 49.639811, -115.802198 49.640398, -115.802516 49.641285, -115.803019 49.642117, -115.803144 49.642467, -115.803263 49.643042, -115.803202 49.64367, -115.803076 49.644092, -115.802896 49.644726, -115.802885 49.645312, -115.802888 49.645336, -115.802934 49.645466, -115.803014 49.645693, -115.803274 49.646198, -115.803288 49.646227, -115.80337 49.646772, -115.803276 49.647121, -115.803052 49.647451, -115.802541 49.64791, -115.802106 49.64818, -115.801634 49.648419, -115.800851 49.64868, -115.800301 49.648763, -115.799745 49.648799, -115.799631 49.648804, -115.798925 49.648834, -115.798899 49.648836, -115.797952 49.648782, -115.797322 49.648954, -115.797223 49.64926, -115.797182 49.649315, -115.797183 49.649384, -115.797129 49.649551, -115.797333 49.650426, -115.797902 49.651596, -115.798285 49.652132, -115.798594 49.652812, -115.799169 49.654072, -115.799497 49.65519, -115.799313 49.656016, -115.798534 49.656917, -115.797944 49.657178, -115.797564 49.657345, -115.797362 49.657788, -115.797678 49.658029, -115.798801 49.658523, -115.79897 49.658723, -115.799094 49.659182, -115.798831 49.659562, -115.798062 49.660008, -115.797418 49.66011, -115.797298 49.660129, -115.796037 49.660339, -115.794419 49.660687, -115.790983 49.660959, -115.789254 49.661007, -115.787704 49.661053, -115.78682 49.661432, -115.786747 49.661512, -115.786415 49.661877, -115.786195 49.662118, -115.785896 49.662282, -115.78522 49.662571, -115.784844 49.66275, -115.78411 49.662629, -115.783823 49.662259, -115.783425 49.661745, -115.782325 49.661146, -115.781294 49.660377, -115.780382 49.659312, -115.778201 49.657971, -115.776672 49.656653, -115.773243 49.654272, -115.771355 49.652858, -115.771017 49.652605, -115.770573 49.652282, -115.770161 49.652041, -115.769805 49.652065, -115.769424 49.652283, -115.769156 49.652897, -115.768864 49.653517, -115.768562 49.654141, -115.76826 49.654771, -115.767958 49.655403, -115.767669 49.656046, -115.767393 49.656694, -115.767125 49.657346, -115.766869 49.65799, -115.766619 49.65861, -115.766346 49.659197, -115.766077 49.659753, -115.765794 49.660284, -115.765471 49.660803, -115.764873 49.661547, -115.764368 49.661967, -115.763761 49.662274, -115.763074 49.66244, -115.762304 49.662451, -115.761567 49.662369, -115.760831 49.662204, -115.760097 49.662002, -115.759374 49.661769, -115.758653 49.661529, -115.757916 49.661297, -115.757163 49.66112, -115.756417 49.661051, -115.755757 49.661137, -115.75521 49.66135, -115.754818 49.661703, -115.754457 49.662098, -115.754096 49.662548, -115.753692 49.663006, -115.753208 49.663425, -115.752388 49.663972, -115.751803 49.664274, -115.751222 49.664551, -115.750636 49.664788, -115.750052 49.664985, -115.749438 49.665149, -115.748761 49.665296, -115.748017 49.665406, -115.7472 49.665405, -115.746357 49.665289, -115.745486 49.665103, -115.744154 49.664677, -115.743272 49.664284, -115.742386 49.663834, -115.7415 49.663341, -115.740616 49.662816, -115.739716 49.662279, -115.738331 49.661479, -115.737379 49.660965, -115.736386 49.660487, -115.735351 49.660083, -115.734297 49.659782, -115.733235 49.659603, -115.732191 49.659592, -115.731241 49.659672, -115.730402 49.659838, -115.729661 49.660022, -115.72872 49.660281, -115.728173 49.660364, -115.727689 49.660299, -115.727845 49.661382, -115.728064 49.661678, -115.72814 49.661982, -115.728334 49.662178, -115.72847 49.66243, -115.728548 49.662736, -115.728528 49.662944, -115.728593 49.663201, -115.728573 49.66341, -115.728595 49.663778, -115.728632 49.663932, -115.728626 49.664196, -115.728717 49.66456, -115.728684 49.664721, -115.728763 49.665035, -115.728805 49.665196, -115.728862 49.665412, -115.728927 49.665675, -115.728979 49.665886, -115.729045 49.66615, -115.72911 49.666416, -115.729189 49.666736, -115.729217 49.666843, -115.729317 49.667227, -115.729385 49.667497, -115.729429 49.667664, -115.729486 49.667884, -115.729528 49.668048, -115.729682 49.66837, -115.729804 49.668578, -115.729872 49.668852, -115.73009 49.66912, -115.730242 49.669441, -115.730401 49.669771, -115.730546 49.670045, -115.730574 49.670157, -115.730734 49.670489, -115.730669 49.670832, -115.73074 49.671114, -115.730604 49.671177, -115.730538 49.671523, -115.730397 49.671875, -115.730379 49.672107, -115.730423 49.67228, -115.730508 49.672623, -115.730734 49.672906, -115.730808 49.673197, -115.730877 49.673482, -115.731054 49.673884, -115.731175 49.674056, -115.731373 49.674525, -115.731551 49.674889, -115.73168 49.675072, -115.731759 49.675373, -115.731838 49.675675, -115.731968 49.67586, -115.732213 49.676169, -115.732492 49.676339, -115.732814 49.67638, -115.73329 49.676411, -115.733598 49.676393, -115.73392 49.676433, -115.734472 49.67672, -115.734679 49.676897, -115.734766 49.677207, -115.734837 49.677457, -115.734921 49.677765, -115.735067 49.678008, -115.735235 49.67832, -115.735272 49.678448, -115.735559 49.678889, -115.735547 49.67914, -115.735452 49.679391, -115.735243 49.679521, -115.734892 49.679719, -115.734524 49.679857, -115.734316 49.679988, -115.733921 49.680051, -115.733615 49.680121, -115.733319 49.680207, -115.732832 49.680213, -115.73252 49.680235, -115.73237 49.680254, -115.731968 49.680185, -115.731482 49.680151, -115.731225 49.680095, -115.730657 49.680062, -115.730369 49.680201, -115.730162 49.680338, -115.729745 49.680613, -115.72955 49.680813, -115.729195 49.68102, -115.728467 49.681372, -115.728053 49.681326, -115.727772 49.681148, -115.727556 49.680903, -115.727488 49.680591, -115.727288 49.680411, -115.727008 49.680233, -115.726596 49.680187, -115.726039 49.68021, -115.725628 49.680166, -115.72522 49.680124, -115.724732 49.680087, -115.724326 49.680048, -115.723996 49.680001, -115.72344 49.680025, -115.723029 49.679977, -115.722632 49.679994, -115.722314 49.680008, -115.721827 49.679967, -115.721577 49.679915, -115.721166 49.679864, -115.720835 49.679812, -115.72043 49.679772, -115.7201 49.679722, -115.719783 49.679735, -115.719148 49.67976, -115.718831 49.679774, -115.718436 49.679793, -115.717962 49.679816, -115.717846 49.680074, -115.717935 49.680585, -115.718002 49.680971, -115.718127 49.681224, -115.718251 49.681478, -115.718373 49.681724, -115.718665 49.682024, -115.718928 49.682141, -115.719214 49.682387, -115.719419 49.682636, -115.71965 49.683019, -115.719675 49.683154, -115.719904 49.683529, -115.719933 49.683713, -115.720154 49.684492, -115.7202 49.684753, -115.72019 49.685153, -115.720086 49.685493, -115.7197 49.685644, -115.719489 49.685854, -115.719209 49.686141, -115.719081 49.686352, -115.718787 49.686568, -115.718482 49.686723, -115.718217 49.687025, -115.71807 49.687438, -115.717707 49.687681, -115.717552 49.687756, -115.717302 49.687766, -115.716719 49.687791, -115.716553 49.687798, -115.715795 49.687767, -115.715287 49.687722, -115.714747 49.687467, -115.714623 49.687197, -115.71441 49.686872, -115.714131 49.686672, -115.713892 49.686248, -115.713604 49.68598, -115.71333 49.685763, -115.713139 49.685576, -115.712781 49.685352, -115.712586 49.685117, -115.712314 49.684903, -115.712289 49.684742, -115.712076 49.684396, -115.711842 49.683906, -115.71164 49.683632, -115.711514 49.68333, -115.710979 49.68294, -115.71076 49.682529, -115.71045 49.682062, -115.710407 49.681758, -115.710212 49.681478, -115.710156 49.681061, -115.71013 49.680859, -115.709851 49.680529, -115.709641 49.680114, -115.709463 49.67993, -115.709201 49.679728, -115.708872 49.679615, -115.708619 49.679479, -115.708369 49.67938, -115.708204 49.67933, -115.707621 49.67911, -115.707291 49.67901, -115.707126 49.678959, -115.706466 49.678738, -115.706208 49.678559, -115.705793 49.678384, -115.705385 49.678271, -115.705069 49.678282, -115.704669 49.678243, -115.704112 49.678213, -115.703706 49.67811, -115.703296 49.677943, -115.703122 49.677766, -115.702629 49.677541, -115.701975 49.67726, -115.701647 49.677089, -115.701328 49.677039, -115.701084 49.676927, -115.700826 49.676634, -115.700651 49.6764, -115.700564 49.676283, -115.700386 49.675989, -115.700131 49.6757, -115.699962 49.675528, -115.699876 49.675412, -115.699549 49.675186, -115.699227 49.675019, -115.698899 49.674736, -115.698736 49.674625, -115.698416 49.674461, -115.697631 49.674258, -115.69739 49.674091, -115.696985 49.673759, -115.696588 49.673547, -115.69627 49.673324, -115.696184 49.673153, -115.695787 49.67288, -115.695321 49.672726, -115.695082 49.672505, -115.694845 49.672342, -115.694612 49.672237, -115.694529 49.672069, -115.694209 49.671681, -115.693899 49.671524, -115.693661 49.671249, -115.693191 49.670816, -115.69311 49.67065, -115.692796 49.67027, -115.692562 49.67, -115.692473 49.669557, -115.692091 49.669295, -115.691784 49.669032, -115.691479 49.66877, -115.691474 49.668605, -115.691467 49.668331, -115.691459 49.668003, -115.691603 49.667834, -115.69167 49.667559, -115.691735 49.667231, -115.691726 49.666908, -115.69172 49.666693, -115.691713 49.666425, -115.691635 49.666209, -115.691628 49.665827, -115.691399 49.665639, -115.691396 49.665533, -115.691243 49.665275, -115.69109 49.664965, -115.691085 49.664755, -115.691155 49.664536, -115.691221 49.664159, -115.691216 49.663896, -115.691209 49.66353, -115.691202 49.663219, -115.691342 49.662949, -115.69134 49.662844, -115.691485 49.66256, -115.691635 49.662317, -115.69192 49.661979, -115.692131 49.661756, -115.692266 49.661444, -115.692301 49.660724, -115.693794 49.658242, -115.69405 49.657501, -115.694303 49.656909, -115.694577 49.656287, -115.694825 49.65588, -115.69489 49.655371, -115.694882 49.655037, -115.694767 49.654434, -115.694392 49.65355, -115.694691 49.652499, -115.694205 49.651881, -115.693667 49.651266, -115.69314 49.650626, -115.692619 49.649965, -115.692084 49.649306, -115.691555 49.648648, -115.691044 49.647983, -115.690569 49.647311, -115.690132 49.646629, -115.689714 49.645939, -115.689327 49.645244, -115.688967 49.64455, -115.688636 49.643866, -115.688343 49.643191, -115.687194 49.640947, -115.686994 49.639054, -115.687027 49.638114, -115.687716 49.637355, -115.68816 49.637147, -115.687872 49.636099, -115.687623 49.635599, -115.687104 49.634218, -115.685806 49.633056, -115.679715 49.632937, -115.679005 49.632867, -115.678365 49.632677, -115.677785 49.632427, -115.677365 49.632037, -115.677155 49.631567, -115.677075 49.631057, -115.677115 49.630537, -115.677195 49.630017, -115.677315 49.629507, -115.677525 49.628987, -115.677785 49.628477, -115.678075 49.627977, -115.678675 49.627027, -115.678785 49.626837, -115.678955 49.626527, -115.679125 49.626247, -115.680045 49.624617, -115.680225 49.624187, -115.680265 49.623727, -115.680145 49.623297, -115.679895 49.622887, -115.679575 49.622487, -115.679325 49.622107, -115.679285 49.621697, -115.679435 49.621277, -115.679755 49.620887, -115.680205 49.620517, -115.680755 49.620237, -115.681335 49.619967, -115.681855 49.619687, -115.682275 49.619357, -115.682585 49.618967, -115.682835 49.618567, -115.683125 49.618177, -115.683555 49.617867, -115.684175 49.617657, -115.684895 49.617527, -115.686395 49.617337, -115.687075 49.617207, -115.687735 49.617017, -115.688305 49.616797, -115.688805 49.616507, -115.689225 49.616147, -115.689835 49.615417, -115.690155 49.615087, -115.690595 49.614827, -115.691115 49.614667, -115.691685 49.614587, -115.692275 49.614547, -115.692885 49.614567, -115.694125 49.614667, -115.694785 49.614677, -115.695795 49.614577, -115.696125 49.614547, -115.696795 49.614487, -115.698085 49.614427, -115.698685 49.614347, -115.699245 49.614237, -115.699755 49.614047, -115.700205 49.613777, -115.700605 49.613487, -115.700965 49.613177, -115.701315 49.612907, -115.701735 49.612667, -115.702185 49.612517, -115.702695 49.612437, -115.703185 49.612417, -115.703655 49.612447, -115.704135 49.612487, -115.704645 49.612487, -115.705335 49.612427, -115.705705 49.612387, -115.706255 49.612347, -115.706785 49.612307, -115.707335 49.612227, -115.707685 49.612107, -115.709425 49.609717, -115.709835 49.609037, -115.710095 49.608737, -115.710575 49.608447, -115.711265 49.608417, -115.712015 49.608507, -115.712735 49.608727, -115.713445 49.608987, -115.714885 49.609467, -115.715635 49.609647, -115.716435 49.609697, -115.717205 49.609637, -115.717935 49.609507, -115.718595 49.609257, -115.719155 49.608937, -115.719615 49.608527, -115.719955 49.608077, -115.720315 49.607657, -115.720795 49.607237, -115.721365 49.606887, -115.722065 49.606617, -115.722815 49.606417, -115.723585 49.606257, -115.724325 49.606047, -115.725045 49.605767, -115.725715 49.605427, -115.726335 49.605057, -115.726835 49.604617, -115.727215 49.604147, -115.727485 49.603667, -115.727675 49.603167, -115.727805 49.602657, -115.727895 49.602117, -115.727975 49.601597, -115.728055 49.601107, -115.728165 49.600607, -115.728375 49.600147, -115.728635 49.599717, -115.728935 49.599307, -115.729285 49.598897, -115.729835 49.598717, -115.730405 49.598567, -115.730945 49.598487, -115.731415 49.598697, -115.731715 49.599027, -115.732045 49.600007, -115.731815 49.600467, -115.731608 49.601023, -115.732464 49.601507, -115.737026 49.607541, -115.736231 49.610644, -115.735742 49.61111, -115.735205 49.611739, -115.73446 49.612628, -115.745175 49.615615, -115.746141 49.615797, -115.747042 49.615528, -115.747918 49.615347, -115.748689 49.615563, -115.74961 49.616079, -115.750372 49.617054, -115.751325 49.617319, -115.752915 49.617882, -115.754678 49.618177, -115.756976 49.618761, -115.7588 49.619225, -115.759834 49.619104, -115.760878 49.618706, -115.762062 49.618559, -115.762794 49.61906, -115.763788 49.619943, -115.765166 49.620864, -115.766487 49.621254, -115.77137 49.622716, -115.772221 49.622674, -115.773642 49.623024, -115.774304 49.623252, -115.77507 49.623293, -115.776225 49.623583, -115.777052 49.624102, -115.78011 49.624899, -115.785548 49.626318, -115.790934 49.627855, -115.791691 49.628082)), ((-115.69331 49.674175, -115.693842 49.674118, -115.694363 49.674184, -115.694621 49.674247, -115.695045 49.674432, -115.695298 49.674556, -115.695795 49.674929, -115.69605 49.675054, -115.696389 49.675242, -115.696733 49.675369, -115.696817 49.675432, -115.697237 49.675746, -115.69749 49.675934, -115.69765 49.676185, -115.697726 49.676373, -115.697798 49.676626, -115.697853 49.677131, -115.697935 49.677258, -115.697995 49.677703, -115.69806 49.678084, -115.69813 49.678406, -115.698195 49.678793, -115.698178 49.679053, -115.698157 49.679378, -115.698224 49.67977, -115.698194 49.680228, -115.698173 49.68056, -115.698148 49.680957, -115.698127 49.68129, -115.697921 49.681624, -115.697724 49.68182, -115.697327 49.682218, -115.696947 49.682352, -115.696566 49.682487, -115.695637 49.682485, -115.69476 49.681876, -115.693896 49.6812, -115.693002 49.680925, -115.692386 49.680653, -115.69221 49.680585, -115.691886 49.680183, -115.691647 49.679854, -115.69159 49.679528, -115.691604 49.679397, -115.69147 49.678943, -115.691317 49.678684, -115.691165 49.678422, -115.691023 49.678094, -115.690872 49.677836, -115.690638 49.677517, -115.690413 49.677135, -115.690271 49.676818, -115.690211 49.676565, -115.689974 49.676313, -115.689833 49.675999, -115.689775 49.675749, -115.689621 49.675561, -115.689571 49.675251, -115.68961 49.674942, -115.689905 49.674697, -115.690193 49.674514, -115.690463 49.674458, -115.690829 49.674338, -115.691013 49.674277, -115.691635 49.674221, -115.692162 49.674226, -115.692783 49.67417, -115.69331 49.674175)), ((-115.820245 49.640641, -115.820744 49.640641, -115.821095 49.640755, -115.821251 49.640969, -115.821238 49.641231, -115.82109 49.641506, -115.820841 49.641755, -115.820531 49.641962, -115.820218 49.642066, -115.820026 49.641992, -115.819952 49.641817, -115.81992 49.641591, -115.819896 49.641358, -115.819884 49.641235, -115.81985 49.641031, -115.82003 49.64068, -115.820245 49.640641)))"
141,2023-07-29 10:30:57,2023072701,2023,379.9,Non-corrected airborne GPS,1690441200000,1690502256000,Fire of Note,JA70003000,3798936.7513,12153.0241,289,4c8cf1c2-8b1b-4634-81b2-ee76673e83d3,9079007.3984375,18804.8383045951,https://wildfiresituation.nrs.gov.bc.ca/incidents?fireYear=2023&incidentNumber=N12046,"POLYGON ((-114.923217 49.739553, -114.923108 49.739532, -114.923 49.73951, -114.92263 49.73948, -114.92229 49.73953, -114.92195 49.73966, -114.92162 49.73982, -114.92131 49.74, -114.92104 49.74021, -114.9208 49.74043, -114.92061 49.74067, -114.9205 49.74092, -114.92047 49.74118, -114.92046 49.74144, -114.92043 49.74171, -114.92038 49.74196, -114.92031 49.7422, -114.9202 49.74242, -114.92003 49.74261, -114.91982 49.74275, -114.91957 49.74288, -114.91938 49.74302, -114.91922 49.7432, -114.91918 49.74341, -114.91921 49.74362, -114.91923 49.74384, -114.91924 49.74406, -114.91924 49.74427, -114.91919 49.74451, -114.91908 49.74472, -114.91891 49.7449, -114.91876 49.74507, -114.91864 49.74526, -114.9186 49.74545, -114.91866 49.7456, -114.918704 49.745647, -114.91882 49.74577, -114.91892 49.74594, -114.91889 49.74614, -114.91875 49.74626, -114.91852 49.74632, -114.9183 49.74632, -114.91808 49.74629, -114.9179 49.74632, -114.91778 49.74639, -114.91776 49.7465, -114.91782 49.74661, -114.91792 49.74677, -114.91808 49.74694, -114.91825 49.74713, -114.91847 49.7473, -114.91865 49.74748, -114.91872 49.74768, -114.91862 49.74787, -114.91847 49.747948, -114.91837 49.748, -114.91805 49.74802, -114.91776 49.74792, -114.91706 49.74739, -114.91682 49.74721, -114.91656 49.74706, -114.91626 49.74693, -114.91595 49.74679, -114.91566 49.74664, -114.91541 49.74649, -114.91518 49.74634, -114.91497 49.74621, -114.91479 49.74608, -114.91467 49.74596, -114.91461 49.74586, -114.91459 49.74576, -114.91461 49.74566, -114.91468 49.74555, -114.91479 49.74545, -114.91494 49.74536, -114.91511 49.74529, -114.91527 49.74522, -114.91542 49.74513, -114.91559 49.74504, -114.91577 49.74495, -114.91595 49.74483, -114.91613 49.7447, -114.91629 49.74454, -114.916338 49.744495, -114.916389 49.744446, -114.91646 49.74438, -114.91662 49.74423, -114.91677 49.74408, -114.9169 49.74393, -114.916975 49.743843, -114.91702 49.74379, -114.91712 49.74363, -114.917191 49.74351, -114.91722 49.74346, -114.9173 49.74328, -114.91734 49.74308, -114.91737 49.74285, -114.91741 49.7426, -114.91743 49.74234, -114.91742 49.74207, -114.917283 49.741854, -114.917235 49.741777, -114.91718 49.74169, -114.91692 49.74144, -114.91667 49.74118, -114.91648 49.7409, -114.91637 49.74059, -114.91633 49.74026, -114.91637 49.73992, -114.91647 49.73959, -114.9166 49.73928, -114.916684 49.738987, -114.9167 49.73893, -114.91675 49.73857, -114.9167 49.7382, -114.91654 49.73785, -114.91626 49.73754, -114.91587 49.73728, -114.91544 49.73705, -114.91503 49.73682, -114.91465 49.73659, -114.91438 49.73633, -114.91433 49.73607, -114.91452 49.73587, -114.91484 49.73575, -114.91522 49.73563, -114.91558 49.73547, -114.91585 49.73524, -114.91602 49.73496, -114.91616 49.73467, -114.91626 49.73438, -114.91634 49.73408, -114.916351 49.734002, -114.916275 49.733868, -114.91622 49.73377, -114.91601 49.73348, -114.91586 49.7332, -114.91575 49.73292, -114.91568 49.73264, -114.91568 49.732588, -114.91551 49.73241, -114.91527 49.73218, -114.915 49.73194, -114.91472 49.7317, -114.91447 49.73144, -114.91428 49.73115, -114.91418 49.73085, -114.91412 49.73058, -114.91406 49.73032, -114.91399 49.73008, -114.91395 49.72985, -114.91394 49.72964, -114.91396 49.72945, -114.91404 49.72926, -114.91418 49.72911, -114.91437 49.72897, -114.91454 49.72881, -114.91471 49.72863, -114.91487 49.72845, -114.91501 49.72827, -114.91512 49.72809, -114.91517 49.72789, -114.91515 49.7277, -114.91504 49.72752, -114.91482 49.72737, -114.91452 49.72727, -114.91418 49.72718, -114.91381 49.72708, -114.91326 49.72687, -114.91274 49.72658, -114.91222 49.72621, -114.91171 49.72579, -114.91124 49.72534, -114.91095 49.72503, -114.9107 49.7247, -114.91053 49.72435, -114.9105 49.724, -114.91066 49.72369, -114.91087 49.72338, -114.91104 49.72304, -114.91116 49.72267, -114.91118 49.72229, -114.91107 49.72193, -114.91086 49.72162, -114.91058 49.72135, -114.91031 49.72107, -114.91007 49.72081, -114.90989 49.72053, -114.90975 49.72027, -114.90962 49.72002, -114.9095 49.71978, -114.90922 49.7193, -114.90905 49.71906, -114.90883 49.71882, -114.9086 49.71857, -114.90837 49.71831, -114.90815 49.71805, -114.90794 49.71778, -114.90778 49.71752, -114.90767 49.71725, -114.90763 49.71696, -114.90767 49.71667, -114.90773 49.71635, -114.90766 49.716, -114.90765 49.71544, -114.9076 49.71503, -114.90752 49.71464, -114.90739 49.71426, -114.90726 49.7139, -114.90713 49.71356, -114.90703 49.71323, -114.90705 49.7129, -114.90719 49.71259, -114.90743 49.71231, -114.90773 49.71206, -114.90806 49.71183, -114.90835 49.71162, -114.90858 49.71137, -114.90873 49.7111, -114.9088 49.71083, -114.90885 49.71056, -114.90893 49.71031, -114.90906 49.71007, -114.90927 49.70989, -114.90953 49.70976, -114.90979 49.70967, -114.91006 49.70962, -114.91031 49.70959, -114.91054 49.70953, -114.91073 49.70941, -114.91091 49.70926, -114.91112 49.70913, -114.91137 49.70905, -114.91156 49.70893, -114.91157 49.70874, -114.911536 49.708659, -114.91147 49.7085, -114.91144 49.70819, -114.91161 49.70791, -114.91197 49.70771, -114.9124 49.70759, -114.91282 49.7075, -114.91322 49.70743, -114.91357 49.70734, -114.91389 49.70723, -114.91418 49.70709, -114.91443 49.70692, -114.91467 49.70673, -114.91488 49.70653, -114.91512 49.70631, -114.9154 49.70609, -114.91576 49.7059, -114.91616 49.70575, -114.9166 49.70563, -114.91701 49.70552, -114.91733 49.70537, -114.91751 49.70516, -114.91755 49.70491, -114.91756 49.70464, -114.91763 49.70437, -114.91775 49.70411, -114.91797 49.70375, -114.91811 49.70354, -114.91822 49.70334, -114.91834 49.70304, -114.91843 49.70287, -114.91859 49.70273, -114.91879 49.70268, -114.919 49.70274, -114.9191 49.7029, -114.91908 49.70308, -114.91907 49.70329, -114.91912 49.70351, -114.91928 49.7037, -114.91952 49.70384, -114.91982 49.70389, -114.92015 49.70393, -114.92048 49.70396, -114.9208 49.70401, -114.92108 49.70411, -114.92132 49.70426, -114.92153 49.70446, -114.92176 49.70466, -114.92203 49.70485, -114.92233 49.705, -114.92268 49.70512, -114.92305 49.70521, -114.92339 49.70531, -114.92369 49.70546, -114.92384 49.70568, -114.92381 49.7059, -114.92361 49.70611, -114.9233 49.7063, -114.92298 49.70646, -114.92271 49.70665, -114.92253 49.70685, -114.92247 49.70706, -114.92256 49.70724, -114.92278 49.70739, -114.92309 49.70749, -114.92345 49.70756, -114.92383 49.7076, -114.92419 49.70764, -114.92452 49.70766, -114.92483 49.70766, -114.92515 49.70767, -114.92547 49.70771, -114.9258 49.70782, -114.92608 49.70802, -114.92628 49.70831, -114.92638 49.70866, -114.9264 49.70907, -114.92638 49.70951, -114.92643 49.70997, -114.926521 49.710193, -114.92661 49.71041, -114.9269 49.71083, -114.927161 49.711217, -114.92734 49.71141, -114.92776 49.71183, -114.92811 49.71232, -114.92819 49.71287, -114.92797 49.71341, -114.92762 49.71392, -114.92721 49.71446, -114.92682 49.71506, -114.92634 49.71607, -114.925988 49.717013, -114.92601 49.71729, -114.92591 49.71765, -114.92581 49.718, -114.92585 49.71835, -114.92597 49.71873, -114.92602 49.71911, -114.92595 49.71949, -114.92586 49.71989, -114.92583 49.7203, -114.92589 49.72073, -114.92599 49.7212, -114.92607 49.72168, -114.92607 49.72218, -114.92594 49.72264, -114.925848 49.722915, -114.92584 49.72322, -114.925827 49.723448, -114.92596 49.72378, -114.92611 49.72411, -114.92619 49.72442, -114.92614 49.7247, -114.92598 49.72492, -114.92574 49.72509, -114.92552 49.72523, -114.92531 49.72539, -114.925149 49.725488, -114.92508 49.72553, -114.92483 49.72563, -114.92457 49.72571, -114.92435 49.72583, -114.92423 49.72602, -114.92419 49.72623, -114.9242 49.726465, -114.9242 49.72647, -114.92418 49.72673, -114.92404 49.72694, -114.92376 49.72709, -114.92343 49.72717, -114.92309 49.72725, -114.92275 49.72737, -114.922746 49.727372, -114.9224 49.72752, -114.9221 49.72772, -114.92184 49.72797, -114.92163 49.72823, -114.9215 49.72851, -114.92145 49.7288, -114.92147 49.72907, -114.92158 49.7293, -114.92181 49.72946, -114.92212 49.72956, -114.922199 49.729591, -114.92242 49.72968, -114.92266 49.72986, -114.92277 49.73009, -114.92274 49.73035, -114.92259 49.73059, -114.922486 49.73071, -114.92246 49.73104, -114.92243 49.73156, -114.92241 49.7321, -114.92264 49.73305, -114.92268 49.73334, -114.922694 49.733419, -114.92285 49.7338, -114.92304 49.734252, -114.92321 49.73452, -114.92334 49.73485, -114.92345 49.7352, -114.92352 49.735444, -114.92358 49.73557, -114.923594 49.735601, -114.923667 49.73577, -114.92379 49.73605, -114.92394 49.73655, -114.924 49.73701, -114.923971 49.737229, -114.92398 49.73734, -114.92404 49.73808, -114.92412 49.73842, -114.92421 49.73877, -114.92424 49.73911, -114.92413 49.73942, -114.92382 49.73959, -114.9234 49.73959, -114.923217 49.739553))"
142,2023-07-29 10:30:57,2023072601,2023,1172.5,Non-corrected airborne GPS,1690354800000,1690421109000,Out of Control,JA70003000,11724559.4219,18863.7187,292,850994a2-5fbd-4505-a8b3-49b373ed5e3a,29111582.8828125,29725.2374863634,https://wildfiresituation.nrs.gov.bc.ca/incidents?fireYear=2023&incidentNumber=N21453,"POLYGON ((-115.78341 50.66529, -115.78256 50.66387, -115.78245 50.66347, -115.78224 50.66305, -115.78199 50.66263, -115.78183 50.6622, -115.78174 50.66175, -115.78162 50.66128, -115.78146 50.66078, -115.78129 50.66022, -115.78111 50.6596, -115.78088 50.65894, -115.78051 50.65826, -115.7803 50.65755, -115.78033 50.6568, -115.78049 50.65606, -115.78061 50.65537, -115.78047 50.65472, -115.78015 50.65414, -115.77956 50.65372, -115.77893 50.65339, -115.77833 50.65303, -115.77781 50.65267, -115.77749 50.65228, -115.77729 50.65187, -115.7771 50.65144, -115.77681 50.65104, -115.77638 50.65077, -115.77595 50.65069, -115.7756 50.65066, -115.77524 50.65062, -115.77487 50.65057, -115.77449 50.65056, -115.77415 50.6506, -115.7739 50.65069, -115.77368 50.65083, -115.77358 50.651, -115.77367 50.65117, -115.77384 50.65135, -115.77397 50.65158, -115.77403 50.65184, -115.77401 50.65214, -115.7739 50.65245, -115.77365 50.65271, -115.77333 50.65288, -115.77301 50.65297, -115.77274 50.65301, -115.7725 50.65298, -115.77229 50.65291, -115.77209 50.65277, -115.77191 50.65258, -115.77166 50.6524, -115.7714 50.65221, -115.77115 50.65204, -115.77089 50.6519, -115.77063 50.65181, -115.77039 50.65174, -115.77021 50.65162, -115.77005 50.65148, -115.7699 50.65134, -115.76989 50.65117, -115.77001 50.65099, -115.77017 50.65082, -115.77036 50.65065, -115.77051 50.65046, -115.77046 50.65019, -115.7702 50.64992, -115.76988 50.6497, -115.76957 50.64949, -115.76924 50.64929, -115.76889 50.64918, -115.76853 50.64909, -115.76816 50.649, -115.7678 50.6489, -115.76747 50.64877, -115.76715 50.64861, -115.76681 50.64848, -115.76645 50.64843, -115.76567 50.64843, -115.76523 50.6484, -115.7648 50.64837, -115.76438 50.64835, -115.76399 50.64834, -115.76368 50.64836, -115.76347 50.64838, -115.7633 50.64841, -115.76308 50.64844, -115.76283 50.64849, -115.76256 50.64855, -115.76223 50.64865, -115.76179 50.64879, -115.76131 50.64893, -115.76086 50.64905, -115.76041 50.64916, -115.75998 50.64926, -115.75955 50.64937, -115.75913 50.64947, -115.75868 50.64958, -115.75818 50.64968, -115.75763 50.64976, -115.75704 50.64988, -115.75648 50.65007, -115.75596 50.6503, -115.7554 50.65051, -115.75484 50.65065, -115.75432 50.65069, -115.75387 50.65062, -115.75348 50.65047, -115.7531 50.65035, -115.75276 50.65034, -115.75247 50.65042, -115.75218 50.65052, -115.75187 50.6506, -115.75153 50.65062, -115.75109 50.65056, -115.75059 50.65043, -115.75003 50.65021, -115.74944 50.64998, -115.74881 50.64977, -115.74816 50.64957, -115.74745 50.64939, -115.74677 50.64925, -115.74613 50.64917, -115.74557 50.64914, -115.74509 50.64915, -115.7447 50.64918, -115.74435 50.64917, -115.74405 50.6491, -115.74372 50.649, -115.74296 50.64874, -115.74254 50.64863, -115.74214 50.64851, -115.74177 50.64833, -115.74143 50.64809, -115.74111 50.64783, -115.74087 50.64753, -115.74078 50.64718, -115.74078 50.64681, -115.74084 50.64641, -115.74089 50.64601, -115.74093 50.6456, -115.74095 50.64517, -115.74084 50.64475, -115.74049 50.64439, -115.73999 50.64413, -115.73948 50.64391, -115.73904 50.64367, -115.73872 50.64338, -115.73849 50.64307, -115.73825 50.64279, -115.73783 50.64263, -115.73733 50.64256, -115.73681 50.64249, -115.73631 50.64241, -115.73585 50.64233, -115.7355 50.64226, -115.73521 50.6422, -115.73498 50.64221, -115.73475 50.64226, -115.73448 50.64231, -115.7342 50.64237, -115.73391 50.64246, -115.73355 50.64256, -115.73312 50.64265, -115.73263 50.64271, -115.73207 50.64273, -115.73148 50.64266, -115.73099 50.64245, -115.73073 50.64212, -115.73077 50.64175, -115.73105 50.64144, -115.73143 50.64115, -115.73178 50.64085, -115.73197 50.64052, -115.73193 50.64017, -115.73166 50.63985, -115.73125 50.63957, -115.73072 50.63937, -115.73023 50.63916, -115.72986 50.63894, -115.72953 50.63878, -115.72924 50.63875, -115.72895 50.63886, -115.72858 50.63902, -115.72808 50.63915, -115.72751 50.63919, -115.72688 50.6391, -115.72624 50.63886, -115.72556 50.63858, -115.72481 50.63832, -115.72411 50.63804, -115.72351 50.63774, -115.72299 50.63744, -115.72258 50.63716, -115.72219 50.63699, -115.72183 50.63691, -115.72151 50.6368, -115.72137 50.63662, -115.72145 50.6364, -115.72169 50.63619, -115.72193 50.63597, -115.72205 50.63571, -115.7221 50.63541, -115.72239 50.63512, -115.72284 50.63489, -115.72333 50.63467, -115.72373 50.63442, -115.72401 50.6341, -115.72427 50.63373, -115.72447 50.63331, -115.72462 50.63287, -115.72479 50.63247, -115.72486 50.63208, -115.72473 50.63171, -115.72442 50.63139, -115.72413 50.63106, -115.72397 50.63071, -115.72404 50.6304, -115.72424 50.63014, -115.72445 50.62993, -115.72458 50.62972, -115.72465 50.62951, -115.72477 50.62932, -115.72494 50.62917, -115.72516 50.62905, -115.7254 50.62894, -115.72566 50.62882, -115.7259 50.62867, -115.72608 50.62848, -115.72615 50.62827, -115.72616 50.628, -115.72618 50.62773, -115.72622 50.62749, -115.72633 50.62728, -115.72645 50.62709, -115.72659 50.6269, -115.72672 50.6267, -115.72686 50.62648, -115.7271 50.626, -115.72723 50.62577, -115.72731 50.62554, -115.72736 50.62533, -115.7274 50.62512, -115.72747 50.62492, -115.72765 50.6248, -115.72784 50.62471, -115.72804 50.62465, -115.72823 50.62459, -115.72843 50.62451, -115.72865 50.62445, -115.72888 50.6244, -115.72909 50.62436, -115.7293 50.62435, -115.72952 50.62434, -115.72976 50.62432, -115.72994 50.62427, -115.7301 50.62421, -115.73027 50.62416, -115.73048 50.6241, -115.73072 50.62401, -115.731 50.6239, -115.73134 50.62382, -115.73171 50.62372, -115.73208 50.62359, -115.73247 50.62344, -115.73297 50.62322, -115.73325 50.62326, -115.7336 50.62328, -115.73403 50.62335, -115.73449 50.62344, -115.73499 50.6235, -115.73546 50.62355, -115.73583 50.62358, -115.73616 50.62361, -115.73644 50.62364, -115.73671 50.62369, -115.73694 50.62381, -115.73714 50.62397, -115.73738 50.62411, -115.73771 50.62413, -115.73805 50.62409, -115.73841 50.62404, -115.73913 50.62396, -115.73953 50.62392, -115.73993 50.6239, -115.74035 50.62387, -115.74073 50.62386, -115.74107 50.62382, -115.74139 50.62375, -115.74169 50.62366, -115.74197 50.62356, -115.74227 50.62348, -115.74257 50.62343, -115.74286 50.62338, -115.74313 50.6233, -115.74343 50.62322, -115.74376 50.62315, -115.74444 50.62307, -115.74475 50.62306, -115.74505 50.62306, -115.74538 50.62307, -115.74606 50.62313, -115.74643 50.62315, -115.74682 50.62316, -115.74722 50.62313, -115.74762 50.62314, -115.74794 50.62328, -115.74843 50.62377, -115.74879 50.62403, -115.74922 50.62429, -115.74962 50.62454, -115.75003 50.62477, -115.75045 50.62498, -115.75089 50.62516, -115.75136 50.62528, -115.75183 50.62539, -115.7523 50.62546, -115.75278 50.62554, -115.75327 50.62564, -115.75376 50.62573, -115.75431 50.6258, -115.75492 50.62585, -115.7555 50.62583, -115.75606 50.62572, -115.75656 50.62558, -115.75704 50.62541, -115.75748 50.62526, -115.75791 50.62513, -115.75875 50.62491, -115.75915 50.6248, -115.75954 50.62473, -115.75991 50.62479, -115.76023 50.62491, -115.76056 50.62508, -115.76092 50.62524, -115.76133 50.62537, -115.76176 50.62546, -115.76222 50.62549, -115.76266 50.62547, -115.7631 50.62544, -115.76352 50.62543, -115.76393 50.62548, -115.76434 50.62561, -115.76465 50.62586, -115.76484 50.62619, -115.76505 50.62653, -115.76541 50.62675, -115.76582 50.62685, -115.76619 50.62686, -115.76653 50.62685, -115.76685 50.62685, -115.76716 50.62694, -115.76742 50.62713, -115.76766 50.62729, -115.76796 50.62734, -115.7682 50.62727, -115.76843 50.62717, -115.76871 50.62704, -115.76898 50.62686, -115.76937 50.62663, -115.76995 50.62634, -115.77063 50.62608, -115.77134 50.62594, -115.77206 50.62592, -115.77273 50.62595, -115.77335 50.62607, -115.77377 50.62633, -115.77402 50.62661, -115.77422 50.62687, -115.77442 50.62709, -115.77463 50.6273, -115.7749 50.62748, -115.77521 50.62763, -115.77554 50.62775, -115.77587 50.62786, -115.77617 50.62797, -115.77643 50.62809, -115.77667 50.6282, -115.77691 50.62829, -115.77714 50.62836, -115.77734 50.62842, -115.77751 50.62846, -115.77764 50.62849, -115.77776 50.62857, -115.77789 50.62871, -115.77804 50.62882, -115.77825 50.62886, -115.77849 50.62884, -115.77875 50.62884, -115.779 50.62888, -115.77929 50.62891, -115.77958 50.62893, -115.77988 50.62893, -115.78016 50.62892, -115.78043 50.6289, -115.78067 50.62889, -115.78127 50.62889, -115.78165 50.6289, -115.78205 50.62893, -115.78248 50.62895, -115.78293 50.62898, -115.78339 50.62907, -115.78376 50.62924, -115.78402 50.6295, -115.78426 50.62984, -115.78449 50.63025, -115.78465 50.63071, -115.78461 50.63114, -115.78443 50.63148, -115.78418 50.63174, -115.784 50.63196, -115.7839 50.63214, -115.78383 50.63232, -115.78373 50.6327, -115.7837 50.6329, -115.78371 50.63314, -115.78373 50.6334, -115.78372 50.63368, -115.78377 50.63396, -115.78386 50.63424, -115.78397 50.63453, -115.78405 50.63485, -115.78397 50.63518, -115.78386 50.63547, -115.78378 50.63572, -115.78368 50.6359, -115.78357 50.63604, -115.78345 50.63616, -115.78335 50.63631, -115.78327 50.6365, -115.78317 50.63673, -115.78303 50.63697, -115.78289 50.63724, -115.78287 50.63752, -115.78302 50.63777, -115.78327 50.63795, -115.78358 50.63806, -115.78388 50.63811, -115.78412 50.63813, -115.78433 50.63814, -115.78453 50.63817, -115.78475 50.63817, -115.78501 50.63814, -115.78526 50.6381, -115.78554 50.63806, -115.78591 50.63801, -115.78634 50.63798, -115.7868 50.63797, -115.78728 50.63801, -115.78767 50.63816, -115.78782 50.63843, -115.78766 50.63872, -115.78732 50.63897, -115.78693 50.63918, -115.78656 50.63936, -115.78626 50.63949, -115.78603 50.63962, -115.78584 50.63974, -115.78568 50.63989, -115.78554 50.64004, -115.78542 50.64023, -115.78537 50.64045, -115.78542 50.6407, -115.7856 50.64094, -115.78582 50.64116, -115.78607 50.64133, -115.78636 50.64143, -115.78661 50.64147, -115.7868 50.64152, -115.78695 50.6416, -115.7871 50.6417, -115.78731 50.64177, -115.78755 50.64183, -115.7878 50.64188, -115.78806 50.64193, -115.78832 50.64199, -115.78857 50.64206, -115.78909 50.64226, -115.78937 50.64236, -115.78963 50.64242, -115.78988 50.64247, -115.79013 50.64254, -115.79039 50.64262, -115.79063 50.6427, -115.79087 50.64277, -115.79105 50.64283, -115.79117 50.64291, -115.7913 50.64301, -115.79164 50.64318, -115.79185 50.64327, -115.79206 50.64337, -115.79227 50.64348, -115.79249 50.64361, -115.7927 50.64375, -115.79291 50.6439, -115.79309 50.64408, -115.79322 50.64428, -115.79318 50.64451, -115.79298 50.64468, -115.79267 50.64478, -115.79231 50.64485, -115.79196 50.64495, -115.79164 50.64508, -115.79133 50.64521, -115.79102 50.64528, -115.79072 50.64524, -115.79046 50.64518, -115.79023 50.64516, -115.79005 50.6452, -115.78989 50.64529, -115.78974 50.64545, -115.7896 50.64564, -115.78948 50.64587, -115.78944 50.64611, -115.78947 50.64635, -115.78958 50.64655, -115.78974 50.64674, -115.78989 50.64692, -115.79005 50.6471, -115.79023 50.6473, -115.79046 50.64751, -115.79072 50.64776, -115.79089 50.64807, -115.79082 50.64838, -115.79055 50.6486, -115.79021 50.64874, -115.78989 50.64887, -115.7896 50.64901, -115.78937 50.64918, -115.7892 50.64937, -115.78909 50.64955, -115.78908 50.6497, -115.78915 50.64985, -115.78925 50.65, -115.7894 50.65013, -115.78952 50.65022, -115.78961 50.6503, -115.78968 50.65038, -115.78976 50.65048, -115.78984 50.65059, -115.78996 50.6507, -115.79011 50.65082, -115.79028 50.65094, -115.7905 50.65108, -115.79073 50.65124, -115.79093 50.65141, -115.79112 50.65162, -115.79131 50.65186, -115.79141 50.65217, -115.79136 50.65249, -115.7912 50.65281, -115.79096 50.65316, -115.79071 50.65354, -115.79047 50.65397, -115.79017 50.65442, -115.78985 50.65492, -115.78952 50.65545, -115.78923 50.65601, -115.78894 50.65659, -115.78858 50.65718, -115.78808 50.65773, -115.78739 50.65815, -115.7866 50.65847, -115.78583 50.65874, -115.78515 50.65902, -115.78463 50.65935, -115.78431 50.65973, -115.78426 50.66012, -115.78444 50.6605, -115.78479 50.66089, -115.78521 50.66127, -115.78566 50.66165, -115.78615 50.66203, -115.78664 50.66243, -115.78709 50.66287, -115.78743 50.66335, -115.78763 50.66385, -115.78759 50.66435, -115.78724 50.66474, -115.78666 50.66499, -115.78604 50.66513, -115.78341 50.66529))"
143,2023-07-29 10:30:57,2023072501,2023,142.5,Non-corrected airborne GPS,1690268400000,1690501251000,Out of Control,JA70003000,1424901.1407,6313.0548,293,7336025c-dc12-43d5-b65a-b48299309a1d,3732337.4765625,10217.1079402838,https://wildfiresituation.nrs.gov.bc.ca/incidents?fireYear=2023&incidentNumber=N41962,"POLYGON ((-118.78204 51.88357, -118.78118 51.8836, -118.78024 51.88348, -118.77938 51.88316, -118.77873 51.88267, -118.77823 51.88205, -118.77776 51.88131, -118.77724 51.88048, -118.77665 51.87966, -118.77595 51.87893, -118.77533 51.87823, -118.77486 51.87749, -118.77453 51.87669, -118.7743 51.87584, -118.77417 51.87497, -118.77419 51.87409, -118.77437 51.87322, -118.77464 51.8724, -118.77491 51.8716, -118.77495 51.871486, -118.7752 51.87078, -118.77578 51.87, -118.77669 51.86926, -118.77794 51.86866, -118.77943 51.8682, -118.78102 51.86785, -118.78267 51.86759, -118.784287 51.867387, -118.78434 51.86738, -118.78546 51.86728, -118.78712 51.86715, -118.78821 51.86706, -118.78975 51.86698, -118.7879 51.86577, -118.78923 51.86618, -118.79079 51.86694, -118.79202 51.86778, -118.79267 51.86831, -118.79348 51.8691, -118.79386 51.86991, -118.79354 51.87068, -118.79287 51.87132, -118.79216 51.87182, -118.7912 51.87204, -118.79015 51.87202, -118.78909 51.87188, -118.788893 51.871865, -118.78807 51.8718, -118.78717 51.87186, -118.7864 51.87206, -118.78565 51.87231, -118.78483 51.87254, -118.78397 51.87279, -118.78318 51.87315, -118.78264 51.87361, -118.78234 51.8741, -118.78227 51.87453, -118.7825 51.87485, -118.7829 51.87506, -118.78338 51.87517, -118.78391 51.87527, -118.78444 51.87549, -118.78496 51.87581, -118.78551 51.87616, -118.78609 51.87648, -118.78649 51.87683, -118.78648 51.87724, -118.78612 51.87763, -118.78579 51.87811, -118.78567 51.87864, -118.78578 51.87914, -118.78609 51.87964, -118.78659 51.88013, -118.786603 51.880139, -118.78722 51.88057, -118.78785 51.88091, -118.78821 51.88112, -118.7885 51.88136, -118.78868 51.88164, -118.78865 51.8821, -118.78822 51.88248, -118.78767 51.8827, -118.78733 51.88282, -118.78683 51.8829, -118.78638 51.8828, -118.78602 51.8826, -118.78548 51.88253, -118.78483 51.88255, -118.78426 51.88263, -118.78379 51.88289, -118.78332 51.88316, -118.78276 51.8834, -118.78204 51.88357))"
144,2023-07-29 10:30:57,2023072501,2023,531.1,Non-corrected airborne GPS,1690268400000,1690500977000,Out of Control,JA70003000,5310531.5451,14721.3436,294,1f9dca03-bf8d-416b-adcd-66abf8eae763,13445848.1328125,23424.668349149,https://wildfiresituation.nrs.gov.bc.ca/incidents?fireYear=2023&incidentNumber=N42074,"POLYGON ((-118.389844 51.099607, -118.389503 51.099604, -118.389 51.0996, -118.388663 51.099718, -118.388461 51.099895, -118.387411 51.101186, -118.38693 51.10175, -118.38622 51.102243, -118.385874 51.102741, -118.385782 51.102821, -118.38538 51.1035, -118.38486 51.10438, -118.38439 51.10523, -118.38381 51.10601, -118.38299 51.10653, -118.38206 51.10662, -118.38138 51.10627, -118.38098 51.10562, -118.38078 51.10486, -118.38115 51.10413, -118.38213 51.10363, -118.38343 51.1033, -118.38476 51.10288, -118.38604 51.10237, -118.38646 51.10161, -118.38713 51.10068, -118.38814 51.0999, -118.38857 51.09975, -118.388565 51.099485, -118.38856 51.09922, -118.388385 51.09899, -118.38821 51.09876, -118.38775 51.09843, -118.38718 51.09819, -118.385618 51.09746, -118.38504 51.09719, -118.38452 51.09699, -118.38396 51.09681, -118.38333 51.09668, -118.38281 51.09647, -118.38277 51.09611, -118.3829 51.09601, -118.38312 51.09583, -118.38346 51.09558, -118.38363 51.09527, -118.38376 51.09494, -118.38382 51.09474, -118.38391 51.09445, -118.38395 51.09419, -118.38398 51.09396, -118.38404 51.09376, -118.38418 51.09345, -118.38438 51.09312, -118.38466 51.09274, -118.38507 51.09236, -118.3856 51.09203, -118.38628 51.09179, -118.38708 51.09167, -118.38791 51.09168, -118.38872 51.09175, -118.38958 51.09186, -118.39056 51.09198, -118.39168 51.09214, -118.39282 51.09234, -118.39395 51.09241, -118.39502 51.0923, -118.39593 51.09191, -118.3968 51.09141, -118.39783 51.09098, -118.39903 51.09068, -118.40036 51.09052, -118.40306 51.09046, -118.40574 51.09028, -118.40701 51.09013, -118.40823 51.08986, -118.41065 51.08923, -118.41191 51.08893, -118.41321 51.08868, -118.41453 51.08851, -118.41581 51.08852, -118.41835 51.08879, -118.42234 51.08898, -118.42312 51.08892, -118.42416 51.08864, -118.42516 51.08853, -118.4261 51.08875, -118.42665 51.08907, -118.42707 51.08948, -118.4276 51.09015, -118.42821 51.09074, -118.4289 51.09121, -118.42976 51.09139, -118.43051 51.09126, -118.43104 51.09094, -118.43128 51.09047, -118.43127 51.08993, -118.4313 51.08935, -118.4318 51.08883, -118.43271 51.08854, -118.43383 51.08841, -118.43509 51.08837, -118.43645 51.08843, -118.43779 51.08864, -118.43902 51.08899, -118.44001 51.08943, -118.44084 51.08988, -118.4415 51.09038, -118.44184 51.09082, -118.44183 51.09094, -118.4423 51.09183, -118.44299 51.09247, -118.44329 51.09313, -118.443317 51.093319, -118.44344 51.09419, -118.44359 51.09459, -118.44397 51.09531, -118.44404 51.09568, -118.44398 51.09601, -118.44377 51.0963, -118.44315 51.09678, -118.44285 51.09719, -118.4428 51.09726, -118.44267 51.09752, -118.44268 51.09783, -118.44287 51.09817, -118.44318 51.09853, -118.44349 51.09892, -118.44361 51.09908, -118.44382 51.09935, -118.44402 51.09978, -118.44393 51.10011, -118.44355 51.10024, -118.44305 51.10024, -118.44215 51.10039, -118.44184 51.10039, -118.4413 51.10028, -118.44072 51.10026, -118.4401 51.10029, -118.43905 51.1004, -118.43836 51.10043, -118.43762 51.10039, -118.43696 51.1002, -118.43582 51.09964, -118.43506 51.09948, -118.43425 51.0994, -118.43337 51.09927, -118.43252 51.09906, -118.43159 51.0989, -118.43057 51.09887, -118.42876 51.09896, -118.42807 51.09908, -118.42742 51.09923, -118.42665 51.0994, -118.42576 51.09965, -118.42478 51.0999, -118.42373 51.10011, -118.42269 51.1003, -118.42171 51.10048, -118.42068 51.10063, -118.41962 51.1007, -118.41848 51.10066, -118.41747 51.10031, -118.41595 51.09897, -118.41468 51.09865, -118.41332 51.0989, -118.41229 51.09959, -118.41164 51.10051, -118.41113 51.10144, -118.41121 51.10234, -118.41223 51.10294, -118.41342 51.10358, -118.41388 51.10451, -118.41383 51.10517, -118.41375 51.10583, -118.41389 51.10683, -118.41413 51.1078, -118.41401 51.10864, -118.41351 51.10917, -118.4131 51.10931, -118.41256 51.10925, -118.4122 51.10911, -118.41177 51.10912, -118.41134 51.10926, -118.41096 51.10951, -118.41068 51.10987, -118.41024 51.1101, -118.40971 51.11015, -118.40926 51.11004, -118.40901 51.10983, -118.40878 51.10926, -118.40838 51.10858, -118.40808 51.10819, -118.4078 51.10776, -118.40737 51.10681, -118.4071 51.10632, -118.40666 51.10585, -118.40609 51.10543, -118.40274 51.10364, -118.40197 51.10334, -118.40112 51.10311, -118.40029 51.10282, -118.39947 51.10246, -118.39854 51.10211, -118.3975 51.10184, -118.39641 51.10168, -118.39533 51.10171, -118.394661 51.101754, -118.39426 51.10178, -118.39333 51.10158, -118.39286 51.1013, -118.39209 51.10068, -118.39175 51.1004, -118.39096 51.09985, -118.39028 51.09961, -118.390007 51.099608, -118.389844 51.099607))"
145,2023-07-29 10:30:57,2023072801,2023,68.7,Non-corrected airborne GPS,1690527600000,1690577800000,Out of Control,JA70003000,687211.009,4527.0547,295,f21fbed8-ecc8-4f8a-91f5-381ea50efb53,1733539.078125,7190.33585163304,https://wildfiresituation.nrs.gov.bc.ca/incidents?fireYear=2023&incidentNumber=N42102,"POLYGON ((-116.37221 51.00694, -116.37222 51.006929, -116.37234 51.0068, -116.37264 51.00648, -116.37303 51.00616, -116.37356 51.00598, -116.37414 51.00589, -116.37468 51.00569, -116.37512 51.00542, -116.375409 51.005292, -116.37557 51.00522, -116.376033 51.005116, -116.37606 51.00511, -116.37653 51.00503, -116.37691 51.00499, -116.37703 51.004982, -116.37721 51.00497, -116.37747 51.00488, -116.37754 51.00468, -116.37738 51.0045, -116.37704 51.00433, -116.37659 51.00415, -116.37646 51.00403, -116.37632 51.0039, -116.37639 51.0037, -116.37673 51.00364, -116.37714 51.00364, -116.37749 51.00368, -116.37771 51.00372, -116.37792 51.00376, -116.37818 51.00379, -116.37847 51.00396, -116.37884 51.00421, -116.37919 51.00448, -116.37957 51.00476, -116.37992 51.00503, -116.38004 51.00536, -116.379924 51.005681, -116.37991 51.00572, -116.37981 51.00616, -116.37977 51.00661, -116.37976 51.00706, -116.37964 51.0075, -116.37953 51.00795, -116.37935 51.00837, -116.37895 51.00872, -116.378801 51.008807, -116.37845 51.00901, -116.37803 51.00928, -116.37775 51.00954, -116.37776 51.00975, -116.37802 51.00993, -116.378068 51.009945, -116.3784 51.01005, -116.37873 51.01024, -116.37892 51.01047, -116.37891 51.0107, -116.378898 51.010844, -116.37889 51.01093, -116.37905 51.01116, -116.37929 51.01145, -116.3795 51.01176, -116.37963 51.01209, -116.37978 51.01239, -116.38 51.0127, -116.38018 51.01301, -116.38026 51.01329, -116.38009 51.01353, -116.37974 51.01374, -116.37935 51.01397, -116.37903 51.01427, -116.37876 51.0146, -116.378744 51.01465, -116.37867 51.01488, -116.37851 51.01518, -116.37813 51.01546, -116.37767 51.0155, -116.37748 51.01531, -116.37751 51.0151, -116.3776 51.01495, -116.377608 51.014866, -116.37761 51.01484, -116.37743 51.01474, -116.3771 51.01477, -116.37675 51.01474, -116.37653 51.01468, -116.37635 51.01465, -116.37609 51.01465, -116.3758 51.01459, -116.37546 51.01447, -116.37512 51.01443, -116.37448 51.01478, -116.37378 51.01521, -116.37326 51.01522, -116.37295 51.0149, -116.37284 51.01456, -116.37277 51.01422, -116.372743 51.01399, -116.37273 51.01388, -116.37275 51.01354, -116.37272 51.01326, -116.37252 51.01304, -116.37226 51.01284, -116.37198 51.01267, -116.37169 51.01267, -116.3713 51.01278, -116.37078 51.01291, -116.37017 51.013, -116.36959 51.01308, -116.36908 51.01311, -116.368865 51.013133, -116.36861 51.01316, -116.36819 51.01329, -116.36781 51.01352, -116.36726 51.01368, -116.3667 51.01372, -116.36611 51.01369, -116.36553 51.01364, -116.36516 51.01346, -116.36521 51.01325, -116.36557 51.01315, -116.366 51.01307, -116.36628 51.0129, -116.36618 51.01268, -116.36601 51.01243, -116.36613 51.01215, -116.366252 51.012101, -116.36648 51.01201, -116.36684 51.01194, -116.36719 51.0119, -116.36752 51.01182, -116.3679 51.01173, -116.36828 51.01161, -116.36865 51.01147, -116.368878 51.01129, -116.36889 51.01128, -116.3692 51.01105, -116.36941 51.01084, -116.36924 51.01072, -116.369176 51.010679, -116.36901 51.01057, -116.36907 51.01028, -116.36922 51.00997, -116.36939 51.00959, -116.36968 51.00929, -116.37008 51.00912, -116.37039 51.00896, -116.37059 51.0087, -116.37079 51.00843, -116.37104 51.00817, -116.37133 51.00791, -116.37162 51.00764, -116.37186 51.00735, -116.37209 51.00707, -116.372209 51.006941, -116.37221 51.00694))"
146,2023-07-29 10:30:57,2023072701,2023,207.8,Non-corrected airborne GPS,1690441200000,1690583569000,Out of Control,JA70003000,2077708.7176,6579.1637,296,0a1bd0ca-532d-4d1e-80b0-bf516cc82ef6,5403227.2109375,10610.919348623,https://wildfiresituation.nrs.gov.bc.ca/incidents?fireYear=2023&incidentNumber=N42216,"POLYGON ((-118.177758 51.717653, -118.177418 51.717647, -118.177151 51.717502, -118.176995 51.717271, -118.176875 51.716982, -118.176665 51.71671, -118.176363 51.716595, -118.176078 51.716536, -118.175839 51.716545, -118.175568 51.71657, -118.175281 51.716608, -118.175014 51.716674, -118.174749 51.716735, -118.174496 51.71679, -118.174252 51.716842, -118.174026 51.716916, -118.173812 51.717012, -118.173582 51.717101, -118.173308 51.717177, -118.173063 51.717246, -118.172837 51.717293, -118.172598 51.717331, -118.172352 51.717374, -118.172113 51.717403, -118.171892 51.717411, -118.171695 51.717401, -118.171539 51.717371, -118.171402 51.717295, -118.171265 51.717208, -118.171096 51.717107, -118.170792 51.717047, -118.170516 51.717011, -118.17026 51.717019, -118.17002 51.717067, -118.169781 51.717148, -118.169518 51.717269, -118.169251 51.717407, -118.169016 51.717563, -118.168761 51.717724, -118.168513 51.717922, -118.168268 51.718123, -118.168014 51.718313, -118.16773 51.718466, -118.167398 51.718575, -118.167057 51.718635, -118.166732 51.718645, -118.16649 51.718597, -118.166422 51.718503, -118.166537 51.718383, -118.166769 51.718239, -118.167134 51.71802, -118.167476 51.717765, -118.167734 51.717465, -118.167929 51.717141, -118.168028 51.716781, -118.16811 51.716426, -118.168183 51.716081, -118.168212 51.715773, -118.168184 51.715499, -118.167883 51.715408, -118.167544 51.715371, -118.167154 51.715379, -118.166726 51.715416, -118.166272 51.715471, -118.165855 51.715543, -118.165511 51.715621, -118.165231 51.715695, -118.164994 51.715751, -118.164774 51.715793, -118.164538 51.715769, -118.164288 51.715636, -118.163918 51.71544, -118.163433 51.715199, -118.16288 51.714919, -118.162309 51.714621, -118.161738 51.71432, -118.161211 51.714075, -118.160729 51.713875, -118.16026 51.71371, -118.159843 51.713572, -118.159463 51.713407, -118.159119 51.713214, -118.158775 51.712987, -118.158395 51.712709, -118.157967 51.712401, -118.157482 51.712062, -118.156921 51.711716, -118.156315 51.711377, -118.155686 51.711076, -118.155024 51.710811, -118.154384 51.710603, -118.153824 51.710438, -118.153349 51.710288, -118.151966 51.709808, -118.151335 51.709454, -118.151031 51.709097, -118.151586 51.708668, -118.151814 51.708468, -118.151975 51.708268, -118.152122 51.708083, -118.152292 51.707946, -118.152497 51.707819, -118.152798 51.707687, -118.153127 51.707575, -118.15348 51.707439, -118.153855 51.707278, -118.154208 51.707134, -118.154602 51.706937, -118.154978 51.706782, -118.155368 51.706656, -118.155807 51.706579, -118.156254 51.706555, -118.156742 51.706555, -118.157242 51.706562, -118.157755 51.706574, -118.158256 51.706595, -118.15878 51.706578, -118.159282 51.706487, -118.159748 51.706353, -118.160217 51.706243, -118.160677 51.706203, -118.161121 51.706204, -118.161564 51.706286, -118.161994 51.706344, -118.162436 51.706415, -118.16289 51.706471, -118.16336 51.706506, -118.163822 51.706518, -118.164266 51.706489, -118.164666 51.7064, -118.164981 51.706248, -118.165191 51.706044, -118.165349 51.70584, -118.165584 51.70568, -118.165891 51.70559, -118.166262 51.705548, -118.166682 51.705534, -118.16716 51.705521, -118.167659 51.705512, -118.16818 51.705497, -118.168704 51.70549, -118.169224 51.705527, -118.169728 51.70563, -118.170181 51.705795, -118.170592 51.706013, -118.170997 51.706238, -118.171393 51.70647, -118.171827 51.706648, -118.172224 51.706759, -118.172663 51.70679, -118.1731 51.706734, -118.173557 51.706629, -118.174021 51.706473, -118.174521 51.706367, -118.175058 51.706344, -118.175579 51.706409, -118.176057 51.706553, -118.176534 51.706723, -118.177044 51.706889, -118.177567 51.707052, -118.178091 51.707212, -118.178611 51.707364, -118.17915 51.707528, -118.179702 51.707683, -118.180276 51.707841, -118.180842 51.708018, -118.181392 51.708214, -118.181933 51.708416, -118.182479 51.708641, -118.18299 51.708891, -118.183443 51.709198, -118.183836 51.709556, -118.184212 51.709939, -118.184574 51.710346, -118.184929 51.710759, -118.185294 51.711176, -118.18562 51.711603, -118.185802 51.712037, -118.185791 51.712461, -118.185638 51.712877, -118.185344 51.713307, -118.184991 51.713725, -118.184591 51.714123, -118.184148 51.714463, -118.183664 51.714736, -118.183193 51.714954, -118.182763 51.715141, -118.182378 51.715306, -118.182013 51.715464, -118.181642 51.715624, -118.181259 51.715793, -118.180863 51.715984, -118.180465 51.716186, -118.180073 51.716399, -118.179676 51.71659, -118.179314 51.716752, -118.179014 51.716947, -118.178726 51.71716, -118.178427 51.717367, -118.177758 51.717653))"
147,2023-07-29 10:30:57,2023072701,2023,13.0,Non-corrected airborne GPS,1690441200000,1690501138000,Out of Control,JA70003000,130129.6,1785.6429,297,75c7ffc7-688e-495a-bbe2-4491e94195c4,330988.796875,2847.94676934039,https://wildfiresituation.nrs.gov.bc.ca/incidents?fireYear=2023&incidentNumber=N42228,"POLYGON ((-116.757454 51.202272, -116.757455 51.202274, -116.75746 51.20241, -116.75727 51.20253, -116.75705 51.20259, -116.75678 51.20267, -116.75663 51.20287, -116.75652 51.20309, -116.75633 51.20328, -116.75612 51.20347, -116.75591 51.20369, -116.75582 51.20398, -116.75579 51.2043, -116.75575 51.20461, -116.75556 51.20485, -116.75527 51.205, -116.75496 51.20515, -116.75473 51.20531, -116.7545 51.20545, -116.75434 51.20559, -116.75418 51.2057, -116.75395 51.2058, -116.75363 51.20581, -116.75339 51.2057, -116.75339 51.20551, -116.75348 51.20527, -116.7536 51.20497, -116.75374 51.20467, -116.75381 51.20437, -116.75381 51.20404, -116.75377 51.20371, -116.7536 51.2041, -116.75351 51.20398, -116.75331 51.20371, -116.75308 51.20331, -116.75295 51.20279, -116.75303 51.20222, -116.75344 51.20172, -116.75398 51.20131, -116.75409 51.20097, -116.75387 51.20072, -116.75379 51.20035, -116.75414 51.19995, -116.75488 51.19966, -116.75579 51.19956, -116.7566 51.19978, -116.75683 51.20026, -116.7567 51.20074, -116.75668 51.20116, -116.75695 51.20149, -116.75723 51.20184, -116.75745 51.20216, -116.757454 51.202272))"
148,2023-07-29 10:30:57,2023072401,2023,477.1,Non-corrected airborne GPS,1690182000000,1690303701000,Out of Control,JA70003000,4771409.8927,11103.2909,299,c8cdc6f5-ffc3-45d2-abc8-8fd6ef49127d,11915139.09375,17546.8186672983,https://wildfiresituation.nrs.gov.bc.ca/incidents?fireYear=2023&incidentNumber=N52009,"POLYGON ((-117.46851 50.78634, -117.46691 50.7861, -117.46609 50.7859, -117.46526 50.78565, -117.46449 50.78526, -117.46371 50.7848, -117.46297 50.78426, -117.46227 50.78366, -117.46207 50.78349, -117.46092 50.7825, -117.46014 50.78197, -117.4575 50.78051, -117.45713 50.77987, -117.45574 50.77861, -117.45503 50.77774, -117.45455 50.77704, -117.45414 50.77633, -117.45394 50.77557, -117.45392 50.77479, -117.45397 50.77398, -117.45415 50.77241, -117.4536 50.76846, -117.45456 50.76748, -117.45564 50.76681, -117.45714 50.76617, -117.45831 50.76582, -117.46003 50.76524, -117.46103 50.76483, -117.46227 50.76453, -117.46629 50.76387, -117.46806 50.76362, -117.46902 50.76347, -117.47042 50.76328, -117.4718 50.76312, -117.47317 50.76298, -117.47455 50.7628, -117.47584 50.76252, -117.47705 50.76211, -117.47821 50.7618, -117.47941 50.76159, -117.48058 50.76131, -117.48199 50.76124, -117.48323 50.76157, -117.48416 50.76197, -117.48501 50.76243, -117.48586 50.76283, -117.48663 50.76309, -117.4874 50.76327, -117.48744 50.76328, -117.4882 50.76346, -117.48896 50.76374, -117.48943 50.76408, -117.48982 50.76456, -117.48974 50.76479, -117.48941 50.76496, -117.489 50.76512, -117.48839 50.76523, -117.48787 50.76543, -117.48733 50.76563, -117.48661 50.76599, -117.48616 50.76637, -117.48568 50.76674, -117.48508 50.7671, -117.48443 50.76747, -117.48385 50.7679, -117.48342 50.76837, -117.48312 50.76895, -117.48297 50.76955, -117.48263 50.77015, -117.48266 50.77081, -117.48267 50.77156, -117.48299 50.77231, -117.48374 50.77301, -117.48443 50.77372, -117.48498 50.77451, -117.48539 50.77536, -117.48566 50.77629, -117.48698 50.78023, -117.49206 50.78525, -117.49183 50.78547, -117.49147 50.78558, -117.49103 50.7857, -117.49041 50.78574, -117.48972 50.78568, -117.48903 50.78551, -117.48826 50.78518, -117.48748 50.78475, -117.48654 50.78437, -117.48545 50.78407, -117.48425 50.78379, -117.48312 50.78349, -117.48219 50.78331, -117.48123 50.78316, -117.48045 50.78317, -117.47975 50.78319, -117.47913 50.78319, -117.47851 50.78308, -117.47797 50.78294, -117.4768 50.78254, -117.47613 50.7824, -117.47555 50.78216, -117.47498 50.7818, -117.47449 50.78131, -117.47435 50.78077, -117.47444 50.78025, -117.47466 50.77973, -117.47467 50.7792, -117.47454 50.77876, -117.47403 50.7784, -117.47342 50.77821, -117.47282 50.77817, -117.47232 50.77827, -117.47192 50.77838, -117.47163 50.77852, -117.47146 50.77871, -117.47125 50.77887, -117.47064 50.77901, -117.47054 50.77923, -117.47052 50.77943, -117.47031 50.77957, -117.47001 50.77963, -117.46958 50.77955, -117.46934 50.77953, -117.46907 50.77969, -117.46907 50.78007, -117.46924 50.78052, -117.4694 50.78097, -117.46953 50.78146, -117.46962 50.782, -117.46978 50.78259, -117.47001 50.78321, -117.47044 50.7838, -117.47101 50.7845, -117.47131 50.78491, -117.47137 50.7854, -117.47086 50.78579, -117.4703 50.78597, -117.46934 50.78622, -117.46851 50.78634))"
149,2023-07-29 10:30:57,2023072401,2023,218.0,Non-corrected airborne GPS,1690182000000,1690307175000,Out of Control,JA70003000,2180309.5787,5767.6648,300,1e92d06a-2b61-4c75-8417-390d02e50723,5412371.0859375,9087.6109210182,https://wildfiresituation.nrs.gov.bc.ca/incidents?fireYear=2023&incidentNumber=N52138,"POLYGON ((-117.29237 50.641516, -117.291183 50.641443, -117.29074 50.6414, -117.2897 50.64112, -117.2888 50.64066, -117.28808 50.64005, -117.28746 50.63938, -117.28695 50.63867, -117.28643 50.63799, -117.28584 50.63738, -117.28515 50.6369, -117.28423 50.63656, -117.2832 50.63645, -117.28226 50.63651, -117.28139 50.63664, -117.2806 50.63681, -117.27988 50.63696, -117.27924 50.6371, -117.27867 50.63723, -117.27815 50.63731, -117.27768 50.63737, -117.27728 50.63737, -117.27691 50.63731, -117.2766 50.63722, -117.27635 50.6371, -117.27616 50.63698, -117.27598 50.63685, -117.27586 50.63669, -117.27582 50.63653, -117.2758 50.63639, -117.2758 50.63621, -117.27583 50.63603, -117.27588 50.63582, -117.27594 50.63561, -117.27595 50.63537, -117.27593 50.63513, -117.2759 50.63488, -117.27584 50.63464, -117.27579 50.63441, -117.27577 50.63412, -117.27585 50.63382, -117.27594 50.63358, -117.27609 50.63333, -117.27625 50.63302, -117.27642 50.63268, -117.27659 50.63229, -117.27675 50.63188, -117.27694 50.63144, -117.27716 50.63098, -117.27742 50.63052, -117.27772 50.63003, -117.27815 50.62954, -117.27874 50.62905, -117.27957 50.62864, -117.28053 50.62827, -117.28151 50.62794, -117.28251 50.6276, -117.28342 50.62727, -117.28473 50.62674, -117.28575 50.62642, -117.28657 50.62606, -117.28804 50.6257, -117.28928 50.62569, -117.29114 50.62579, -117.29227 50.62594, -117.29335 50.62611, -117.29434 50.62634, -117.29546 50.6267, -117.29643 50.62709, -117.29728 50.62752, -117.29809 50.628, -117.29875 50.62853, -117.29933 50.62907, -117.29977 50.62964, -117.29998 50.63025, -117.3 50.63084, -117.30001 50.63141, -117.30009 50.63194, -117.30022 50.63245, -117.30033 50.63293, -117.30034 50.63342, -117.30031 50.63393, -117.30018 50.6344, -117.3001 50.63483, -117.30009 50.63525, -117.299744 50.636325, -117.29939 50.6374, -117.29904 50.63813, -117.29863 50.63883, -117.29819 50.63952, -117.29734 50.64045, -117.29649 50.64096, -117.29487 50.64143, -117.29364 50.64153, -117.29237 50.641516))"
150,2023-07-29 10:30:57,2023072401,2023,30.2,Non-corrected airborne GPS,1690182000000,1690304474000,Out of Control,JA70003000,302120.0067,1993.9039,301,ef9ec179-d60b-4bc9-a7a3-daf9b0352554,744584.8125,3129.937643866,https://wildfiresituation.nrs.gov.bc.ca/incidents?fireYear=2023&incidentNumber=N52156,"POLYGON ((-117.599003 50.464711, -117.59823 50.46476, -117.59705 50.46463, -117.59593 50.46443, -117.59496 50.4642, -117.59416 50.46397, -117.59347 50.46371, -117.59288 50.46345, -117.5924 50.46316, -117.59208 50.46292, -117.59193 50.46265, -117.59199 50.46232, -117.59217 50.46194, -117.59243 50.46157, -117.59277 50.46116, -117.59318 50.46075, -117.59363 50.46029, -117.594681 50.459983, -117.59573 50.45985, -117.59663 50.45953, -117.59769 50.45939, -117.59884 50.45952, -117.59988 50.45989, -117.60068 50.46044, -117.6012 50.46112, -117.60144 50.46186, -117.60138 50.46264, -117.60116 50.46333, -117.60077 50.46391, -117.60017 50.46439, -117.599662 50.464571, -117.599003 50.464711))"
151,2023-07-29 10:30:57,2023072401,2023,25.4,Non-corrected ground GPS,1690182000000,1690305312000,Out of Control,JA70003000,254057.6359,1865.188,302,26834a6c-f493-4ce6-8125-e8fb9c028520,629746.21875,2935.99576930854,https://wildfiresituation.nrs.gov.bc.ca/incidents?fireYear=2023&incidentNumber=N52250,"POLYGON ((-117.31442 50.600665, -117.31405 50.60066, -117.3132 50.60058, -117.31227 50.60039, -117.31142 50.59954, -117.31123 50.5989, -117.31138 50.59819, -117.31195 50.59755, -117.3129 50.59708, -117.31402 50.59677, -117.31519 50.59657, -117.31639 50.59645, -117.31753 50.59642, -117.31853 50.59659, -117.31942 50.59696, -117.32015 50.59739, -117.32066 50.59784, -117.32098 50.5983, -117.32108 50.59871, -117.32101 50.59905, -117.32079 50.59929, -117.32045 50.59943, -117.32005 50.59954, -117.31968 50.59968, -117.318938 50.599999, -117.3176 50.60044, -117.31605 50.60062, -117.315165 50.600658, -117.31442 50.600665))"
152,2023-07-29 10:30:57,2023072401,2023,239.2,Non-corrected airborne GPS,1690182000000,1690322682000,Out of Control,JA70003000,2391512.9137,7045.0033,303,8cfad978-9a9e-4024-b85f-52b4b74ac8ab,5933031.6015625,11096.5866187168,https://wildfiresituation.nrs.gov.bc.ca/incidents?fireYear=2023&incidentNumber=N52251,"POLYGON ((-117.26289 50.63002, -117.26115 50.62936, -117.26031 50.62865, -117.2597 50.62783, -117.25914 50.62698, -117.25861 50.62615, -117.2582 50.62538, -117.2579 50.62463, -117.2578 50.62391, -117.25787 50.62324, -117.25795 50.62257, -117.25787 50.62184, -117.25759 50.62107, -117.25722 50.62028, -117.25679 50.6195, -117.2563 50.61874, -117.25571 50.61803, -117.25499 50.6174, -117.25413 50.61687, -117.2532 50.61647, -117.25224 50.61616, -117.25131 50.61593, -117.25039 50.61575, -117.24944 50.61566, -117.24856 50.61566, -117.24774 50.61565, -117.24699 50.61551, -117.24635 50.61522, -117.24588 50.61481, -117.24553 50.61433, -117.24525 50.61383, -117.24505 50.61331, -117.24492 50.61278, -117.2449 50.61225, -117.24502 50.61173, -117.24526 50.61123, -117.24549 50.61076, -117.24576 50.6103, -117.24621 50.60995, -117.24678 50.60969, -117.24745 50.6095, -117.24823 50.60938, -117.24905 50.60932, -117.24993 50.60932, -117.25084 50.60938, -117.25176 50.60948, -117.25263 50.60961, -117.25352 50.60978, -117.25441 50.60996, -117.25527 50.61013, -117.25613 50.61032, -117.25698 50.61053, -117.25781 50.61076, -117.25864 50.61101, -117.25943 50.61129, -117.26021 50.61158, -117.26105 50.61184, -117.26231 50.61215, -117.26313 50.61237, -117.26436 50.6128, -117.26542 50.61331, -117.26613 50.61369, -117.26704 50.61431, -117.2676 50.61473, -117.26815 50.61513, -117.26882 50.61555, -117.26934 50.61597, -117.2697 50.61641, -117.26993 50.61695, -117.27015 50.6175, -117.27044 50.61804, -117.27083 50.61856, -117.27117 50.61909, -117.27143 50.61965, -117.2721 50.62053, -117.27295 50.62086, -117.27401 50.62107, -117.27527 50.6213, -117.276059 50.621884, -117.27654 50.62224, -117.276534 50.622645, -117.27653 50.6229, -117.275857 50.623312, -117.26601 50.629337, -117.26478 50.63009, -117.26289 50.63002))"
153,2023-07-29 10:30:57,2023071401,2023,13.5,Non-corrected airborne GPS,1689318000000,1689610113000,Being Held,JA70003000,135488.3819,1747.1334,306,cd22094d-e90e-46a9-b620-e7ddce8168df,336684.4296875,2754.7447242019,https://wildfiresituation.nrs.gov.bc.ca/incidents?fireYear=2023&incidentNumber=N71690,"POLYGON ((-116.939389 50.659525, -116.93924 50.659142, -116.939064 50.658751, -116.9389 50.658368, -116.938566 50.658065, -116.938116 50.657846, -116.93773 50.657602, -116.937475 50.657334, -116.937319 50.657085, -116.937283 50.656843, -116.937371 50.656564, -116.937402 50.656215, -116.937439 50.655852, -116.937379 50.655476, -116.937306 50.655094, -116.937589 50.654758, -116.938123 50.654583, -116.938701 50.654517, -116.939172 50.65469, -116.939473 50.654985, -116.939664 50.65531, -116.93976 50.65558, -116.939893 50.655842, -116.940121 50.656182, -116.940039 50.656517, -116.94017 50.656837, -116.940461 50.657075, -116.940963 50.657195, -116.941206 50.657396, -116.941382 50.657616, -116.941591 50.657883, -116.941746 50.658152, -116.941919 50.658426, -116.942037 50.658582, -116.942214 50.658806, -116.942301 50.659078, -116.942411 50.659337, -116.942633 50.659588, -116.942892 50.659696, -116.943043 50.659757, -116.943157 50.660041, -116.943055 50.660229, -116.942688 50.660395, -116.942078 50.66058, -116.941211 50.660646, -116.940486 50.660473, -116.939933 50.660231, -116.939575 50.659923, -116.939389 50.659525))"
154,2023-07-29 10:30:57,2023072701,2023,709.8,Non-corrected airborne GPS,1690441200000,1690563873000,Out of Control,JA70003000,7098245.2606,12358.371,307,6e7e2194-dd3b-4d29-b0d5-7be1800859d0,17327704.078125,19304.3702329849,https://wildfiresituation.nrs.gov.bc.ca/incidents?fireYear=2023&incidentNumber=N71835,"POLYGON ((-116.800183 50.238872, -116.79963 50.238093, -116.799258 50.237755, -116.798794 50.237452, -116.798274 50.23718, -116.797749 50.236918, -116.797329 50.236607, -116.797058 50.236243, -116.79693 50.235853, -116.796904 50.235482, -116.796877 50.235183, -116.796893 50.234898, -116.796984 50.234618, -116.797068 50.234329, -116.797165 50.234045, -116.797274 50.233757, -116.797377 50.233458, -116.797443 50.233153, -116.797515 50.232847, -116.797589 50.232539, -116.797634 50.232228, -116.797662 50.231928, -116.797721 50.231628, -116.797758 50.231335, -116.797733 50.231031, -116.797601 50.230722, -116.797444 50.230409, -116.797291 50.230094, -116.797167 50.229773, -116.797091 50.229448, -116.797062 50.229099, -116.797092 50.228733, -116.797258 50.228356, -116.797573 50.22799, -116.798034 50.227696, -116.798611 50.227548, -116.799194 50.227578, -116.799673 50.227752, -116.800025 50.228, -116.800242 50.228327, -116.800448 50.228673, -116.800686 50.229019, -116.800938 50.229381, -116.801238 50.229738, -116.801608 50.230083, -116.802049 50.2304, -116.802579 50.230656, -116.803154 50.230859, -116.803745 50.231027, -116.804306 50.231194, -116.804858 50.2314, -116.805436 50.2316, -116.806088 50.231767, -116.806809 50.231879, -116.807565 50.231929, -116.808363 50.231897, -116.809155 50.231753, -116.809914 50.23149, -116.810579 50.231105, -116.811122 50.230609, -116.811512 50.230026, -116.81168 50.229383, -116.811626 50.228836, -116.811614 50.228715, -116.81146 50.228047, -116.811319 50.227383, -116.811202 50.226737, -116.811076 50.226108, -116.810959 50.225498, -116.810863 50.224896, -116.81083 50.224319, -116.810899 50.223774, -116.811114 50.223257, -116.811519 50.222803, -116.812067 50.222431, -116.812158 50.222388, -116.812681 50.222142, -116.813328 50.221969, -116.813967 50.22194, -116.814585 50.222043, -116.815149 50.222272, -116.815631 50.222591, -116.816012 50.222973, -116.816482 50.22332, -116.817143 50.223574, -116.817936 50.223746, -116.818761 50.223784, -116.819537 50.223851, -116.820227 50.223985, -116.820839 50.224172, -116.821396 50.224399, -116.822001 50.22463, -116.822678 50.224842, -116.823392 50.225029, -116.824131 50.225195, -116.824926 50.22533, -116.825793 50.225423, -116.826722 50.225475, -116.827698 50.225491, -116.828709 50.225468, -116.829733 50.225393, -116.830723 50.225295, -116.831621 50.225191, -116.832407 50.225103, -116.833115 50.225054, -116.833752 50.225037, -116.834328 50.225073, -116.83485 50.225086, -116.835281 50.225066, -116.835592 50.225052, -116.835804 50.225052, -116.835965 50.225039, -116.836109 50.225022, -116.836267 50.225011, -116.836418 50.225012, -116.836563 50.225022, -116.836726 50.225027, -116.836881 50.225037, -116.83703 50.225055, -116.837181 50.225072, -116.837337 50.225106, -116.837513 50.225158, -116.837704 50.225241, -116.837958 50.225309, -116.838279 50.225319, -116.838637 50.225216, -116.839011 50.225034, -116.839423 50.224884, -116.839882 50.224839, -116.840345 50.224922, -116.840798 50.225076, -116.841247 50.225252, -116.841725 50.225437, -116.842238 50.225622, -116.842363 50.225663, -116.842689 50.225687, -116.843025 50.225876, -116.84335 50.225977, -116.843919 50.226118, -116.844501 50.226232, -116.84511 50.226304, -116.845744 50.226333, -116.846396 50.226337, -116.847057 50.226345, -116.847728 50.226382, -116.848406 50.226451, -116.849066 50.226551, -116.84974 50.226669, -116.850425 50.22681, -116.851086 50.226986, -116.851699 50.227215, -116.852254 50.227484, -116.852769 50.227778, -116.853243 50.228106, -116.8537 50.228467, -116.854113 50.228864, -116.854562 50.229288, -116.854614 50.229748, -116.85455 50.23018, -116.85431 50.230529, -116.854082 50.230812, -116.853951 50.231071, -116.853918 50.231314, -116.853934 50.231542, -116.85408 50.231753, -116.854295 50.231944, -116.854479 50.232135, -116.854638 50.232326, -116.854805 50.232507, -116.85493 50.232706, -116.855009 50.232933, -116.855087 50.233191, -116.855146 50.233469, -116.855136 50.233795, -116.855072 50.234166, -116.854948 50.234549, -116.854694 50.234916, -116.854282 50.235263, -116.853784 50.235597, -116.853329 50.235857, -116.853232 50.235912, -116.852668 50.236226, -116.852048 50.236526, -116.85133 50.236777, -116.850558 50.236996, -116.849769 50.237211, -116.848968 50.237419, -116.848156 50.23761, -116.847347 50.237795, -116.846566 50.237993, -116.845824 50.238223, -116.845119 50.238475, -116.844431 50.238759, -116.843755 50.239084, -116.843182 50.239398, -116.843096 50.239445, -116.842505 50.239848, -116.842017 50.240308, -116.841545 50.240771, -116.840937 50.241156, -116.840178 50.241424, -116.839304 50.24157, -116.838387 50.241703, -116.837499 50.241927, -116.836647 50.242231, -116.835763 50.242533, -116.834805 50.242801, -116.833776 50.243033, -116.832705 50.243234, -116.831622 50.2434, -116.83051 50.243523, -116.82938 50.243621, -116.828245 50.243721, -116.827098 50.243819, -116.825931 50.243912, -116.82475 50.243993, -116.823567 50.244071, -116.822375 50.244154, -116.821176 50.244229, -116.819972 50.244287, -116.818762 50.244327, -116.817554 50.244364, -116.816367 50.244429, -116.815229 50.244576, -116.814191 50.244816, -116.813274 50.245116, -116.812478 50.245433, -116.811758 50.245756, -116.810992 50.245995, -116.810187 50.246093, -116.809378 50.246008, -116.808612 50.245718, -116.808 50.245252, -116.807496 50.244754, -116.806961 50.244359, -116.806312 50.244143, -116.805638 50.24414, -116.805055 50.24427, -116.804549 50.244387, -116.804013 50.244391, -116.803478 50.244196, -116.803093 50.243796, -116.802968 50.24329, -116.80305 50.242799, -116.803196 50.242377, -116.803248 50.242015, -116.803109 50.241725, -116.80279 50.241526, -116.801913 50.241402, -116.801295 50.241414, -116.800207 50.240485, -116.800183 50.238872))"
155,2023-07-29 10:30:57,2023072601,2023,881.4,Non-corrected airborne GPS,1690354800000,1690419161000,Out of Control,JA70003000,8814449.0031,23967.2046,309,a8700a56-dabd-4125-829e-a1325ad39b6d,21571241.7265625,37497.3945493961,https://wildfiresituation.nrs.gov.bc.ca/incidents?fireYear=2023&incidentNumber=N22240,"POLYGON ((-115.6034 50.32529, -115.60196 50.32479, -115.60132 50.32444, -115.60059 50.32396, -115.60025 50.32373, -115.5998 50.32356, -115.59942 50.32356, -115.59919 50.3237, -115.59908 50.32396, -115.59906 50.32429, -115.59898 50.32467, -115.59875 50.32501, -115.59838 50.32523, -115.59796 50.32533, -115.59751 50.32535, -115.59711 50.32528, -115.59676 50.32513, -115.59644 50.32493, -115.59584 50.32449, -115.59563 50.32423, -115.59562 50.32392, -115.59579 50.3236, -115.59607 50.32321, -115.59636 50.32274, -115.5966 50.32218, -115.59661 50.32154, -115.59633 50.32092, -115.59588 50.32039, -115.59529 50.32, -115.59464 50.31973, -115.59398 50.31964, -115.59339 50.31967, -115.59258 50.31991, -115.59245 50.31995, -115.59198 50.32005, -115.5915 50.32007, -115.59062 50.31995, -115.59015 50.31991, -115.58965 50.31986, -115.58914 50.31981, -115.58866 50.31968, -115.58831 50.31945, -115.58812 50.31914, -115.588 50.31876, -115.58795 50.31832, -115.58792 50.31787, -115.587904 50.317493, -115.5879 50.3174, -115.58787 50.31692, -115.58789 50.31648, -115.58796 50.3161, -115.58806 50.31577, -115.58808 50.3157, -115.58822 50.31525, -115.58832 50.315, -115.58849 50.31478, -115.58879 50.31461, -115.58918 50.31448, -115.58939 50.31442, -115.59021 50.31416, -115.59068 50.31388, -115.59104 50.31347, -115.59134 50.313, -115.59167 50.31252, -115.59206 50.31204, -115.59254 50.31159, -115.59308 50.31125, -115.59338 50.31093, -115.59335 50.31059, -115.59256 50.30973, -115.59216 50.30914, -115.59176 50.30864, -115.59168 50.30855, -115.59142 50.30822, -115.59121 50.30788, -115.59103 50.30753, -115.59093 50.30716, -115.59087 50.30678, -115.590861 50.306428, -115.59086 50.30639, -115.59089 50.30601, -115.59096 50.30562, -115.59104 50.30522, -115.59126 50.30482, -115.59159 50.3044, -115.59201 50.30396, -115.59188 50.30386, -115.59239 50.30322, -115.59289 50.30261, -115.59338 50.30202, -115.59388 50.30148, -115.59445 50.301, -115.5951 50.30062, -115.59576 50.30037, -115.59635 50.3002, -115.5969 50.30005, -115.59999 50.29936, -115.60096 50.29859, -115.60119 50.2983, -115.60135 50.29795, -115.60157 50.29763, -115.60201 50.29739, -115.60259 50.2973, -115.60316 50.29724, -115.60423 50.2972, -115.60529 50.29711, -115.605786 50.297013, -115.60585 50.297, -115.60641 50.29685, -115.60697 50.29665, -115.60753 50.29641, -115.607714 50.296283, -115.60798 50.2961, -115.608099 50.295937, -115.60771 50.29548, -115.60726 50.29526, -115.60703 50.29493, -115.606547 50.294423, -115.6053 50.294144, -115.60331 50.29375, -115.60297 50.29369, -115.6023 50.29356, -115.60168 50.29343, -115.60108 50.29327, -115.6005 50.2931, -115.6 50.29292, -115.59966 50.29271, -115.59955 50.29248, -115.59966 50.29229, -115.59998 50.29216, -115.60108 50.29183, -115.60169 50.29158, -115.6022 50.29123, -115.60241 50.29078, -115.60242 50.29031, -115.60237 50.28976, -115.60236 50.28914, -115.60251 50.28844, -115.60283 50.28777, -115.60332 50.28722, -115.60394 50.28687, -115.60454 50.28667, -115.60509 50.28653, -115.6062 50.2862, -115.60623 50.28619, -115.60654 50.2861, -115.6071 50.28587, -115.60736 50.2857, -115.60754 50.28548, -115.60757 50.28521, -115.60744 50.28495, -115.60717 50.28471, -115.60684 50.28449, -115.60648 50.2843, -115.60606 50.28414, -115.6056 50.28401, -115.60517 50.28386, -115.60478 50.2837, -115.60442 50.28349, -115.60409 50.28324, -115.60377 50.28296, -115.6035 50.28265, -115.60323 50.28231, -115.60295 50.28194, -115.6023 50.2812, -115.60196 50.28089, -115.60136 50.28046, -115.60111 50.28029, -115.60085 50.28011, -115.60059 50.2799, -115.60039 50.27966, -115.60028 50.27939, -115.60036 50.27916, -115.6006 50.27874, -115.6006 50.27842, -115.60066 50.27825, -115.60084 50.27809, -115.60109 50.27799, -115.60133 50.27797, -115.60166 50.27797, -115.6018 50.27794, -115.60209 50.27775, -115.60252 50.27754, -115.60382 50.27706, -115.60441 50.27681, -115.60682 50.27568, -115.60749 50.27524, -115.60777 50.27511, -115.60801 50.27509, -115.60806 50.27509, -115.6088 50.27504, -115.60912 50.27497, -115.60947 50.2749, -115.60978 50.2748, -115.60997 50.2747, -115.61011 50.27456, -115.61025 50.27439, -115.6103 50.27432, -115.61041 50.27419, -115.61057 50.27395, -115.61073 50.27369, -115.61093 50.27341, -115.61115 50.27309, -115.61139 50.27274, -115.6116 50.27236, -115.6121 50.27132, -115.61217 50.27119, -115.61223 50.27106, -115.61237 50.27081, -115.6128 50.26987, -115.61287 50.26973, -115.61304 50.26952, -115.61323 50.26933, -115.61348 50.26917, -115.61378 50.26903, -115.61416 50.26894, -115.61457 50.2689, -115.61494 50.26889, -115.61526 50.2688, -115.61546 50.26861, -115.6155 50.2684, -115.61548 50.2682, -115.61546 50.26803, -115.61554 50.26788, -115.61576 50.26774, -115.61614 50.26757, -115.61621 50.26754, -115.61864 50.26645, -115.61917 50.2662, -115.62006 50.26581, -115.62093 50.26548, -115.62175 50.26518, -115.62324 50.26458, -115.6238 50.26424, -115.62435 50.26394, -115.62493 50.26379, -115.62541 50.26381, -115.62574 50.26392, -115.62596 50.2641, -115.62614 50.26433, -115.62629 50.26458, -115.6266 50.265, -115.62691 50.26534, -115.62703 50.26551, -115.62721 50.26581, -115.62725 50.26587, -115.62744 50.26606, -115.62789 50.26631, -115.62808 50.2664, -115.62842 50.2666, -115.62873 50.26684, -115.62901 50.26708, -115.62921 50.26727, -115.62935 50.26741, -115.62937 50.26742, -115.62942 50.26747, -115.62946 50.2675, -115.62951 50.26754, -115.62954 50.26758, -115.62952 50.26763, -115.62948 50.26771, -115.62944 50.26782, -115.62938 50.26794, -115.62926 50.2682, -115.62927 50.26833, -115.62939 50.26841, -115.62956 50.26844, -115.62971 50.26849, -115.62983 50.26854, -115.63003 50.26869, -115.63021 50.26875, -115.63038 50.26883, -115.63054 50.26892, -115.63065 50.26902, -115.63072 50.26909, -115.63076 50.26915, -115.63092 50.26931, -115.6311 50.26944, -115.63113 50.2695, -115.63123 50.26959, -115.63129 50.26966, -115.63139 50.26971, -115.63154 50.26973, -115.63179 50.26967, -115.63199 50.26967, -115.6322 50.26968, -115.63233 50.26969, -115.63247 50.26972, -115.63269 50.26974, -115.63289 50.26977, -115.63306 50.26981, -115.63324 50.26985, -115.63347 50.26987, -115.63371 50.2699, -115.63394 50.26996, -115.63415 50.27003, -115.63434 50.27012, -115.63452 50.27025, -115.63468 50.27042, -115.63552 50.27158, -115.63596 50.27203, -115.63642 50.2725, -115.63685 50.27297, -115.63724 50.27344, -115.63755 50.27391, -115.63779 50.27432, -115.6379 50.27465, -115.63788 50.27496, -115.63784 50.27524, -115.63786 50.27551, -115.63811 50.27601, -115.63819 50.27624, -115.63813 50.27642, -115.63792 50.27654, -115.63763 50.27661, -115.63733 50.27664, -115.63702 50.27666, -115.6367 50.27667, -115.63639 50.27666, -115.63609 50.27666, -115.6358 50.27669, -115.63553 50.27677, -115.63518 50.27699, -115.635 50.27705, -115.63484 50.27709, -115.63469 50.27717, -115.63467 50.27727, -115.63483 50.27736, -115.63518 50.27744, -115.63565 50.27755, -115.63617 50.27771, -115.63649 50.27782, -115.63732 50.27809, -115.63764 50.27819, -115.63802 50.27832, -115.6382 50.2785, -115.63814 50.27868, -115.63797 50.27881, -115.63779 50.27894, -115.63776 50.27896, -115.63761 50.27917, -115.63747 50.27945, -115.63726 50.27976, -115.63689 50.27997, -115.63621 50.28017, -115.63599 50.28032, -115.6359 50.28051, -115.63591 50.28072, -115.63614 50.28089, -115.63695 50.28115, -115.6375 50.28127, -115.63812 50.28141, -115.63854 50.28162, -115.63854 50.28184, -115.6383 50.28201, -115.63727 50.28251, -115.63692 50.28268, -115.63656 50.28281, -115.63643 50.28285, -115.63581 50.28306, -115.63569 50.28311, -115.6356 50.28313, -115.63468 50.28345, -115.63465 50.28346, -115.63437 50.28351, -115.63412 50.2835, -115.63394 50.28341, -115.63368 50.28312, -115.63324 50.28275, -115.63298 50.2826, -115.63275 50.28257, -115.63261 50.2826, -115.63255 50.28266, -115.63253 50.28271, -115.63252 50.28275, -115.63248 50.28285, -115.63227 50.2831, -115.63226 50.28311, -115.63216 50.28323, -115.63204 50.28333, -115.6319 50.28343, -115.63176 50.28351, -115.63156 50.28359, -115.63132 50.28368, -115.63102 50.28378, -115.63063 50.2839, -115.63022 50.28396, -115.62985 50.28396, -115.62915 50.28386, -115.62791 50.28377, -115.62763 50.28379, -115.62736 50.28388, -115.6272 50.28404, -115.62717 50.2843, -115.6273 50.28466, -115.62753 50.28512, -115.62776 50.28562, -115.62797 50.28609, -115.62811 50.2865, -115.62813 50.28685, -115.62812 50.28714, -115.6281 50.28729, -115.62809 50.28734, -115.62809 50.28736, -115.62808 50.28756, -115.62807 50.28771, -115.62799 50.28783, -115.62781 50.2879, -115.62757 50.28794, -115.62726 50.28793, -115.62685 50.28785, -115.62635 50.28773, -115.62583 50.28756, -115.62534 50.28734, -115.62484 50.28711, -115.62433 50.28688, -115.62384 50.28665, -115.62342 50.28642, -115.62305 50.2862, -115.62275 50.28603, -115.62252 50.28588, -115.62225 50.28582, -115.62196 50.28582, -115.62166 50.28577, -115.62131 50.28566, -115.62101 50.28547, -115.62096 50.28521, -115.62111 50.28497, -115.6212 50.28474, -115.62107 50.28451, -115.62079 50.28434, -115.62043 50.28423, -115.61914 50.28401, -115.61869 50.28388, -115.61829 50.28368, -115.61754 50.28323, -115.617 50.2831, -115.61639 50.28306, -115.6157 50.28308, -115.61494 50.28316, -115.61407 50.28335, -115.6131 50.28368, -115.61219 50.28413, -115.61144 50.28464, -115.61088 50.28516, -115.61046 50.28562, -115.61014 50.28603, -115.60985 50.28635, -115.60958 50.28661, -115.60938 50.28682, -115.60929 50.28695, -115.60929 50.28705, -115.6094 50.28711, -115.60956 50.28721, -115.60977 50.28736, -115.60996 50.28756, -115.61012 50.28781, -115.6103 50.28815, -115.61051 50.28857, -115.61077 50.28903, -115.61103 50.28948, -115.61127 50.28992, -115.61149 50.29034, -115.61167 50.29074, -115.61184 50.29112, -115.61195 50.29146, -115.61201 50.29178, -115.61207 50.29209, -115.61216 50.29238, -115.61227 50.29265, -115.61237 50.2929, -115.61242 50.2931, -115.61239 50.29327, -115.61228 50.29342, -115.61213 50.29356, -115.61199 50.29368, -115.61187 50.29379, -115.61174 50.29387, -115.61162 50.29394, -115.61147 50.29404, -115.61128 50.29415, -115.61103 50.29425, -115.61076 50.29431, -115.61048 50.29433, -115.60995 50.29427, -115.60939 50.29427, -115.60915 50.29426, -115.60879 50.29424, -115.60823 50.29426, -115.60775 50.29429, -115.60746 50.29429, -115.60747 50.29467, -115.60802 50.29496, -115.60825 50.29533, -115.6087 50.29577, -115.609 50.29598, -115.60916 50.2962, -115.60921 50.29643, -115.6092 50.29666, -115.609197 50.296725, -115.60919 50.29686, -115.60913 50.29702, -115.60906 50.29716, -115.60901 50.29729, -115.60895 50.2974, -115.60891 50.29749, -115.60884 50.29763, -115.6088 50.29767, -115.60874 50.29769, -115.60868 50.29767, -115.60863 50.29763, -115.60862 50.29762, -115.60855 50.29758, -115.60847 50.2976, -115.60835 50.29764, -115.60813 50.29769, -115.6079 50.29773, -115.60727 50.29788, -115.60707 50.29793, -115.60675 50.298, -115.60645 50.2981, -115.60511 50.29869, -115.6049 50.29882, -115.60468 50.29894, -115.60448 50.29906, -115.604342 50.299169, -115.60429 50.29921, -115.60409 50.29936, -115.60386 50.29951, -115.60338 50.29983, -115.60312 50.3, -115.60287 50.30017, -115.60261 50.30033, -115.60211 50.30072, -115.60078 50.30218, -115.6007 50.30227, -115.60047 50.30249, -115.60023 50.30268, -115.60007 50.30283, -115.59994 50.30294, -115.59991 50.30309, -115.60014 50.30327, -115.60068 50.30341, -115.60139 50.30351, -115.60229 50.30342, -115.60314 50.30322, -115.60392 50.30299, -115.60465 50.30278, -115.60531 50.3026, -115.60596 50.30246, -115.60654 50.30236, -115.60705 50.30226, -115.60798 50.302, -115.60895 50.30152, -115.60957 50.30124, -115.61022 50.30102, -115.61086 50.3009, -115.61139 50.30089, -115.61175 50.30097, -115.61201 50.30109, -115.61221 50.30122, -115.61238 50.30136, -115.61274 50.30173, -115.61277 50.30183, -115.61276 50.30199, -115.6127 50.30218, -115.61258 50.3024, -115.61252 50.30249, -115.61244 50.30262, -115.612389 50.302733, -115.61234 50.30284, -115.61228 50.30306, -115.61215 50.30483, -115.61226 50.30501, -115.61288 50.30548, -115.61372 50.30598, -115.61415 50.30625, -115.61456 50.30653, -115.61492 50.30682, -115.61526 50.30713, -115.61562 50.30746, -115.61604 50.30785, -115.61645 50.30825, -115.61667 50.30865, -115.61671 50.309, -115.61662 50.3093, -115.61634 50.30986, -115.61623 50.31017, -115.61617 50.31048, -115.6161 50.31079, -115.61603 50.31132, -115.61592 50.31155, -115.61572 50.31179, -115.61547 50.31201, -115.61523 50.31227, -115.61506 50.31255, -115.61495 50.31308, -115.61493 50.31347, -115.61493 50.31357, -115.61491 50.31377, -115.61488 50.31397, -115.61481 50.31417, -115.61473 50.31434, -115.61471 50.31438, -115.61457 50.3146, -115.61437 50.31482, -115.61394 50.31519, -115.61371 50.31534, -115.61343 50.31557, -115.61329 50.3157, -115.61305 50.31589, -115.61277 50.31607, -115.61249 50.31622, -115.61191 50.31656, -115.61167 50.31676, -115.61149 50.31702, -115.61135 50.3173, -115.61126 50.31759, -115.61122 50.31787, -115.61125 50.31814, -115.61136 50.3184, -115.61153 50.31863, -115.61161 50.31876, -115.61168 50.31887, -115.6118 50.31913, -115.61203 50.31986, -115.61207 50.31998, -115.61221 50.32027, -115.61234 50.32058, -115.61248 50.3209, -115.61258 50.32124, -115.61263 50.32159, -115.61262 50.32196, -115.61255 50.32233, -115.61243 50.3227, -115.61229 50.32308, -115.61207 50.32386, -115.61202 50.32423, -115.61202 50.32427, -115.61198 50.32466, -115.61186 50.32504, -115.61161 50.32535, -115.61122 50.32552, -115.61074 50.32549, -115.61027 50.32535, -115.60977 50.32513, -115.60925 50.32488, -115.60868 50.32469, -115.60806 50.32461, -115.60745 50.32465, -115.60685 50.32482, -115.60594 50.32513, -115.60562 50.32524, -115.60492 50.3254, -115.60416 50.32541, -115.6034 50.32529))"
156,2023-07-29 10:30:57,2023072701,2023,1019.8,Non-corrected airborne GPS,1690441200000,1690490140000,Fire of Note,JA70003000,10198113.7055,18473.5764,310,5a792009-5ac5-43d4-9f5f-552c0d32182c,25214137.2109375,29046.1957256489,https://wildfiresituation.nrs.gov.bc.ca/incidents?fireYear=2023&incidentNumber=N22243,"POLYGON ((-116.23063 50.55532, -116.2297 50.55519, -116.22927 50.55509, -116.22883 50.55501, -116.22837 50.5549, -116.22802 50.55466, -116.22791 50.554533, -116.22776 50.55436, -116.22748 50.55407, -116.22717 50.55381, -116.22684 50.55357, -116.22647 50.55343, -116.22614 50.5536, -116.22603 50.55404, -116.22568 50.5545, -116.225654 50.554511, -116.22499 50.55479, -116.22414 50.55491, -116.22328 50.55476, -116.22261 50.55432, -116.222524 50.554204, -116.22221 50.55378, -116.22199 50.55323, -116.22174 50.55274, -116.2212 50.55243, -116.22044 50.55259, -116.21974 50.5531, -116.21886 50.55327, -116.21806 50.55308, -116.21728 50.55297, -116.21643 50.55288, -116.21563 50.5526, -116.21486 50.55218, -116.21425 50.55182, -116.21392 50.55163, -116.21379 50.55153, -116.21371 50.55136, -116.21348 50.55106, -116.21301 50.55068, -116.21227 50.55058, -116.21166 50.55105, -116.21139 50.55186, -116.21087 50.55253, -116.20994 50.55274, -116.209568 50.552676, -116.20901 50.55258, -116.208854 50.552424, -116.2085 50.55207, -116.20889 50.55158, -116.20983 50.55144, -116.21067 50.55128, -116.21094 50.55096, -116.21043 50.55068, -116.20969 50.5505, -116.20925 50.55017, -116.20959 50.54978, -116.21007 50.54943, -116.21014 50.54912, -116.20963 50.54911, -116.20889 50.54912, -116.20826 50.54892, -116.2079 50.54854, -116.2078 50.54807, -116.20785 50.54763, -116.20793 50.54721, -116.20817 50.54685, -116.20856 50.5466, -116.20877 50.54637, -116.20853 50.54621, -116.20793 50.54627, -116.20719 50.54648, -116.20636 50.54667, -116.20544 50.54684, -116.205106 50.546902, -116.20197 50.54789, -116.20145 50.54779, -116.20103 50.54743, -116.20055 50.54697, -116.200496 50.546884, -116.20023 50.54646, -116.20061 50.54614, -116.20124 50.54636, -116.20193 50.54681, -116.202525 50.547064, -116.203 50.547013, -116.203438 50.54695, -116.203837 50.546809, -116.204577 50.546459, -116.20473 50.54613, -116.20456 50.54554, -116.20393 50.54504, -116.20334 50.54443, -116.20286 50.54375, -116.2023 50.54306, -116.20177 50.54233, -116.20137 50.54156, -116.20149 50.54084, -116.20206 50.54036, -116.20257 50.53997, -116.20229 50.53939, -116.20218 50.53899, -116.20264 50.5387, -116.20321 50.53843, -116.203535 50.538322, -116.20387 50.53821, -116.20442 50.53803, -116.20481 50.53778, -116.20522 50.53765, -116.20576 50.53766, -116.20633 50.53779, -116.20698 50.53795, -116.2076 50.53818, -116.20823 50.53843, -116.20889 50.53855, -116.2096 50.53856, -116.21028 50.53848, -116.21077 50.53831, -116.21117 50.53802, -116.21155 50.53771, -116.211724 50.537607, -116.21204 50.53742, -116.21268 50.53733, -116.21332 50.53737, -116.21392 50.53731, -116.21442 50.53717, -116.21498 50.53711, -116.21555 50.53714, -116.21615 50.53718, -116.21665 50.53713, -116.21674 50.53694, -116.21638 50.53667, -116.21595 50.53634, -116.21586 50.53597, -116.21603 50.53565, -116.21598 50.5353, -116.21566 50.53489, -116.21528 50.53447, -116.21496 50.53408, -116.21463 50.53377, -116.21423 50.53348, -116.21408 50.53312, -116.21413 50.53274, -116.21418 50.53235, -116.21411 50.53199, -116.213799 50.531769, -116.21373 50.53172, -116.21324 50.53145, -116.21318 50.53115, -116.21372 50.53101, -116.21431 50.5308, -116.2148 50.53049, -116.21519 50.53015, -116.2155 50.52979, -116.21577 50.52951, -116.21621 50.52943, -116.21673 50.52961, -116.217277 50.529677, -116.21738 50.52969, -116.21805 50.52962, -116.21869 50.52947, -116.21928 50.5293, -116.21991 50.52921, -116.22052 50.52905, -116.220816 50.528956, -116.22112 50.52886, -116.22172 50.52872, -116.22234 50.52862, -116.2229 50.52854, -116.22344 50.52843, -116.22396 50.52836, -116.22447 50.52839, -116.22498 50.52843, -116.22549 50.52841, -116.225989 50.52841, -116.22605 50.52841, -116.22657 50.52844, -116.22708 50.52843, -116.22761 50.52838, -116.22805 50.52827, -116.22831 50.52802, -116.22849 50.52769, -116.22868 50.52742, -116.22903 50.52727, -116.22944 50.52713, -116.22972 50.52689, -116.22987 50.52657, -116.230032 50.526275, -116.23004 50.52626, -116.23043 50.52612, -116.23086 50.52607, -116.23127 50.52596, -116.23173 50.52589, -116.2323 50.5259, -116.23293 50.52606, -116.23353 50.52617, -116.23399 50.52607, -116.23425 50.52576, -116.23452 50.52534, -116.23461 50.52487, -116.23454 50.5244, -116.23457 50.52398, -116.23486 50.52371, -116.23535 50.52376, -116.23589 50.52399, -116.23642 50.52433, -116.23696 50.52458, -116.23763 50.52455, -116.23839 50.52449, -116.23909 50.52459, -116.23969 50.52477, -116.24026 50.52491, -116.24094 50.52491, -116.24174 50.52488, -116.24263 50.52482, -116.24352 50.52467, -116.24434 50.52448, -116.2448 50.52413, -116.24484 50.52381, -116.24462 50.52358, -116.24426 50.52337, -116.24408 50.52305, -116.24421 50.52266, -116.24422 50.52233, -116.24397 50.52207, -116.24356 50.52185, -116.24309 50.52165, -116.24279 50.52141, -116.24314 50.52129, -116.24367 50.52135, -116.24423 50.52146, -116.24459 50.52178, -116.24489 50.52215, -116.24544 50.52236, -116.24615 50.52229, -116.24682 50.52197, -116.24717 50.52152, -116.24741 50.52108, -116.24796 50.52091, -116.24859 50.52094, -116.24926 50.52097, -116.24991 50.52089, -116.25053 50.52078, -116.25112 50.52071, -116.25168 50.52072, -116.25221 50.52072, -116.25259 50.52059, -116.25275 50.52034, -116.25259 50.52005, -116.25243 50.51977, -116.25245 50.51948, -116.2526 50.51919, -116.25286 50.51891, -116.25313 50.51863, -116.25356 50.51854, -116.25406 50.51863, -116.2546 50.51881, -116.25509 50.5191, -116.25542 50.51943, -116.25573 50.51972, -116.25609 50.51985, -116.25656 50.51986, -116.25707 50.5198, -116.25755 50.51976, -116.25804 50.51971, -116.25854 50.51968, -116.25903 50.51966, -116.25956 50.51965, -116.26012 50.51968, -116.26066 50.51983, -116.26106 50.52011, -116.26143 50.5204, -116.26203 50.52059, -116.26292 50.52064, -116.26348 50.52094, -116.26352 50.52137, -116.26347 50.5218, -116.26355 50.52225, -116.26368 50.52273, -116.2638 50.52325, -116.26369 50.5238, -116.26342 50.52433, -116.26321 50.52488, -116.26304 50.52545, -116.2629 50.52603, -116.26274 50.52662, -116.26246 50.52723, -116.26215 50.52785, -116.26218 50.52844, -116.26263 50.52899, -116.26306 50.52954, -116.26314 50.53011, -116.26294 50.53064, -116.26256 50.53112, -116.2622 50.53162, -116.26183 50.53214, -116.261508 50.53255, -116.26143 50.53265, -116.261 50.53316, -116.26047 50.53364, -116.25988 50.53409, -116.25925 50.53448, -116.2587 50.53487, -116.2584 50.53534, -116.2582 50.53589, -116.25783 50.53638, -116.2572 50.53677, -116.25632 50.53708, -116.25529 50.53717, -116.25434 50.53695, -116.25355 50.53671, -116.25289 50.53645, -116.25238 50.53621, -116.25189 50.53603, -116.25132 50.53597, -116.250699 50.53597, -116.25066 50.53597, -116.24995 50.53604, -116.24952 50.53635, -116.24977 50.53687, -116.249985 50.536986, -116.25057 50.5373, -116.25103 50.53781, -116.25085 50.53828, -116.25056 50.53878, -116.25022 50.5393, -116.24963 50.53962, -116.24889 50.53971, -116.248422 50.539776, -116.24818 50.53981, -116.24789 50.54011, -116.24827 50.54054, -116.248468 50.540642, -116.24901 50.54092, -116.24959 50.54137, -116.25006 50.54181, -116.25065 50.54204, -116.25131 50.54212, -116.25201 50.54221, -116.25275 50.54241, -116.25356 50.54271, -116.253609 50.542749, -116.25414 50.54317, -116.254 50.54361, -116.25331 50.54382, -116.25245 50.54396, -116.2516 50.5442, -116.25083 50.54455, -116.25009 50.5449, -116.24938 50.5452, -116.24876 50.54548, -116.24824 50.5458, -116.24795 50.54626, -116.24785 50.54681, -116.24774 50.54738, -116.24747 50.54781, -116.24764 50.54883, -116.24755 50.5493, -116.24752 50.54978, -116.24718 50.55015, -116.24651 50.55029, -116.246148 50.550311, -116.24582 50.55033, -116.24523 50.55042, -116.24476 50.55061, -116.24461 50.55098, -116.2448 50.5515, -116.2447 50.55207, -116.24425 50.55259, -116.24361 50.55309, -116.24277 50.55347, -116.24178 50.55364, -116.24072 50.55363, -116.2396 50.55342, -116.23847 50.55313, -116.23738 50.55301, -116.23643 50.55327, -116.23573 50.55376, -116.23508 50.55431, -116.2343 50.55475, -116.2334 50.555, -116.23256 50.55517, -116.2318 50.55528, -116.23123 50.55544, -116.23063 50.55532))"
157,2023-07-29 10:30:57,2023060601,2023,1038.9,Non-corrected airborne GPS,1686034800000,1686174109000,Under Control,JA70003000,10389254.7127,15806.9408,311,af74b46b-956b-4a4e-8e18-d972921c27f1,27417658.0,25681.9203014388,https://wildfiresituation.nrs.gov.bc.ca/incidents?fireYear=2023&incidentNumber=N40596,"POLYGON ((-118.68974 52.06184, -118.68914 52.06164, -118.68863 52.06104, -118.68874 52.06024, -118.68855 52.0594, -118.68782 52.05861, -118.68684 52.05787, -118.68585 52.05718, -118.68498 52.05651, -118.68448 52.05579, -118.68421 52.05502, -118.6838 52.0542, -118.68309 52.05337, -118.6822 52.05251, -118.68138 52.05158, -118.68062 52.05062, -118.67969 52.0497, -118.67852 52.04886, -118.67716 52.04818, -118.67574 52.04766, -118.67431 52.04729, -118.67291 52.047, -118.67155 52.04679, -118.67021 52.0466, -118.66885 52.0464, -118.66613 52.04588, -118.66479 52.04561, -118.66343 52.04534, -118.66203 52.0451, -118.6606 52.04498, -118.65913 52.04505, -118.65761 52.04512, -118.65609 52.04499, -118.65461 52.04469, -118.65314 52.04431, -118.65163 52.04398, -118.65003 52.04385, -118.64835 52.04384, -118.6466 52.04381, -118.64539 52.04375, -118.64354 52.04357, -118.64228 52.0434, -118.64102 52.04319, -118.63914 52.04276, -118.63729 52.04224, -118.63558 52.0416, -118.63443 52.04065, -118.63418 52.03951, -118.63304 52.03909, -118.63387 52.03888, -118.6347 52.03846, -118.63564 52.03791, -118.63672 52.03733, -118.6378 52.03668, -118.6389 52.03605, -118.64008 52.03551, -118.64126 52.03508, -118.64231 52.03468, -118.64317 52.03427, -118.64384 52.03381, -118.64434 52.03327, -118.64468 52.03266, -118.64503 52.03202, -118.6457 52.03151, -118.64659 52.03139, -118.64741 52.03155, -118.64826 52.0318, -118.64921 52.03196, -118.6502 52.03178, -118.65141 52.03155, -118.65275 52.03147, -118.65406 52.03125, -118.65535 52.03097, -118.65665 52.03078, -118.65789 52.03061, -118.6586 52.03036, -118.65926 52.02975, -118.65986 52.02904, -118.66099 52.02877, -118.66174 52.02893, -118.66284 52.02926, -118.6643 52.02942, -118.6659 52.02961, -118.66747 52.02991, -118.66908 52.03021, -118.67069 52.03055, -118.67219 52.03098, -118.67372 52.0314, -118.67536 52.03175, -118.67709 52.032, -118.67882 52.03222, -118.68054 52.03248, -118.68226 52.03281, -118.68395 52.03321, -118.68564 52.03364, -118.68726 52.03411, -118.68882 52.03457, -118.69022 52.03507, -118.69151 52.0355, -118.69278 52.0358, -118.69395 52.03601, -118.69503 52.03591, -118.69604 52.03554, -118.69704 52.03526, -118.69789 52.03488, -118.69849 52.03432, -118.69885 52.03367, -118.69913 52.03297, -118.69957 52.03231, -118.70036 52.03189, -118.70138 52.03189, -118.7023 52.03221, -118.70323 52.03264, -118.70429 52.03311, -118.70523 52.03374, -118.70602 52.03445, -118.70682 52.03516, -118.70784 52.0357, -118.70867 52.0359, -118.70955 52.03608, -118.7103 52.03641, -118.71127 52.03702, -118.71215 52.03767, -118.71266 52.03812, -118.71275 52.03884, -118.71224 52.03946, -118.71206 52.04017, -118.71231 52.04085, -118.71251 52.04143, -118.71244 52.04194, -118.71215 52.04239, -118.71209 52.04286, -118.71237 52.04335, -118.71275 52.0439, -118.71297 52.04453, -118.7129 52.04514, -118.7127 52.04569, -118.71275 52.04625, -118.71303 52.04681, -118.71311 52.04738, -118.71286 52.04782, -118.71242 52.04815, -118.71184 52.04839, -118.71131 52.04871, -118.71122 52.04912, -118.71143 52.04957, -118.71148 52.05, -118.71121 52.05038, -118.71067 52.05061, -118.71011 52.05081, -118.70962 52.05107, -118.70915 52.05132, -118.70859 52.0515, -118.70808 52.05174, -118.70781 52.05206, -118.70808 52.05237, -118.70836 52.05269, -118.70823 52.05296, -118.70786 52.05312, -118.70746 52.05329, -118.70717 52.05354, -118.707 52.05372, -118.70676 52.05399, -118.70664 52.05416, -118.70647 52.05441, -118.70637 52.05459, -118.70627 52.05489, -118.70619 52.05518, -118.70615 52.05545, -118.70618 52.0557, -118.70614 52.05595, -118.70608 52.05622, -118.70601 52.0565, -118.70595 52.05679, -118.70597 52.0571, -118.70615 52.05743, -118.70631 52.05777, -118.70636 52.05812, -118.70627 52.05847, -118.70608 52.05878, -118.70594 52.05908, -118.70577 52.0594, -118.70547 52.05969, -118.70519 52.05996, -118.70492 52.06023, -118.70452 52.06049, -118.70405 52.06073, -118.7036 52.06096, -118.70306 52.06112, -118.70248 52.0612, -118.70188 52.06122, -118.70138 52.06128, -118.70128 52.06152, -118.7015 52.06186, -118.70162 52.0623, -118.70129 52.06267, -118.70065 52.06283, -118.69992 52.06286, -118.69909 52.06287, -118.69814 52.06282, -118.6971 52.0626, -118.69614 52.0622, -118.69525 52.06182, -118.69423 52.06172, -118.69356 52.06177, -118.69256 52.0619, -118.69162 52.062, -118.69069 52.06198, -118.68974 52.06184))"
158,2023-07-29 10:30:57,2023071701,2023,208.6,Non-corrected airborne GPS,1689577200000,1689641304000,Out of Control,JA70003000,2085580.6487,6807.8583,313,d1193dfa-f2d4-455b-ba9e-0a5be67b258b,5183601.5625,10732.4113487079,https://wildfiresituation.nrs.gov.bc.ca/incidents?fireYear=2023&incidentNumber=K71032,"POLYGON ((-123.099689 50.662883, -123.096922 50.663472, -123.094082 50.664127, -123.093775 50.665157, -123.09404 50.666063, -123.094687 50.667393, -123.095513 50.668581, -123.096991 50.670028, -123.097926 50.671377, -123.097226 50.672596, -123.096005 50.672869, -123.092597 50.672089, -123.090485 50.671217, -123.086744 50.670392, -123.083924 50.669443, -123.083363 50.668746, -123.082672 50.667184, -123.081653 50.665812, -123.080426 50.665046, -123.080147 50.663997, -123.08063 50.662671, -123.082398 50.661626, -123.084586 50.659979, -123.086941 50.659069, -123.089015 50.657926, -123.091616 50.65623, -123.095693 50.65432, -123.097612 50.653734, -123.10121 50.653786, -123.104387 50.654235, -123.107593 50.654837, -123.108702 50.655276, -123.108371 50.655842, -123.107782 50.656437, -123.106703 50.657217, -123.105591 50.658073, -123.104706 50.65915, -123.103683 50.659954, -123.103107 50.660334, -123.102285 50.660896, -123.102157 50.661469, -123.102257 50.662201, -123.10127 50.662653, -123.099689 50.662883))"
159,2023-07-29 10:30:57,2023072801,2023,3794.4,Derived from satellite imagery,1690527600000,1690574740000,Fire of Note,JA70003000,37944168.9251,42057.3586,315,3aa5aca0-36e7-4d29-8ec8-770282952bbd,94489445.59375,66364.0853198316,https://wildfiresituation.nrs.gov.bc.ca/incidents?fireYear=2023&incidentNumber=K71535,"POLYGON ((-122.28265 50.734559, -122.281243 50.733191, -122.280253 50.732837, -122.279308 50.733101, -122.278394 50.733384, -122.277504 50.733706, -122.276639 50.73405, -122.275794 50.734417, -122.274961 50.734792, -122.274205 50.735228, -122.273492 50.735716, -122.272794 50.736223, -122.27217 50.736538, -122.271986 50.73663, -122.271092 50.736951, -122.270223 50.737274, -122.269462 50.737637, -122.268826 50.738083, -122.268424 50.738634, -122.268191 50.739201, -122.268062 50.739751, -122.267949 50.740111, -122.267908 50.740241, -122.267608 50.740628, -122.267115 50.740826, -122.266602 50.740875, -122.266106 50.740794, -122.265573 50.740588, -122.264995 50.740303, -122.264355 50.740021, -122.263703 50.739749, -122.263071 50.739457, -122.262492 50.739176, -122.254829 50.742518, -122.252774 50.742163, -122.250829 50.740491, -122.250774 50.738455, -122.253098 50.734927, -122.257859 50.729932, -122.259916 50.725599, -122.260642 50.72567, -122.261251 50.72535, -122.263215 50.724864, -122.263749 50.72427, -122.264071 50.723879, -122.264428 50.723916, -122.264695 50.723678, -122.264783 50.722728, -122.264111 50.722017, -122.264635 50.721376, -122.264798 50.720876, -122.265838 50.720012, -122.267787 50.718805, -122.268705 50.719212, -122.268969 50.719087, -122.269033 50.718659, -122.269297 50.718327, -122.27014 50.717958, -122.271271 50.717592, -122.271854 50.717299, -122.272338 50.717177, -122.27287 50.716918, -122.273603 50.716648, -122.273787 50.71629, -122.274043 50.716172, -122.274694 50.716192, -122.275337 50.715713, -122.275958 50.715475, -122.276751 50.715159, -122.277056 50.714917, -122.278523 50.714487, -122.27926 50.713533, -122.280042 50.713674, -122.280665 50.713038, -122.281209 50.711268, -122.284016 50.710824, -122.286546 50.711085, -122.287866 50.710485, -122.29027 50.710697, -122.291899 50.710331, -122.292624 50.710009, -122.294286 50.71006, -122.295764 50.709786, -122.29593 50.708457, -122.296771 50.708576, -122.297389 50.708939, -122.297985 50.709266, -122.299489 50.709447, -122.300056 50.709516, -122.300451 50.70938, -122.30094 50.709212, -122.301562 50.708998, -122.303306 50.708044, -122.304672 50.707207, -122.305221 50.706871, -122.306429 50.706477, -122.307677 50.70607, -122.308389 50.705837, -122.309961 50.704347, -122.312067 50.703406, -122.314318 50.702538, -122.323513 50.697192, -122.331036 50.694011, -122.333902 50.690458, -122.334146 50.691168, -122.336296 50.690904, -122.336563 50.689473, -122.338019 50.687833, -122.34442 50.683995, -122.350979 50.682924, -122.353282 50.681238, -122.356245 50.681384, -122.36001 50.67981, -122.364753 50.677661, -122.366563 50.677327, -122.369395 50.676069, -122.369592 50.676049, -122.369854 50.676311, -122.369943 50.676322, -122.37019 50.676111, -122.370282 50.674972, -122.371957 50.673741, -122.373407 50.672503, -122.374518 50.672682, -122.377009 50.672478, -122.377953 50.671937, -122.379651 50.670422, -122.381336 50.669049, -122.383695 50.667697, -122.386536 50.666109, -122.389305 50.664324, -122.39664 50.662895, -122.40303 50.661644, -122.406071 50.661915, -122.408032 50.662707, -122.409313 50.66379, -122.409641 50.665155, -122.409495 50.666295, -122.406432 50.668242, -122.402153 50.670537, -122.38858 50.676184, -122.38874 50.677713, -122.389523 50.679166, -122.389832 50.67942, -122.394646 50.67956, -122.39496 50.67956, -122.39609 50.67962, -122.3972 50.67974, -122.39822 50.67989, -122.39905 50.68009, -122.39974 50.68035, -122.40033 50.68072, -122.400541 50.680953, -122.400808 50.681241, -122.401244 50.681768, -122.401347 50.681831, -122.401385 50.681922, -122.402274 50.682863, -122.402298 50.682887, -122.40341 50.68389, -122.403874 50.684266, -122.40536 50.684975, -122.406644 50.685907, -122.406642 50.686074, -122.40685 50.6862, -122.40708 50.68634, -122.40885 50.68732, -122.40967 50.68782, -122.409755 50.687879, -122.41041 50.688332, -122.41114 50.68881, -122.411179 50.688831, -122.411908 50.689221, -122.412663 50.68958, -122.412889 50.689702, -122.413301 50.689923, -122.413753 50.690268, -122.413949 50.690652, -122.413952 50.690657, -122.413796 50.691115, -122.413367 50.69161, -122.412769 50.692159, -122.412068 50.692736, -122.411696 50.693041, -122.41098 50.693642, -122.410547 50.694012, -122.409784 50.694694, -122.409028 50.69537, -122.408262 50.696028, -122.407495 50.696666, -122.409157 50.69869, -122.407521 50.699332, -122.404022 50.699139, -122.403586 50.699448, -122.402921 50.700029, -122.402488 50.700697, -122.40231 50.701409, -122.402098 50.702054, -122.401607 50.702579, -122.400959 50.70304, -122.400281 50.703491, -122.399596 50.703947, -122.399212 50.704214, -122.398529 50.70471, -122.398281 50.704895, -122.397676 50.705346, -122.397417 50.705531, -122.397519 50.705664, -122.397162 50.707801, -122.395773 50.708843, -122.394806 50.709322, -122.394575 50.70879, -122.394307 50.708743, -122.393594 50.708548, -122.393136 50.708291, -122.392975 50.708201, -122.392576 50.707693, -122.392363 50.707102, -122.392124 50.706536, -122.391819 50.706028, -122.391647 50.705805, -122.391471 50.705575, -122.39108 50.70517, -122.391065 50.705157, -122.390628 50.704784, -122.390193 50.704325, -122.389748 50.703831, -122.389249 50.70332, -122.389228 50.7033, -122.388997 50.703038, -122.3869 50.702173, -122.381242 50.70138, -122.379489 50.700919, -122.379149 50.701277, -122.37904 50.701783, -122.379265 50.70228, -122.379727 50.702677, -122.380261 50.702984, -122.380779 50.70328, -122.381257 50.703622, -122.381716 50.703971, -122.382174 50.704305, -122.382615 50.70465, -122.382995 50.705004, -122.383338 50.705361, -122.383708 50.705644, -122.384145 50.705838, -122.384584 50.706036, -122.385002 50.706253, -122.385423 50.706467, -122.385641 50.706759, -122.38555 50.707102, -122.385423 50.707475, -122.385366 50.707873, -122.385301 50.708263, -122.385186 50.708635, -122.384851 50.708895, -122.384303 50.709018, -122.383572 50.709056, -122.382684 50.709051, -122.381754 50.708885, -122.380978 50.708554, -122.380359 50.708147, -122.379672 50.707777, -122.378814 50.707524, -122.377788 50.70739, -122.376665 50.7074, -122.375638 50.707631, -122.374797 50.708003, -122.37397 50.708305, -122.373075 50.708457, -122.372176 50.708505, -122.371308 50.708553, -122.370491 50.708662, -122.3698 50.708855, -122.369135 50.709032, -122.368327 50.708986, -122.367473 50.708723, -122.366678 50.708385, -122.365851 50.708127, -122.365002 50.70801, -122.364145 50.707969, -122.363302 50.707956, -122.362484 50.707972, -122.3617 50.708009, -122.360962 50.708, -122.360212 50.707918, -122.359458 50.707804, -122.358752 50.707581, -122.35807 50.707378, -122.357625 50.707363, -122.357025 50.707483, -122.356633 50.707562, -122.356231 50.707608, -122.355598 50.707612, -122.355188 50.707632, -122.354795 50.707684, -122.354185 50.70781, -122.353524 50.707969, -122.35282 50.7081, -122.352061 50.70818, -122.351285 50.708252, -122.350477 50.708283, -122.34968 50.708332, -122.348979 50.708426, -122.348567 50.708655, -122.348621 50.708969, -122.349011 50.709291, -122.349414 50.709658, -122.349803 50.71008, -122.350243 50.710537, -122.350805 50.710947, -122.351349 50.711266, -122.351699 50.711528, -122.351858 50.711753, -122.351966 50.712055, -122.352093 50.712461, -122.352269 50.712917, -122.352501 50.713339, -122.352732 50.713706, -122.352921 50.714065, -122.352959 50.714434, -122.352782 50.714819, -122.352506 50.715251, -122.352191 50.715737, -122.351843 50.716286, -122.351307 50.716848, -122.350431 50.717261, -122.349346 50.717559, -122.348167 50.717898, -122.34699 50.718409, -122.345817 50.719024, -122.344481 50.719553, -122.342987 50.719889, -122.341424 50.720035, -122.339852 50.720123, -122.338332 50.72022, -122.336923 50.720317, -122.335698 50.720277, -122.334685 50.720175, -122.333891 50.720292, -122.333504 50.720719, -122.333647 50.721253, -122.334188 50.72175, -122.334903 50.722208, -122.335632 50.722672, -122.336361 50.723158, -122.337061 50.723657, -122.337769 50.724149, -122.338442 50.724616, -122.339047 50.725047, -122.339484 50.72552, -122.339686 50.726026, -122.339668 50.726528, -122.339538 50.727019, -122.339419 50.727532, -122.339324 50.728046, -122.339248 50.728548, -122.339132 50.729046, -122.338846 50.729493, -122.3385 50.729942, -122.338108 50.730347, -122.337636 50.730721, -122.33716 50.731075, -122.336726 50.731391, -122.336294 50.731582, -122.335856 50.731722, -122.335412 50.731867, -122.334958 50.732005, -122.334511 50.732074, -122.334085 50.731999, -122.333721 50.73181, -122.333449 50.731534, -122.333244 50.731193, -122.333102 50.730837, -122.332854 50.73054, -122.332455 50.730367, -122.331879 50.730434, -122.331208 50.730601, -122.330516 50.730743, -122.329803 50.730871, -122.329158 50.731055, -122.328614 50.731337, -122.328215 50.731706, -122.327942 50.732107, -122.327725 50.732499, -122.327406 50.732828, -122.326954 50.733099, -122.326438 50.73335, -122.325875 50.733584, -122.325275 50.733804, -122.324641 50.734002, -122.324018 50.734219, -122.3234 50.734459, -122.322754 50.734704, -122.322072 50.734943, -122.32138 50.735141, -122.320719 50.735327, -122.320065 50.735525, -122.319405 50.735739, -122.318729 50.735964, -122.318054 50.736228, -122.317387 50.736522, -122.316724 50.736833, -122.316129 50.737185, -122.315612 50.737585, -122.315254 50.737968, -122.315188 50.738038, -122.314883 50.73855, -122.314688 50.73911, -122.31456 50.739677, -122.31455 50.740246, -122.314626 50.740822, -122.314538 50.741369, -122.313992 50.741619, -122.313435 50.741499, -122.313 50.741218, -122.31251 50.740993, -122.311976 50.74109, -122.311596 50.74145, -122.31135 50.741905, -122.311094 50.742344, -122.310579 50.742593, -122.309912 50.742571, -122.30927 50.742359, -122.308611 50.742199, -122.307949 50.742126, -122.30726 50.742093, -122.306498 50.742068, -122.305639 50.742064, -122.304768 50.742281, -122.303987 50.742645, -122.303277 50.743083, -122.302545 50.743488, -122.302043 50.743738, -122.301295 50.744081, -122.300829 50.744278, -122.300391 50.744453, -122.299971 50.744596, -122.299338 50.74476, -122.298943 50.744873, -122.29836 50.744998, -122.297778 50.745018, -122.297262 50.744971, -122.296819 50.744902, -122.296369 50.744852, -122.295906 50.744813, -122.29543 50.744699, -122.294944 50.74459, -122.294488 50.744674, -122.294133 50.744877, -122.293743 50.74497, -122.293363 50.744967, -122.29301 50.745025, -122.292836 50.745123, -122.292708 50.745195, -122.292426 50.745387, -122.292037 50.745452, -122.291554 50.745358, -122.291079 50.745173, -122.290867 50.745057, -122.290658 50.744944, -122.290257 50.744704, -122.289826 50.744476, -122.289388 50.744229, -122.288901 50.743967, -122.288289 50.743746, -122.287605 50.743714, -122.286953 50.743856, -122.286379 50.744068, -122.285843 50.744264, -122.285313 50.744425, -122.284803 50.744541, -122.28436 50.744691, -122.28395 50.744827, -122.283947 50.744828, -122.283513 50.744816, -122.283507 50.744813, -122.283132 50.744623, -122.28281 50.744339, -122.282582 50.744034, -122.282447 50.743687, -122.282497 50.743322, -122.28272 50.742992, -122.283077 50.742734, -122.28347 50.742521, -122.283861 50.742293, -122.284205 50.742009, -122.284472 50.741703, -122.284572 50.741423, -122.284388 50.741191, -122.28413 50.740959, -122.28388 50.740691, -122.283626 50.740395, -122.283418 50.740065, -122.283232 50.7397, -122.283094 50.739315, -122.283003 50.738934, -122.282869 50.738581, -122.2828 50.738405, -122.28273 50.738226, -122.282672 50.737837, -122.282793 50.737425, -122.283019 50.737018, -122.283095 50.736902, -122.283283 50.736614, -122.283548 50.73618, -122.283944 50.735726, -122.28265 50.734559))"
160,2023-07-29 10:30:57,2023072801,2023,167.9,Non-corrected airborne GPS,1690527600000,1690591959000,Out of Control,JA70003000,1679095.0868,5898.751,316,ea47f84a-1a25-465a-a91a-269f6180c351,4119351.28125,9239.28338218515,https://wildfiresituation.nrs.gov.bc.ca/incidents?fireYear=2023&incidentNumber=K71634,"POLYGON ((-121.719137 50.345276, -121.719601 50.345477, -121.719999 50.345511, -121.720543 50.345466, -121.721139 50.34537, -121.721906 50.345334, -121.722756 50.345314, -121.723371 50.345308, -121.723689 50.345488, -121.723802 50.345676, -121.72386 50.345851, -121.723866 50.346172, -121.723712 50.346524, -121.723342 50.346897, -121.72292 50.34711, -121.722603 50.347386, -121.722492 50.347602, -121.722294 50.347833, -121.721958 50.348082, -121.721494 50.348339, -121.720984 50.348444, -121.720603 50.348687, -121.720337 50.349181, -121.720132 50.349655, -121.719849 50.350044, -121.719506 50.350359, -121.719256 50.350635, -121.719217 50.35082, -121.719299 50.351366, -121.719445 50.351715, -121.719301 50.352052, -121.718886 50.352422, -121.718152 50.352622, -121.717453 50.352858, -121.716761 50.352911, -121.716078 50.353042, -121.715659 50.353212, -121.715196 50.35338, -121.714827 50.353737, -121.714719 50.354194, -121.714678 50.354832, -121.714719 50.355348, -121.714576 50.356385, -121.714469 50.357039, -121.714206 50.358158, -121.713827 50.359586, -121.713437 50.360143, -121.7127 50.3606, -121.711977 50.360915, -121.711058 50.36118, -121.710356 50.36151, -121.709699 50.361599, -121.709058 50.361517, -121.708226 50.361327, -121.707164 50.361214, -121.706168 50.361104, -121.70523 50.360854, -121.704433 50.360537, -121.703696 50.360065, -121.703322 50.359522, -121.70269 50.358883, -121.701862 50.35865, -121.700899 50.358441, -121.699887 50.35807, -121.699461 50.357571, -121.699003 50.356981, -121.698824 50.356274, -121.698629 50.355037, -121.698546 50.354262, -121.698572 50.353517, -121.698808 50.352686, -121.699122 50.35197, -121.699568 50.351515, -121.700056 50.35132, -121.70054 50.35121, -121.701298 50.351182, -121.70201 50.351224, -121.702544 50.351245, -121.703222 50.351171, -121.703813 50.351066, -121.704814 50.350761, -121.705992 50.35025, -121.70719 50.34959, -121.708742 50.34907, -121.709767 50.348867, -121.71081 50.3488, -121.71153 50.3486, -121.71216 50.34834, -121.71275 50.34799, -121.71326 50.3476, -121.71374 50.34719, -121.71421 50.34675, -121.71467 50.34628, -121.71521 50.34586, -121.71582 50.34546, -121.7165 50.34517, -121.71719 50.34504, -121.717645 50.344896, -121.718243 50.344871, -121.718646 50.34494, -121.718929 50.3451, -121.719038 50.345258, -121.719137 50.345276))"
161,2023-07-29 10:30:57,2023072801,2023,390.2,Derived from satellite imagery,1690527600000,1690575399000,Fire of Note,JA70003000,3902229.7722,11777.3115,317,5c253585-b244-4cfa-b517-d652bd2d0468,9778916.3359375,18642.4474381148,https://wildfiresituation.nrs.gov.bc.ca/incidents?fireYear=2023&incidentNumber=K71649,"POLYGON ((-122.951226 50.852335, -122.951717 50.852129, -122.952165 50.851847, -122.952684 50.851603, -122.953274 50.851476, -122.953906 50.851455, -122.954544 50.851558, -122.955164 50.851697, -122.95579 50.851831, -122.95642 50.851965, -122.957058 50.852055, -122.957781 50.852072, -122.958635 50.852051, -122.959565 50.852003, -122.960489 50.85195, -122.96138 50.851877, -122.962201 50.851701, -122.96295 50.851448, -122.963259 50.851279, -122.963566 50.851111, -122.964058 50.850709, -122.964509 50.850304, -122.964969 50.849947, -122.965447 50.84959, -122.966079 50.84921, -122.966961 50.848983, -122.967933 50.848877, -122.968884 50.848812, -122.96978 50.848726, -122.969857 50.848716, -122.970624 50.848611, -122.97065 50.848605, -122.971407 50.848437, -122.972195 50.848186, -122.972992 50.847813, -122.973763 50.847405, -122.974491 50.847008, -122.97537 50.84671, -122.97462 50.846445, -122.973941 50.846239, -122.973362 50.846005, -122.972625 50.845922, -122.972123 50.846034, -122.971233 50.84601, -122.970754 50.845778, -122.970341 50.845297, -122.970168 50.844917, -122.96991 50.844347, -122.969643 50.843902, -122.968841 50.843317, -122.968282 50.842801, -122.968898 50.842473, -122.970787 50.843088, -122.972281 50.843691, -122.974437 50.844031, -122.975462 50.844247, -122.976406 50.844929, -122.977564 50.845367, -122.981571 50.846933, -122.984594 50.847841, -122.985246 50.847668, -122.985585 50.847655, -122.98611 50.847748, -122.986723 50.847864, -122.98713 50.848189, -122.987325 50.848644, -122.986856 50.849067, -122.986163 50.849462, -122.985476 50.849793, -122.985249 50.850456, -122.984829 50.851298, -122.984283 50.852124, -122.98365 50.852943, -122.983084 50.853657, -122.983084 50.853939, -122.982644 50.854213, -122.982325 50.854616, -122.981604 50.855415, -122.980786 50.85612, -122.979839 50.856728, -122.978854 50.85725, -122.977887 50.85771, -122.976937 50.858112, -122.976103 50.858482, -122.975492 50.85886, -122.975095 50.859273, -122.97498 50.859734, -122.975145 50.860204, -122.975538 50.860644, -122.976023 50.860979, -122.976492 50.861225, -122.976925 50.8614, -122.977227 50.861493, -122.977387 50.861259, -122.977499 50.861556, -122.977745 50.861603, -122.978028 50.861732, -122.978152 50.861958, -122.978245 50.862207, -122.978469 50.862414, -122.978667 50.86264, -122.978754 50.862921, -122.978833 50.863204, -122.978863 50.863456, -122.978833 50.863682, -122.978775 50.863889, -122.978773 50.863895, -122.978692 50.864117, -122.978625 50.86436, -122.978545 50.864614, -122.978476 50.86478, -122.978441 50.864865, -122.978304 50.865136, -122.978158 50.865431, -122.97803 50.865778, -122.97794 50.866162, -122.977844 50.866545, -122.977654 50.866909, -122.977308 50.867238, -122.976807 50.867469, -122.976311 50.867709, -122.976002 50.868042, -122.975708 50.868321, -122.975278 50.868461, -122.974783 50.868525, -122.974335 50.868597, -122.973906 50.868638, -122.973433 50.868636, -122.972916 50.868588, -122.972366 50.868483, -122.971866 50.868311, -122.971599 50.868051, -122.971509 50.86779, -122.971485 50.86754, -122.97154 50.867336, -122.971755 50.867199, -122.971935 50.867108, -122.972041 50.867055, -122.972087 50.866811, -122.971791 50.866543, -122.971733 50.8665, -122.971391 50.866247, -122.971071 50.865885, -122.970723 50.86546, -122.970176 50.86508, -122.969438 50.864837, -122.969374 50.864828, -122.96869 50.864725, -122.968147 50.864648, -122.967815 50.864559, -122.96764 50.864354, -122.967485 50.864082, -122.967269 50.863904, -122.967157 50.863811, -122.966676 50.863579, -122.966101 50.863346, -122.965382 50.863158, -122.964527 50.86311, -122.963668 50.863165, -122.962859 50.863185, -122.962088 50.863117, -122.96139 50.862957, -122.960776 50.862648, -122.960139 50.862272, -122.959415 50.861975, -122.958666 50.861835, -122.95795 50.86178, -122.957292 50.861777, -122.956749 50.861776, -122.956745 50.861775, -122.956259 50.861703, -122.955784 50.861557, -122.95534 50.861365, -122.954965 50.861148, -122.954643 50.860891, -122.954319 50.860605, -122.953956 50.860277, -122.953877 50.860207, -122.953322 50.860001, -122.952654 50.859431, -122.952584 50.859399, -122.952117 50.859305, -122.951699 50.859277, -122.951248 50.859302, -122.95081 50.8594, -122.950431 50.859567, -122.950037 50.859753, -122.949725 50.859984, -122.949395 50.860165, -122.94899 50.860217, -122.948634 50.860213, -122.948293 50.860209, -122.947903 50.860219, -122.947505 50.860262, -122.947169 50.860414, -122.947025 50.860702, -122.947125 50.86102, -122.947234 50.861322, -122.947241 50.861534, -122.947176 50.861763, -122.947012 50.862117, -122.946881 50.862491, -122.945773 50.86232, -122.945524 50.862219, -122.945315 50.862103, -122.945137 50.861991, -122.944896 50.861841, -122.944654 50.861702, -122.944381 50.861625, -122.944059 50.861596, -122.943761 50.861556, -122.943515 50.861486, -122.943308 50.861371, -122.943162 50.861159, -122.943098 50.860915, -122.943022 50.860679, -122.942911 50.860471, -122.942763 50.860281, -122.94261 50.860111, -122.942591 50.859905, -122.942699 50.859687, -122.942869 50.859472, -122.943023 50.859253, -122.943183 50.85902, -122.943322 50.858767, -122.943489 50.858551, -122.943762 50.858378, -122.944038 50.858211, -122.944305 50.858023, -122.944548 50.857834, -122.944815 50.857659, -122.945136 50.857502, -122.945462 50.857394, -122.945798 50.857343, -122.946095 50.857304, -122.946336 50.857206, -122.946583 50.857078, -122.946829 50.856945, -122.947084 50.856784, -122.947179 50.856589, -122.947092 50.856364, -122.94697 50.85615, -122.94679 50.855993, -122.946568 50.855851, -122.946377 50.855695, -122.946225 50.855544, -122.946168 50.855352, -122.946297 50.855096, -122.946394 50.854831, -122.946484 50.854582, -122.946653 50.854371, -122.946872 50.854157, -122.947148 50.85389, -122.947463 50.853607, -122.94776 50.853348, -122.9478 50.853321, -122.947458 50.853255, -122.946833 50.853191, -122.946411 50.853105, -122.946065 50.853005, -122.945948 50.85288, -122.945969 50.852695, -122.946065 50.852639, -122.946584 50.852659, -122.947211 50.852697, -122.947688 50.852721, -122.948242 50.852715, -122.948808 50.852661, -122.950289 50.852525, -122.951226 50.852335))"
162,2023-07-29 10:30:57,2023072601,2023,241.3,Derived from satellite imagery,1690354800000,1690476309000,Out of Control,JA70003000,2412792.953,8238.6351,318,1d9b417a-9f87-499f-9e53-0401b115b390,6029093.0234375,13022.4949086555,https://wildfiresituation.nrs.gov.bc.ca/incidents?fireYear=2023&incidentNumber=K71658,"POLYGON ((-122.552633 50.77961, -122.555304 50.779692, -122.558592 50.780935, -122.560609 50.782628, -122.562492 50.784366, -122.562503 50.786175, -122.5619 50.788155, -122.561213 50.789276, -122.560682 50.790306, -122.559881 50.790948, -122.558351 50.791281, -122.556071 50.791592, -122.553305 50.792363, -122.550996 50.793053, -122.550059 50.7935, -122.548101 50.793535, -122.54615 50.793474, -122.544035 50.793599, -122.54252 50.793743, -122.54129 50.794085, -122.540188 50.794718, -122.539064 50.795634, -122.538098 50.796461, -122.537011 50.796903, -122.535638 50.797146, -122.533043 50.797637, -122.530763 50.797947, -122.52741 50.798509, -122.524372 50.79889, -122.521063 50.798882, -122.520844 50.797829, -122.523333 50.796764, -122.526957 50.796591, -122.528922 50.796462, -122.530174 50.795835, -122.5315 50.794258, -122.533239 50.79317, -122.534776 50.792742, -122.535885 50.792015, -122.537646 50.790642, -122.539684 50.789563, -122.541715 50.788579, -122.542777 50.786518, -122.543202 50.784913, -122.543619 50.783403, -122.544208 50.781613, -122.544311 50.780284, -122.545697 50.779851, -122.54842 50.77965, -122.549049 50.779289, -122.552633 50.77961))"
163,2023-07-29 10:30:57,2023072401,2023,465.1,Non-corrected airborne GPS,1690182000000,1690333864000,Out of Control,JA70003000,4651123.6818,13290.0161,319,03912e8f-1df2-4d5f-b6f9-44f7a35dd412,11390762.625,20789.3356813645,https://wildfiresituation.nrs.gov.bc.ca/incidents?fireYear=2023&incidentNumber=K71705,"POLYGON ((-121.808162 50.307421, -121.807051 50.306226, -121.806992 50.306107, -121.806955 50.306033, -121.806909 50.305926, -121.806877 50.305813, -121.806864 50.305698, -121.806879 50.305581, -121.80693 50.305452, -121.807006 50.305331, -121.807108 50.305201, -121.80724 50.305075, -121.807582 50.304835, -121.808033 50.304615, -121.808198 50.304546, -121.808292 50.304507, -121.808567 50.304411, -121.808853 50.304323, -121.809146 50.30424, -121.809444 50.304158, -121.809749 50.304073, -121.810059 50.30399, -121.810368 50.303906, -121.810972 50.303737, -121.811265 50.30366, -121.811552 50.303585, -121.812121 50.303437, -121.812404 50.303357, -121.81269 50.303286, -121.812985 50.30323, -121.813287 50.303191, -121.814259 50.303185, -121.814595 50.303227, -121.815917 50.303553, -121.817161 50.303986, -121.817795 50.304171, -121.819149 50.304259, -121.821492 50.304048, -121.822756 50.304078, -121.823915 50.304245, -121.825344 50.30425, -121.825646 50.304167, -121.826232 50.303976, -121.826517 50.303872, -121.827079 50.303742, -121.828356 50.303974, -121.828981 50.304514, -121.82917 50.304841, -121.829834 50.305446, -121.830657 50.305855, -121.831288 50.306096, -121.832008 50.306274, -121.834461 50.306395, -121.837839 50.306702, -121.84083 50.307073, -121.841501 50.307091, -121.843738 50.307016, -121.844712 50.307053, -121.845046 50.307086, -121.846005 50.307286, -121.846592 50.307511, -121.8476 50.30805, -121.848806 50.308502, -121.849324 50.30855, -121.849853 50.308537, -121.850391 50.308499, -121.850933 50.308465, -121.853433 50.308214, -121.855418 50.307879, -121.855962 50.307805, -121.857829 50.307925, -121.859205 50.308431, -121.860884 50.308905, -121.862436 50.308838, -121.863175 50.308846, -121.864219 50.309027, -121.865499 50.309322, -121.865607 50.309347, -121.865916 50.309373, -121.867157 50.309377, -121.868488 50.309584, -121.868842 50.309847, -121.868962 50.310022, -121.869066 50.310413, -121.869065 50.310807, -121.869078 50.310991, -121.869122 50.31116, -121.869216 50.311319, -121.869362 50.311462, -121.870014 50.311778, -121.870282 50.31185, -121.870564 50.311913, -121.870851 50.311975, -121.871425 50.31211, -121.871703 50.312188, -121.871973 50.312275, -121.872232 50.312371, -121.872483 50.312474, -121.872722 50.312583, -121.872951 50.312697, -121.873167 50.312816, -121.873369 50.312938, -121.873556 50.313063, -121.873727 50.313186, -121.873886 50.313309, -121.874033 50.313431, -121.87417 50.313553, -121.874296 50.313675, -121.874413 50.313797, -121.874523 50.313919, -121.874623 50.314043, -121.87472 50.314168, -121.874815 50.314295, -121.874906 50.314422, -121.874991 50.314551, -121.875069 50.314679, -121.87514 50.314808, -121.875199 50.314938, -121.875246 50.315067, -121.875284 50.315197, -121.875316 50.315324, -121.875344 50.315448, -121.87537 50.315567, -121.875395 50.315682, -121.875418 50.315792, -121.875441 50.315897, -121.875465 50.315999, -121.875492 50.316096, -121.875523 50.316191, -121.875563 50.316289, -121.87561 50.316386, -121.875664 50.316482, -121.875726 50.316579, -121.875797 50.316681, -121.875875 50.316789, -121.87596 50.316903, -121.876047 50.317023, -121.876136 50.317149, -121.876224 50.317281, -121.876312 50.317418, -121.876401 50.317562, -121.876489 50.317709, -121.876575 50.317862, -121.876721 50.318171, -121.876774 50.318327, -121.876807 50.318485, -121.876817 50.318643, -121.876716 50.319096, -121.876562 50.319365, -121.876365 50.319603, -121.876256 50.319711, -121.876144 50.319813, -121.876029 50.319911, -121.875913 50.320003, -121.875533 50.320233, -121.87508 50.320422, -121.874551 50.32056, -121.873353 50.320387, -121.873155 50.320298, -121.872256 50.319782, -121.871707 50.319579, -121.871285 50.319575, -121.870675 50.319807, -121.870491 50.319923, -121.87032 50.320044, -121.87016 50.320169, -121.870013 50.320296, -121.869879 50.320422, -121.869634 50.320666, -121.869515 50.320771, -121.869115 50.320974, -121.868826 50.320888, -121.86847 50.320537, -121.868283 50.320223, -121.868086 50.319892, -121.867856 50.319562, -121.866575 50.31858, -121.86585 50.318276, -121.865336 50.318106, -121.865074 50.318031, -121.864807 50.317963, -121.864536 50.317908, -121.864264 50.317867, -121.863992 50.317841, -121.863721 50.31783, -121.863452 50.317833, -121.863186 50.317846, -121.862922 50.317867, -121.862665 50.317896, -121.862412 50.317932, -121.862162 50.317976, -121.861918 50.318026, -121.861679 50.31808, -121.861446 50.318139, -121.861218 50.3182, -121.860994 50.318263, -121.860774 50.318326, -121.860559 50.318388, -121.86035 50.31845, -121.860145 50.318509, -121.859944 50.318567, -121.859745 50.318623, -121.859548 50.318677, -121.859351 50.318728, -121.859154 50.318777, -121.858957 50.318822, -121.858762 50.318865, -121.858567 50.318906, -121.858372 50.318945, -121.858179 50.318982, -121.857987 50.319017, -121.857794 50.319051, -121.8576 50.319084, -121.857405 50.319114, -121.857209 50.319142, -121.85701 50.319167, -121.85681 50.319191, -121.856607 50.319215, -121.856403 50.319239, -121.856196 50.319263, -121.855986 50.319286, -121.855776 50.319306, -121.855563 50.319322, -121.855348 50.319333, -121.854923 50.31934, -121.854717 50.319337, -121.854517 50.319329, -121.854323 50.31932, -121.853957 50.319295, -121.85379 50.319283, -121.853629 50.319275, -121.853473 50.31927, -121.853326 50.319272, -121.853041 50.319298, -121.852899 50.319322, -121.852478 50.319417, -121.852332 50.319446, -121.851725 50.319427, -121.851574 50.319395, -121.85093 50.319293, -121.850292 50.319291, -121.850045 50.31929, -121.849974 50.31929, -121.849586 50.319258, -121.849234 50.319187, -121.848807 50.319022, -121.848689 50.318954, -121.84868 50.318948, -121.848583 50.318885, -121.848483 50.318816, -121.848391 50.31875, -121.848303 50.318686, -121.848221 50.318626, -121.848142 50.318567, -121.848067 50.318509, -121.84799 50.31845, -121.847909 50.318387, -121.847821 50.31832, -121.847728 50.318247, -121.847629 50.318171, -121.847522 50.31809, -121.847406 50.318007, -121.847281 50.317923, -121.847143 50.317843, -121.846991 50.317768, -121.846826 50.3177, -121.846656 50.317637, -121.846306 50.317521, -121.846129 50.317463, -121.845951 50.317403, -121.84577 50.317338, -121.845667 50.317297, -121.845497 50.317213, -121.845406 50.317192, -121.844882 50.316935, -121.844497 50.316773, -121.844046 50.316657, -121.842719 50.316548, -121.842641 50.31655, -121.84194 50.316561, -121.841701 50.316577, -121.840638 50.316746, -121.840258 50.3168, -121.839884 50.316781, -121.839698 50.316739, -121.839339 50.316601, -121.839163 50.316504, -121.838987 50.316395, -121.838617 50.316161, -121.838206 50.315936, -121.837757 50.315757, -121.837526 50.31569, -121.837295 50.315636, -121.836852 50.315549, -121.836647 50.315502, -121.836459 50.315442, -121.836291 50.315365, -121.836143 50.315269, -121.836021 50.315153, -121.835829 50.314865, -121.83576 50.314701, -121.835705 50.314557, -121.835629 50.314357, -121.835549 50.314179, -121.835445 50.314003, -121.835309 50.313832, -121.835143 50.31367, -121.834948 50.31352, -121.834726 50.313386, -121.833926 50.313094, -121.832567 50.312847, -121.832139 50.312769, -121.831589 50.31261, -121.830892 50.312228, -121.830689 50.312066, -121.830312 50.311717, -121.829729 50.311186, -121.82902 50.310739, -121.827812 50.310403, -121.827476 50.310368, -121.827133 50.310348, -121.826786 50.31034, -121.826438 50.310339, -121.82609 50.310343, -121.825743 50.310352, -121.825396 50.310364, -121.82505 50.310381, -121.824705 50.310401, -121.824363 50.310423, -121.824024 50.310444, -121.823689 50.310465, -121.823356 50.310483, -121.823029 50.310496, -121.8227 50.310507, -121.822372 50.310515, -121.822046 50.310522, -121.8214 50.310531, -121.820771 50.310539, -121.820464 50.310546, -121.820161 50.310555, -121.819866 50.310568, -121.819575 50.310588, -121.819289 50.310613, -121.819007 50.310644, -121.818458 50.310712, -121.81819 50.310748, -121.817925 50.310785, -121.817661 50.310821, -121.817398 50.310859, -121.817137 50.310896, -121.816877 50.310935, -121.816622 50.310973, -121.81637 50.311012, -121.816124 50.311051, -121.815885 50.311092, -121.815653 50.311134, -121.815431 50.311177, -121.815217 50.31122, -121.815011 50.311262, -121.814812 50.311303, -121.81462 50.311341, -121.814436 50.311377, -121.814262 50.311411, -121.814099 50.311442, -121.813946 50.311472, -121.813801 50.311502, -121.81366 50.31153, -121.813524 50.311557, -121.813395 50.311586, -121.813269 50.31162, -121.813146 50.31166, -121.813026 50.311706, -121.812909 50.311757, -121.812796 50.311814, -121.812686 50.311879, -121.812584 50.311946, -121.812486 50.312013, -121.812395 50.312083, -121.812308 50.312152, -121.812096 50.312389, -121.811989 50.312577, -121.811934 50.312674, -121.811817 50.312864, -121.811748 50.312953, -121.811472 50.31319, -121.811366 50.313254, -121.811259 50.313316, -121.81092 50.31353, -121.810595 50.313801, -121.810388 50.313987, -121.810186 50.314163, -121.81008 50.314248, -121.809962 50.314329, -121.809834 50.314405, -121.809697 50.314475, -121.809549 50.314539, -121.809388 50.314595, -121.80902 50.314681, -121.808816 50.314708, -121.808606 50.314721, -121.808393 50.31472, -121.808181 50.314704, -121.807976 50.314669, -121.80777 50.314618, -121.807382 50.314457, -121.807213 50.314351, -121.807056 50.314239, -121.806763 50.314011, -121.80663 50.31389, -121.806511 50.313766, -121.80641 50.313637, -121.806328 50.313504, -121.806272 50.313359, -121.806236 50.313205, -121.806248 50.312734, -121.806293 50.312577, -121.80642 50.312259, -121.806572 50.311943, -121.806741 50.311648, -121.806944 50.311373, -121.807334 50.311006, -121.807935 50.310677, -121.808486 50.310498, -121.808791 50.310419, -121.809092 50.310343, -121.809675 50.310176, -121.81047 50.309924, -121.810907 50.309745, -121.811084 50.309647, -121.811214 50.309541, -121.811295 50.309407, -121.811347 50.309276, -121.811331 50.309144, -121.81127 50.309018, -121.811165 50.308897, -121.810853 50.308663, -121.810638 50.30857, -121.810417 50.308474, -121.81017 50.308385, -121.809915 50.308297, -121.809658 50.308197, -121.809396 50.308093, -121.809157 50.308004, -121.808684 50.307756, -121.808162 50.307421))"
164,2023-07-29 10:30:57,2023072601,2023,373.6,Non-corrected airborne GPS,1690354800000,1690432245000,Out of Control,JA70003000,3735567.7219,9396.5672,320,211825a7-4ba2-43a7-9138-8d55c94d10c3,10972334.2890625,16096.9923190568,https://wildfiresituation.nrs.gov.bc.ca/incidents?fireYear=2023&incidentNumber=R11378,"POLYGON ((-125.292412 54.362079, -125.291086 54.361639, -125.289922 54.361041, -125.28877 54.360466, -125.287493 54.359709, -125.286098 54.359697, -125.284696 54.359705, -125.283351 54.35946, -125.282214 54.35892, -125.281318 54.358179, -125.280627 54.357308, -125.279901 54.356433, -125.278871 54.355728, -125.277555 54.355305, -125.276088 54.355284, -125.27481 54.355668, -125.27372 54.356283, -125.272732 54.356943, -125.271799 54.357524, -125.270658 54.357734, -125.269612 54.357214, -125.269077 54.356314, -125.268767 54.355326, -125.268475 54.354366, -125.2683 54.353436, -125.268364 54.352551, -125.26885 54.351715, -125.269757 54.351009, -125.27117 54.350621, -125.272941 54.35054, -125.274745 54.350345, -125.276192 54.349764, -125.276966 54.348871, -125.27709 54.347909, -125.276462 54.347071, -125.275352 54.346469, -125.274152 54.345968, -125.273124 54.345436, -125.272658 54.344636, -125.272872 54.343675, -125.273193 54.342649, -125.272835 54.3416, -125.272189 54.340588, -125.271573 54.339679, -125.271041 54.338908, -125.270858 54.338233, -125.271364 54.337648, -125.272455 54.337313, -125.273887 54.337353, -125.275434 54.337563, -125.277108 54.337777, -125.278936 54.337764, -125.280802 54.337476, -125.282502 54.336924, -125.283849 54.336171, -125.284893 54.335348, -125.285877 54.334561, -125.287106 54.333967, -125.288566 54.33378, -125.290009 54.334157, -125.290885 54.335042, -125.291264 54.33612, -125.291708 54.337263, -125.292303 54.338437, -125.292976 54.339604, -125.293715 54.340745, -125.294512 54.341843, -125.295316 54.342884, -125.296068 54.343891, -125.296491 54.344952, -125.296437 54.346059, -125.29621 54.34718, -125.296052 54.348315, -125.296087 54.349484, -125.296164 54.350675, -125.296105 54.351862, -125.295659 54.353008, -125.295139 54.354164, -125.294821 54.35534, -125.294833 54.356506, -125.295191 54.357641, -125.295583 54.358729, -125.29582 54.359783, -125.295694 54.360782, -125.295063 54.361637, -125.293859 54.362125, -125.292412 54.362079))"
165,2023-07-29 10:30:57,2023072001,2023,6449.3,Hand sketch of any type,1689836400000,1689903493000,Out of Control,JA70003000,64493473.3126,40032.7006,321,3d2e208a-dcaa-4e6a-b600-e2e109dd4755,183838785.820313,67610.4367951092,https://wildfiresituation.nrs.gov.bc.ca/incidents?fireYear=2023&incidentNumber=R11387,"POLYGON ((-126.180443 53.74342, -126.202965 53.746586, -126.207059 53.750034, -126.206566 53.75349, -126.200706 53.75365, -126.181557 53.75074, -126.180783 53.752903, -126.179337 53.75695, -126.168221 53.756741, -126.152039 53.755051, -126.137149 53.750348, -126.130402 53.752682, -126.129044 53.755901, -126.120819 53.756371, -126.1064 53.756649, -126.0951 53.757019, -126.075684 53.75893, -126.069023 53.756569, -126.054176 53.748241, -126.05674 53.740952, -126.037394 53.735152, -126.034653 53.734329, -126.019174 53.73221, -126.01284 53.732521, -126.004488 53.729332, -126.007767 53.72356, -126.011223 53.72007, -126.013397 53.715061, -126.018997 53.712356, -126.028515 53.71014, -126.028985 53.7076, -126.029373 53.705509, -126.030243 53.69902, -126.031288 53.693981, -126.033928 53.692762, -126.035268 53.687115, -126.044575 53.688367, -126.046967 53.687531, -126.05751 53.68428, -126.062393 53.679329, -126.063698 53.676041, -126.069511 53.676868, -126.075333 53.6777, -126.081169 53.67852, -126.087044 53.679352, -126.093391 53.681149, -126.097481 53.684292, -126.099854 53.68359, -126.104103 53.681511, -126.113876 53.687099, -126.124527 53.68745, -126.12384 53.692699, -126.129417 53.69289, -126.134804 53.693069, -126.134399 53.69833, -126.139153 53.703758, -126.138962 53.70903, -126.135147 53.71389, -126.138611 53.72131, -126.143211 53.72543, -126.147827 53.729561, -126.155792 53.729309, -126.159508 53.731201, -126.166573 53.731091, -126.172363 53.738171, -126.178781 53.74234, -126.180443 53.74342))"
166,2023-07-29 10:30:57,2023072001,2023,3020.2,Hand sketch of any type,1689836400000,1689905587000,Out of Control,JA70003000,30201653.0651,25882.5978,322,86de3762-2b36-4b79-8d6a-d27a89068c8d,84981758.7421875,43427.5182379548,https://wildfiresituation.nrs.gov.bc.ca/incidents?fireYear=2023&incidentNumber=R11388,"POLYGON ((-126.043404 53.47123, -126.046021 53.46468, -126.047333 53.461411, -126.053123 53.462238, -126.066063 53.457531, -126.06498 53.452789, -126.059753 53.44709, -126.055283 53.442989, -126.063683 53.437271, -126.07077 53.43483, -126.072067 53.431549, -126.07338 53.428268, -126.074654 53.424999, -126.080437 53.425819, -126.087517 53.423382, -126.093307 53.42421, -126.099091 53.425041, -126.106178 53.422588, -126.115196 53.425591, -126.122253 53.42836, -126.132875 53.429872, -126.138323 53.425486, -126.143098 53.421354, -126.14653 53.421329, -126.152489 53.422409, -126.158447 53.423512, -126.164429 53.424599, -126.165863 53.426731, -126.163723 53.430575, -126.157987 53.433571, -126.157523 53.437555, -126.153448 53.440135, -126.15567 53.442669, -126.155289 53.447929, -126.155029 53.453831, -126.155273 53.458462, -126.149879 53.463551, -126.138283 53.465302, -126.128128 53.46871, -126.127446 53.469052, -126.112312 53.469151, -126.104512 53.46752, -126.099037 53.467628, -126.084563 53.466624, -126.079108 53.46773, -126.07149 53.468365, -126.065117 53.468871, -126.057086 53.471178, -126.04858 53.472314, -126.043404 53.47123))"
167,2023-07-29 10:30:57,2023071901,2023,125.6,Non-corrected airborne GPS,1689750000000,1690145461000,Out of Control,JA70003000,1256142.8626,5405.8904,324,ec0a4461-d9e6-4eaa-89fc-5e7b28a54109,3657002.625,9222.30595852779,https://wildfiresituation.nrs.gov.bc.ca/incidents?fireYear=2023&incidentNumber=R11546,"POLYGON ((-126.11301 54.16593, -126.11301 54.16608, -126.11309 54.16609, -126.11309 54.16613, -126.11311 54.16614, -126.11301 54.16619, -126.11287 54.16619, -126.11286 54.16623, -126.11282 54.16623, -126.11288 54.16626, -126.11288 54.1663, -126.11289 54.16631, -126.11292 54.16633, -126.1128 54.16638, -126.1128 54.1663, -126.11277 54.16628, -126.11269 54.16629, -126.11268 54.16633, -126.11292 54.16657, -126.11289 54.16665, -126.11295 54.16667, -126.11296 54.16692, -126.11291 54.16703, -126.11289 54.16713, -126.11287 54.16721, -126.1128 54.16731, -126.11264 54.16749, -126.11249 54.16756, -126.11239 54.16762, -126.11227 54.16766, -126.11209 54.16767, -126.11175 54.16763, -126.11158 54.16765, -126.11148 54.16766, -126.11142 54.1677, -126.11134 54.16781, -126.11134 54.16788, -126.11133 54.16795, -126.11132 54.16804, -126.11138 54.16816, -126.11139 54.16826, -126.11138 54.16836, -126.11134 54.16847, -126.11129 54.16855, -126.11127 54.16858, -126.11108 54.16866, -126.11105 54.16868, -126.11097 54.16871, -126.11081 54.16871, -126.11077 54.16874, -126.11075 54.16875, -126.11052 54.1689, -126.11034 54.16891, -126.11017 54.16885, -126.11003 54.16872, -126.11 54.1687, -126.10993 54.16863, -126.10983 54.16856, -126.10978 54.1685, -126.10981 54.16851, -126.10978 54.16844, -126.10962 54.16849, -126.10959 54.16854, -126.10941 54.16847, -126.10916 54.16866, -126.10911 54.1687, -126.10904 54.16874, -126.10889 54.16885, -126.1088 54.16883, -126.10878 54.1691, -126.10874 54.16921, -126.10878 54.16926, -126.10879 54.16938, -126.10884 54.16944, -126.1087 54.1694, -126.10861 54.16948, -126.10863 54.16954, -126.10853 54.1697, -126.10851 54.16974, -126.10843 54.16974, -126.10837 54.16977, -126.10837 54.16983, -126.10832 54.16987, -126.10809 54.17008, -126.10801 54.17014, -126.10728 54.17026, -126.10743 54.17025, -126.10736 54.17027, -126.10728 54.17028, -126.10722 54.17032, -126.10703 54.1703, -126.10698 54.17027, -126.10696 54.17032, -126.10667 54.17049, -126.10648 54.17067, -126.10611 54.17087, -126.10576 54.17097, -126.1057 54.17099, -126.10553 54.17103, -126.10535 54.17116, -126.1052 54.17119, -126.10511 54.17118, -126.10496 54.17116, -126.10482 54.17113, -126.10468 54.17109, -126.10462 54.17115, -126.10451 54.17119, -126.10432 54.17124, -126.1042 54.17126, -126.10388 54.17134, -126.10368 54.17138, -126.10343 54.17148, -126.10312 54.17147, -126.10308 54.17141, -126.10305 54.17143, -126.10304 54.17138, -126.10301 54.17136, -126.10296 54.17129, -126.10303 54.17106, -126.10316 54.17094, -126.10315 54.17084, -126.10315 54.17067, -126.10305 54.17045, -126.10296 54.17038, -126.10297 54.17029, -126.10274 54.17019, -126.10258 54.17009, -126.10245 54.17005, -126.10242 54.16994, -126.10233 54.16983, -126.10229 54.16979, -126.10223 54.1697, -126.10212 54.16962, -126.10183 54.16954, -126.10176 54.16952, -126.10168 54.16949, -126.1016 54.16949, -126.10149 54.16943, -126.10157 54.16936, -126.10141 54.16929, -126.10134 54.16913, -126.10133 54.16902, -126.10129 54.16892, -126.10133 54.16879, -126.1014 54.16872, -126.1014 54.16865, -126.10123 54.16848, -126.10111 54.16844, -126.10111 54.16834, -126.10099 54.16829, -126.10069 54.16823, -126.10063 54.16816, -126.10053 54.16813, -126.10015 54.16809, -126.10007 54.16813, -126.09995 54.16817, -126.09965 54.16829, -126.09934 54.1684, -126.09909 54.16846, -126.09886 54.1685, -126.09863 54.16852, -126.09827 54.16849, -126.09759 54.16853, -126.09754 54.16854, -126.09747 54.16854, -126.09749 54.16852, -126.09745 54.16852, -126.09744 54.16852, -126.09737 54.1685, -126.0973 54.16845, -126.09728 54.16841, -126.09728 54.16837, -126.0973 54.16834, -126.09728 54.16825, -126.09725 54.16823, -126.09718 54.16819, -126.09709 54.16811, -126.09712 54.16803, -126.09715 54.16794, -126.09725 54.16776, -126.09723 54.16766, -126.09721 54.16764, -126.09707 54.16749, -126.09707 54.16738, -126.09709 54.16726, -126.0971 54.16715, -126.0971 54.16713, -126.09706 54.16683, -126.09699 54.16675, -126.09685 54.16668, -126.09669 54.16665, -126.09654 54.16659, -126.09636 54.16657, -126.09618 54.16654, -126.096 54.16657, -126.09582 54.16657, -126.09561 54.16655, -126.09536 54.16654, -126.09512 54.16656, -126.09498 54.16657, -126.09479 54.16658, -126.09458 54.16659, -126.09439 54.16657, -126.09427 54.16651, -126.0942 54.16644, -126.09414 54.16635, -126.09415 54.16633, -126.09423 54.16618, -126.09428 54.16582, -126.09432 54.16574, -126.0944 54.16566, -126.09448 54.1656, -126.09452 54.16552, -126.0945 54.16542, -126.09451 54.16532, -126.09448 54.16518, -126.09452 54.16505, -126.09458 54.16495, -126.09461 54.16492, -126.0947 54.16479, -126.09456 54.16469, -126.09446 54.16459, -126.09445 54.16447, -126.0945 54.16435, -126.09456 54.16426, -126.0946 54.16415, -126.09464 54.16403, -126.09468 54.16393, -126.09463 54.16383, -126.09458 54.16375, -126.09454 54.16364, -126.09455 54.16361, -126.09452 54.16353, -126.09454 54.16346, -126.09456 54.16344, -126.09454 54.16341, -126.09454 54.16334, -126.09458 54.16326, -126.09453 54.16325, -126.0945 54.16326, -126.09446 54.16326, -126.09444 54.16325, -126.09441 54.16324, -126.09438 54.16324, -126.09435 54.16325, -126.09432 54.16324, -126.09429 54.16322, -126.09428 54.16322, -126.09432 54.16321, -126.09435 54.1632, -126.0944 54.16319, -126.09437 54.16318, -126.09442 54.16314, -126.09438 54.1631, -126.09443 54.16308, -126.09444 54.1631, -126.09445 54.16309, -126.09449 54.16309, -126.09453 54.16304, -126.09453 54.16302, -126.09456 54.16298, -126.0946 54.16293, -126.09467 54.1629, -126.0947 54.16286, -126.09472 54.16282, -126.09471 54.16278, -126.09458 54.16265, -126.09457 54.16261, -126.09456 54.16256, -126.09455 54.16252, -126.09455 54.16239, -126.09456 54.16233, -126.09458 54.16228, -126.09461 54.16223, -126.0947 54.16214, -126.09474 54.16209, -126.09481 54.16204, -126.09486 54.16201, -126.09497 54.16193, -126.095 54.16192, -126.09503 54.16193, -126.09501 54.16186, -126.09499 54.16178, -126.09499 54.16177, -126.095 54.1617, -126.09497 54.16171, -126.09496 54.16168, -126.09494 54.16164, -126.09494 54.16154, -126.09496 54.1615, -126.095 54.16139, -126.09498 54.16104, -126.095 54.16099, -126.09498 54.1609, -126.09458 54.16064, -126.09453 54.16057, -126.09451 54.16052, -126.09453 54.16048, -126.09456 54.16046, -126.09457 54.16045, -126.094734 54.16027, -126.09488 54.16011, -126.09489 54.16005, -126.0949 54.16004, -126.09492 54.15996, -126.09488 54.15959, -126.09527 54.15934, -126.09532 54.15933, -126.09538 54.15932, -126.09567 54.15932, -126.09576 54.15928, -126.09584 54.15925, -126.09587 54.1592, -126.09589 54.15917, -126.0959 54.15915, -126.09594 54.15914, -126.09603 54.15908, -126.096049 54.159073, -126.09614 54.15904, -126.09617 54.15902, -126.09625 54.15898, -126.09637 54.15895, -126.09649 54.15894, -126.09663 54.15896, -126.09665 54.15896, -126.09712 54.15903, -126.09756 54.15915, -126.09783 54.15914, -126.09827 54.15902, -126.09836 54.15901, -126.09848 54.15901, -126.09861 54.15902, -126.0989 54.15902, -126.09933 54.15906, -126.09938 54.15906, -126.09953 54.15907, -126.09965 54.15909, -126.09999 54.15902, -126.10004 54.15901, -126.10013 54.15898, -126.10024 54.15897, -126.10036 54.15893, -126.10052 54.15889, -126.10074 54.15886, -126.10099 54.1588, -126.10127 54.15876, -126.10152 54.1587, -126.10183 54.15865, -126.10221 54.15858, -126.10254 54.15852, -126.10289 54.15847, -126.1045 54.15813, -126.10463 54.1581, -126.10499 54.15803, -126.10536 54.15797, -126.10555 54.15796, -126.10582 54.15792, -126.10584 54.15791, -126.10587 54.15791, -126.107366 54.157661, -126.10785 54.15758, -126.10788 54.15757, -126.10802 54.15754, -126.10815 54.15753, -126.10826 54.15756, -126.10834 54.1576, -126.10835 54.15752, -126.10837 54.15752, -126.10841 54.15753, -126.10844 54.15757, -126.10846 54.15757, -126.10845 54.15759, -126.10848 54.15762, -126.1084 54.15762, -126.10837 54.15765, -126.10838 54.15766, -126.10838 54.15767, -126.10839 54.15769, -126.10834 54.1577, -126.10829 54.1577, -126.10827 54.15769, -126.10845 54.158539, -126.108692 54.158737, -126.108817 54.159264, -126.108684 54.159642, -126.10883 54.16033, -126.10876 54.16045, -126.10871 54.1605, -126.10863 54.16057, -126.10845 54.16065, -126.10836 54.16074, -126.10877 54.16084, -126.10903 54.16087, -126.10907 54.16095, -126.10901 54.16104, -126.10902 54.16112, -126.10905 54.16118, -126.10909 54.16124, -126.10912 54.16135, -126.10919 54.16143, -126.1092 54.1615, -126.1092 54.16158, -126.10922 54.16166, -126.10921 54.1617, -126.10921 54.16175, -126.10919 54.16178, -126.10917 54.16183, -126.1091 54.16191, -126.10913 54.16204, -126.10912 54.16208, -126.1092 54.1621, -126.10922 54.16211, -126.10938 54.16216, -126.10939 54.16216, -126.10944 54.16217, -126.10949 54.16219, -126.10991 54.16218, -126.11003 54.16212, -126.11064 54.16191, -126.11088 54.16189, -126.11089 54.16209, -126.11095 54.16221, -126.11098 54.16222, -126.1111 54.16233, -126.11117 54.16239, -126.11118 54.16244, -126.11112 54.16252, -126.11108 54.16256, -126.11094 54.16254, -126.11127 54.16265, -126.11134 54.16265, -126.11136 54.16267, -126.11134 54.16272, -126.11129 54.16274, -126.11127 54.16275, -126.11286 54.16532, -126.11305 54.16535, -126.11313 54.16539, -126.11324 54.16539, -126.11322 54.16546, -126.11307 54.16555, -126.11307 54.16557, -126.113 54.16582, -126.11301 54.16593))"
168,2023-07-29 10:30:57,2023071801,2023,947.8,Hand sketch of any type,1689663600000,1689708556000,Out of Control,JA70003000,9477687.2482,12386.3544,325,7f7c9818-021a-4e04-bb07-2da762050da3,26702318.2734375,20795.4424668855,https://wildfiresituation.nrs.gov.bc.ca/incidents?fireYear=2023&incidentNumber=R11592,"POLYGON ((-125.163353 53.479309, -125.163511 53.478387, -125.163773 53.477031, -125.163665 53.476241, -125.163699 53.475046, -125.164052 53.47456, -125.164262 53.47417, -125.165188 53.472897, -125.166351 53.472226, -125.167994 53.471448, -125.171485 53.468994, -125.174105 53.466181, -125.175756 53.463117, -125.175998 53.462447, -125.176452 53.462273, -125.180174 53.461132, -125.180532 53.460963, -125.182559 53.460182, -125.184389 53.460418, -125.185847 53.460698, -125.191204 53.461065, -125.196579 53.460802, -125.201764 53.459917, -125.201993 53.459863, -125.203233 53.460627, -125.207347 53.462709, -125.212062 53.464271, -125.217198 53.465254, -125.222556 53.46562, -125.223431 53.465628, -125.223506 53.465675, -125.226644 53.46803, -125.227692 53.468675, -125.227333 53.469671, -125.226774 53.470711, -125.226162 53.473909, -125.22616 53.473985, -125.226604 53.477193, -125.227154 53.478338, -125.225262 53.478918, -125.221038 53.480921, -125.217549 53.483376, -125.21493 53.486191, -125.213949 53.488016, -125.206532 53.487527, -125.197513 53.488395, -125.190957 53.488409, -125.186624 53.48478, -125.184307 53.483139, -125.182582 53.481269, -125.17995 53.480786, -125.176031 53.481108, -125.171237 53.481075, -125.169015 53.481372, -125.163353 53.479309))"
169,2023-07-29 10:30:57,2023071401,2023,230.3,Hand sketch of any type,1689318000000,1689557776000,Out of Control,JA70003000,2303078.702,8367.6818,326,9fc1fd20-bfa1-4cf4-928e-3c9577b17176,6507278.5546875,14078.5354981304,https://wildfiresituation.nrs.gov.bc.ca/incidents?fireYear=2023&incidentNumber=R11725,"POLYGON ((-126.639313 53.54229, -126.602629 53.540328, -126.597343 53.538448, -126.622017 53.532871, -126.638586 53.528715, -126.648643 53.53075, -126.637461 53.534692, -126.634197 53.537077, -126.635094 53.538925, -126.639313 53.54229))"
170,2023-07-29 10:30:57,2023071902,2023,147.0,Hand sketch of any type,1689750000000,1689977007000,Out of Control,JA70003000,1470333.0933,5278.8109,327,b0c3339e-d97a-4a7e-b004-87ab63c183bc,4179518.6875,8903.18851764518,https://wildfiresituation.nrs.gov.bc.ca/incidents?fireYear=2023&incidentNumber=R11816,"POLYGON ((-125.204984 53.666834, -125.203008 53.666644, -125.202483 53.665896, -125.203783 53.663743, -125.205409 53.663048, -125.206067 53.662029, -125.213038 53.659599, -125.219713 53.658297, -125.225378 53.657472, -125.230654 53.657937, -125.231916 53.658645, -125.231694 53.662685, -125.229584 53.663274, -125.225674 53.663314, -125.224889 53.66381, -125.221669 53.665846, -125.218811 53.667604, -125.214672 53.669623, -125.212952 53.669739, -125.210147 53.667924, -125.20779 53.666281, -125.204984 53.666834))"
171,2023-07-29 10:30:57,2023072401,2023,895.1,Non-corrected ground GPS,1690182000000,1690259263000,Fire of Note,JA70003000,8951135.0656,25786.9222,329,c0198fbd-346f-465d-b05a-69cd3753f72b,26246484.1328125,44149.8851020768,https://wildfiresituation.nrs.gov.bc.ca/incidents?fireYear=2023&incidentNumber=R21178,"POLYGON ((-126.690437 54.310281, -126.691474 54.310313, -126.692489 54.310365, -126.693451 54.310461, -126.693469 54.310465, -126.694344 54.310643, -126.695095 54.310963, -126.695753 54.311399, -126.696368 54.311863, -126.696977 54.312331, -126.69757 54.312797, -126.698114 54.313268, -126.698528 54.313767, -126.698845 54.314263, -126.699133 54.314721, -126.699503 54.315124, -126.700035 54.315455, -126.700608 54.31576, -126.701139 54.31609, -126.701437 54.316473, -126.701708 54.316851, -126.702093 54.317143, -126.7027 54.317245, -126.703334 54.317077, -126.70385 54.316733, -126.704309 54.316337, -126.704627 54.31589, -126.704628 54.315365, -126.70448 54.314836, -126.704282 54.314308, -126.703981 54.313773, -126.703483 54.313278, -126.702848 54.312834, -126.702053 54.312436, -126.701181 54.312086, -126.700323 54.31172, -126.699765 54.311274, -126.699681 54.310705, -126.699814 54.310088, -126.699841 54.309859, -126.69989 54.309436, -126.700092 54.308901, -126.700109 54.308857, -126.700553 54.308385, -126.701259 54.308084, -126.702146 54.307986, -126.702785 54.307982, -126.703124 54.308199, -126.703109 54.308279, -126.703061 54.308534, -126.703137 54.308871, -126.703636 54.309081, -126.704321 54.309082, -126.704942 54.309078, -126.705444 54.309268, -126.705636 54.30966, -126.70563 54.310093, -126.705618 54.310547, -126.70588 54.310918, -126.706536 54.311128, -126.707375 54.311139, -126.7082 54.311, -126.708961 54.310779, -126.709626 54.310533, -126.710199 54.310216, -126.71051 54.309784, -126.710475 54.309237, -126.710164 54.308688, -126.710081 54.308225, -126.710214 54.308111, -126.710471 54.30789, -126.711212 54.307863, -126.711798 54.30808, -126.712206 54.30841, -126.712216 54.308432, -126.712358 54.308773, -126.712492 54.309122, -126.712863 54.309385, -126.713401 54.309562, -126.713979 54.309688, -126.714601 54.309753, -126.71523 54.309705, -126.715896 54.309555, -126.716532 54.30935, -126.71707 54.309225, -126.717373 54.309291, -126.717357 54.309518, -126.71727 54.309784, -126.717626 54.310021, -126.718278 54.310067, -126.718734 54.309749, -126.718778 54.309231, -126.718689 54.308656, -126.718957 54.308105, -126.719653 54.307689, -126.720496 54.307352, -126.721396 54.307007, -126.722248 54.306607, -126.722858 54.306056, -126.723412 54.305449, -126.724108 54.304919, -126.725006 54.304531, -126.725939 54.304161, -126.72675 54.303759, -126.727322 54.303285, -126.727515 54.302959, -126.727634 54.302758, -126.72806 54.30234, -126.728725 54.302005, -126.729366 54.301582, -126.729986 54.301142, -126.730864 54.300924, -126.73144 54.300942, -126.731882 54.300955, -126.732802 54.301182, -126.733537 54.301536, -126.734038 54.301959, -126.734137 54.302432, -126.733949 54.302949, -126.734006 54.303509, -126.734594 54.303992, -126.735459 54.304378, -126.736416 54.304589, -126.737294 54.304692, -126.738101 54.304697, -126.738718 54.304487, -126.739089 54.304109, -126.73936 54.303706, -126.739851 54.30336, -126.740412 54.303044, -126.740551 54.302565, -126.740401 54.30202, -126.74019 54.301488, -126.740046 54.301006, -126.740018 54.300598, -126.740226 54.300369, -126.740595 54.300341, -126.740849 54.300615, -126.740953 54.301122, -126.74146 54.301452, -126.742095 54.301422, -126.742813 54.301126, -126.743145 54.300588, -126.743189 54.299944, -126.743125 54.299287, -126.743011 54.298643, -126.743012 54.298048, -126.743233 54.297577, -126.743746 54.297328, -126.744306 54.297248, -126.744837 54.297213, -126.745396 54.297234, -126.745997 54.297278, -126.746704 54.297352, -126.747473 54.297429, -126.748345 54.297399, -126.749154 54.297049, -126.749663 54.296499, -126.749906 54.295871, -126.750146 54.295299, -126.75072 54.29491, -126.751423 54.294561, -126.751745 54.294073, -126.751708 54.293505, -126.75181 54.292975, -126.752173 54.292478, -126.752326 54.291923, -126.752005 54.29138, -126.751265 54.290999, -126.750279 54.290821, -126.749235 54.290791, -126.748198 54.290834, -126.747266 54.290851, -126.74701 54.290777, -126.746657 54.290674, -126.746549 54.290287, -126.746977 54.289938, -126.747751 54.289737, -126.747918 54.289728, -126.748635 54.289691, -126.749536 54.289705, -126.750368 54.289519, -126.7508 54.289065, -126.750825 54.288493, -126.750797 54.287932, -126.751073 54.287469, -126.751748 54.287257, -126.752507 54.287262, -126.753019 54.287547, -126.753348 54.287958, -126.753555 54.288413, -126.753755 54.2889, -126.753994 54.289397, -126.754238 54.289919, -126.754359 54.290256, -126.754434 54.290467, -126.754559 54.291059, -126.754641 54.291683, -126.754601 54.292315, -126.754598 54.29233, -126.754469 54.292953, -126.754491 54.293575, -126.754585 54.293706, -126.75488 54.294118, -126.755168 54.294635, -126.755139 54.295126, -126.754749 54.295528, -126.75424 54.295879, -126.753969 54.296084, -126.753746 54.296251, -126.753261 54.296663, -126.752833 54.297126, -126.75257 54.297445, -126.752428 54.297618, -126.752299 54.297768, -126.751999 54.298118, -126.751491 54.298556, -126.750874 54.298913, -126.750154 54.299182, -126.749977 54.299266, -126.749533 54.299477, -126.749255 54.299891, -126.749604 54.300328, -126.750436 54.300656, -126.75151 54.300815, -126.75268 54.300899, -126.7539 54.300906, -126.755112 54.300833, -126.756117 54.300745, -126.756314 54.300727, -126.757482 54.300571, -126.758696 54.300338, -126.759783 54.300159, -126.760584 54.300288, -126.760627 54.30038, -126.760697 54.300532, -126.760778 54.300706, -126.760378 54.301112, -126.759684 54.301362, -126.758856 54.301541, -126.758004 54.301688, -126.757285 54.301867, -126.756884 54.302242, -126.756961 54.302702, -126.757606 54.303057, -126.758596 54.303252, -126.759696 54.303291, -126.760735 54.303377, -126.761648 54.303639, -126.761674 54.303653, -126.762391 54.304025, -126.762881 54.304518, -126.763291 54.305034, -126.763546 54.30559, -126.763617 54.306161, -126.763257 54.306647, -126.762616 54.307068, -126.76174 54.307389, -126.761684 54.307403, -126.761287 54.307496, -126.760724 54.307628, -126.759668 54.307774, -126.758559 54.307836, -126.757452 54.307867, -126.756485 54.308008, -126.75563 54.308353, -126.755002 54.308856, -126.754633 54.309486, -126.754402 54.310129, -126.754237 54.31077, -126.754093 54.311391, -126.753918 54.311986, -126.753767 54.312554, -126.753673 54.313111, -126.753529 54.313665, -126.753285 54.314229, -126.752796 54.314804, -126.752323 54.315348, -126.751732 54.315849, -126.751173 54.316318, -126.750483 54.31681, -126.750028 54.317429, -126.749833 54.318125, -126.74994 54.318847, -126.750217 54.319573, -126.750405 54.320302, -126.750266 54.320994, -126.74966 54.321599, -126.748774 54.322127, -126.748593 54.322214, -126.747793 54.322602, -126.746845 54.323032, -126.745817 54.323369, -126.744778 54.323501, -126.743778 54.323432, -126.742802 54.323277, -126.741829 54.32311, -126.740845 54.322969, -126.739899 54.322865, -126.73901 54.322732, -126.738184 54.322617, -126.738098 54.322555, -126.737802 54.322342, -126.737915 54.322025, -126.738444 54.321787, -126.739037 54.321562, -126.739398 54.321216, -126.739333 54.3208, -126.738696 54.32048, -126.737746 54.320406, -126.736666 54.320527, -126.735533 54.320693, -126.734392 54.320841, -126.733237 54.320966, -126.732153 54.32109, -126.73115 54.321204, -126.7302 54.32133, -126.729285 54.321595, -126.728644 54.322107, -126.727966 54.322716, -126.72702 54.323271, -126.725844 54.323569, -126.724611 54.323556, -126.72346 54.323342, -126.722354 54.322996, -126.721329 54.322588, -126.720345 54.32217, -126.719445 54.321731, -126.71862 54.321306, -126.717901 54.320862, -126.717329 54.320442, -126.716797 54.320043, -126.716237 54.319675, -126.715678 54.319319, -126.715124 54.318939, -126.714595 54.318551, -126.714107 54.318158, -126.713608 54.317948, -126.713051 54.318002, -126.71255 54.318294, -126.712228 54.318736, -126.711999 54.319298, -126.711915 54.319927, -126.711907 54.320553, -126.711924 54.321145, -126.711922 54.321723, -126.711934 54.322256, -126.71205 54.322717, -126.711992 54.323086, -126.71172 54.32323, -126.711269 54.323204, -126.710765 54.323084, -126.710158 54.323219, -126.709549 54.323468, -126.709007 54.323728, -126.708471 54.323845, -126.707951 54.323823, -126.707412 54.323676, -126.706933 54.323414, -126.706393 54.323202, -126.706285 54.32315, -126.705863 54.322948, -126.705263 54.322667, -126.705019 54.322297, -126.705061 54.32211, -126.705114 54.321878, -126.704897 54.321507, -126.704393 54.321302, -126.703994 54.321075, -126.703956 54.320706, -126.704002 54.320296, -126.703695 54.319942, -126.703049 54.319748, -126.702316 54.319641, -126.701587 54.319549, -126.700969 54.319405, -126.700408 54.319285, -126.69996 54.319199, -126.699664 54.319143, -126.699388 54.319124, -126.69902 54.319172, -126.698534 54.319216, -126.698002 54.319266, -126.697476 54.31947, -126.69718 54.319538, -126.697028 54.319573, -126.696935 54.319595, -126.696409 54.319458, -126.69625 54.319284, -126.696139 54.319164, -126.696137 54.318834, -126.696217 54.318501, -126.696011 54.318186, -126.695556 54.317905, -126.695017 54.31768, -126.694599 54.317433, -126.69432 54.317163, -126.69407 54.317003, -126.693682 54.317065, -126.693263 54.317347, -126.692825 54.317683, -126.692208 54.317982, -126.691427 54.318187, -126.690591 54.318386, -126.689767 54.318648, -126.688956 54.319026, -126.688188 54.319502, -126.687503 54.320084, -126.686833 54.320741, -126.68615 54.321438, -126.685906 54.321674, -126.685408 54.322155, -126.685374 54.322187, -126.684667 54.322871, -126.683927 54.323528, -126.683212 54.324104, -126.682418 54.324552, -126.681647 54.324829, -126.680837 54.324926, -126.680358 54.324967, -126.680044 54.324993, -126.679363 54.32525, -126.678788 54.325659, -126.678016 54.325887, -126.677461 54.325715, -126.677293 54.325628, -126.676879 54.325256, -126.67662 54.324766, -126.67646 54.3242, -126.676029 54.32368, -126.675269 54.32325, -126.674662 54.323062, -126.674407 54.322983, -126.673788 54.322525, -126.673698 54.322037, -126.673944 54.321631, -126.673945 54.321629, -126.674261 54.321226, -126.674268 54.320759, -126.674155 54.320515, -126.674166 54.320291, -126.673999 54.319908, -126.673547 54.319683, -126.673411 54.319615, -126.672768 54.31933, -126.672598 54.318939, -126.672757 54.318485, -126.672781 54.317985, -126.67273 54.317426, -126.672529 54.31683, -126.672178 54.316275, -126.671871 54.315793, -126.671822 54.315372, -126.671886 54.315108, -126.671916 54.314986, -126.671866 54.314864, -126.6718 54.3148, -126.671685 54.314762, -126.671478 54.314663, -126.671231 54.314579, -126.671125 54.314532, -126.670996 54.314475, -126.670807 54.314411, -126.670707 54.314333, -126.670667 54.314249, -126.670659 54.314167, -126.670714 54.314032, -126.670763 54.313863, -126.670739 54.313776, -126.670687 54.313679, -126.670529 54.313637, -126.670435 54.313603, -126.670435 54.313583, -126.670406 54.313549, -126.670406 54.313503, -126.6704 54.313465, -126.670435 54.313377, -126.67045 54.313269, -126.670513 54.313178, -126.670586 54.313121, -126.670667 54.313029, -126.670713 54.312924, -126.670782 54.312842, -126.670957 54.312821, -126.671178 54.312782, -126.671347 54.31277, -126.671375 54.312768, -126.671447 54.312748, -126.671484 54.312748, -126.671499 54.312726, -126.671528 54.312737, -126.671492 54.312765, -126.671538 54.312747, -126.671697 54.312753, -126.671897 54.312755, -126.672028 54.312745, -126.672158 54.312711, -126.67226 54.312607, -126.672308 54.312494, -126.672404 54.312407, -126.672511 54.312395, -126.672724 54.312382, -126.672867 54.312349, -126.672953 54.312275, -126.672936 54.31225, -126.672886 54.312177, -126.672814 54.312098, -126.672753 54.312022, -126.672752 54.311921, -126.672849 54.311822, -126.672927 54.311716, -126.67298 54.311634, -126.673026 54.31158, -126.673056 54.311576, -126.673086 54.311568, -126.673115 54.31158, -126.673141 54.311553, -126.673172 54.311562, -126.673229 54.31157, -126.67336 54.311541, -126.673393 54.311556, -126.673419 54.31157, -126.673451 54.311574, -126.673502 54.311573, -126.673525 54.311589, -126.673589 54.311617, -126.673658 54.311637, -126.673727 54.311654, -126.673769 54.311644, -126.673807 54.311645, -126.673814 54.311668, -126.673861 54.311669, -126.674111 54.311688, -126.67413 54.311722, -126.674158 54.311731, -126.674146 54.311749, -126.674161 54.311768, -126.674187 54.311787, -126.674224 54.311807, -126.674263 54.311816, -126.674289 54.31182, -126.674328 54.311826, -126.674364 54.311828, -126.674364 54.311829, -126.674364 54.311823, -126.674413 54.311804, -126.67443 54.311824, -126.674461 54.311836, -126.674479 54.311838, -126.674584 54.311841, -126.67483 54.311892, -126.674907 54.3119, -126.675073 54.311915, -126.675167 54.311976, -126.675172 54.311985, -126.6752 54.312034, -126.675277 54.312078, -126.675387 54.312119, -126.675456 54.312113, -126.675593 54.31213, -126.675847 54.31219, -126.675965 54.312211, -126.676091 54.312228, -126.67612 54.312232, -126.676263 54.312278, -126.676342 54.312378, -126.676442 54.312402, -126.676557 54.312461, -126.676663 54.312503, -126.676798 54.312586, -126.676898 54.312657, -126.677023 54.31274, -126.677182 54.312771, -126.677562 54.313097, -126.677731 54.313141, -126.677895 54.313181, -126.678074 54.313193, -126.678286 54.313224, -126.678485 54.313239, -126.678681 54.313253, -126.678819 54.313297, -126.678979 54.313299, -126.67914 54.313295, -126.679368 54.313323, -126.679538 54.313331, -126.679676 54.313311, -126.679815 54.31329, -126.679862 54.313279, -126.680099 54.31326, -126.680311 54.313242, -126.680795 54.313034, -126.680906 54.312986, -126.680909 54.312983, -126.68096 54.312944, -126.680994 54.31289, -126.681001 54.312836, -126.681042 54.312795, -126.681103 54.312761, -126.681122 54.312717, -126.681191 54.312689, -126.681219 54.312669, -126.681279 54.312633, -126.681397 54.312604, -126.681517 54.312593, -126.681628 54.312606, -126.681736 54.312632, -126.681843 54.312671, -126.68192 54.312709, -126.681927 54.312712, -126.682044 54.312764, -126.682181 54.312809, -126.682311 54.312841, -126.682452 54.312874, -126.682563 54.312858, -126.682683 54.312841, -126.682781 54.312808, -126.682922 54.31277, -126.683049 54.312737, -126.683176 54.312713, -126.683297 54.312699, -126.683414 54.31268, -126.683582 54.312636, -126.683683 54.312591, -126.683772 54.312541, -126.683826 54.31248, -126.683829 54.312429, -126.683857 54.312375, -126.684111 54.312229, -126.684185 54.3122, -126.684255 54.312173, -126.684299 54.312155, -126.68439 54.312129, -126.684478 54.312082, -126.684569 54.31205, -126.684708 54.312043, -126.684799 54.311984, -126.684884 54.311954, -126.68494 54.311919, -126.685045 54.311903, -126.685103 54.311886, -126.685178 54.311898, -126.685226 54.311813, -126.685321 54.311771, -126.685428 54.311737, -126.685523 54.311674, -126.685577 54.311638, -126.685605 54.311615, -126.685657 54.311609, -126.685716 54.31157, -126.685713 54.311525, -126.685758 54.311544, -126.685802 54.311544, -126.685882 54.31154, -126.685985 54.311561, -126.686126 54.311563, -126.686255 54.311536, -126.686393 54.311515, -126.686482 54.311482, -126.686536 54.311428, -126.686578 54.311358, -126.686596 54.311283, -126.686616 54.311211, -126.686632 54.311131, -126.686642 54.311086, -126.686651 54.311045, -126.686705 54.310979, -126.68677 54.310925, -126.686825 54.310856, -126.686913 54.310769, -126.687017 54.310729, -126.687089 54.310675, -126.687212 54.310647, -126.687314 54.310625, -126.6874 54.310627, -126.687511 54.310628, -126.687578 54.310629, -126.687796 54.310642, -126.687939 54.310642, -126.688103 54.310636, -126.688279 54.310581, -126.688432 54.310498, -126.688521 54.310436, -126.688607 54.310394, -126.688611 54.310392, -126.688707 54.310348, -126.688799 54.310299, -126.688912 54.310258, -126.688995 54.310217, -126.688978 54.310179, -126.688987 54.310133, -126.688927 54.310103, -126.688896 54.310065, -126.688864 54.310057, -126.688825 54.310033, -126.688797 54.309994, -126.688775 54.309951, -126.688776 54.30991, -126.688786 54.309865, -126.688832 54.309833, -126.68887 54.309819, -126.688915 54.309813, -126.68897 54.309813, -126.689002 54.309813, -126.689034 54.309816, -126.689071 54.309801, -126.689125 54.309792, -126.689175 54.309786, -126.689211 54.309786, -126.689266 54.309781, -126.689317 54.30979, -126.689365 54.309795, -126.68942 54.309807, -126.689456 54.309819, -126.689484 54.30984, -126.689505 54.30987, -126.689521 54.309895, -126.689531 54.309927, -126.689555 54.309961, -126.689565 54.309994, -126.689563 54.310026, -126.689562 54.310056, -126.689554 54.310084, -126.689547 54.310118, -126.689501 54.310134, -126.689446 54.310149, -126.689478 54.310151, -126.689569 54.310156, -126.689623 54.310183, -126.689683 54.310216, -126.689831 54.310246, -126.689969 54.310274, -126.690034 54.310285, -126.690437 54.310281))"
172,2023-07-29 10:30:57,2023072601,2023,7431.5,Non-corrected airborne GPS,1690354800000,1690433729000,Out of Control,JA70003000,74315188.8573,63812.4327,330,28ef18e8-f7f2-4c89-8dc8-8a426141fe42,223908990.359375,110790.664010063,https://wildfiresituation.nrs.gov.bc.ca/incidents?fireYear=2023&incidentNumber=R21217,"POLYGON ((-125.904394 54.918211, -125.902661 54.917609, -125.901164 54.916665, -125.899764 54.915608, -125.898389 54.914514, -125.897043 54.913401, -125.895667 54.912328, -125.894125 54.9114, -125.892224 54.910763, -125.890101 54.910405, -125.887916 54.910217, -125.885737 54.91007, -125.883558 54.909973, -125.881356 54.909922, -125.879126 54.90981, -125.876911 54.909472, -125.874833 54.908817, -125.872996 54.90788, -125.871479 54.90674, -125.870324 54.905456, -125.869354 54.904108, -125.868443 54.902752, -125.867483 54.901401, -125.866396 54.900083, -125.865213 54.89879, -125.863951 54.897524, -125.862658 54.896269, -125.861312 54.895031, -125.859973 54.893787, -125.85882 54.892483, -125.857983 54.891096, -125.857365 54.889651, -125.8567 54.88822, -125.855828 54.886848, -125.854787 54.885512, -125.853667 54.884197, -125.852432 54.88292, -125.85104 54.881713, -125.849534 54.88058, -125.847845 54.879574, -125.84591 54.878735, -125.843815 54.878065, -125.841679 54.877481, -125.839525 54.876968, -125.837372 54.87651, -125.835236 54.876072, -125.833144 54.875644, -125.831099 54.875228, -125.829103 54.874815, -125.827165 54.874404, -125.825271 54.874004, -125.823375 54.873653, -125.821521 54.8734, -125.819773 54.873278, -125.818243 54.873216, -125.816334 54.873479, -125.814355 54.873581, -125.812412 54.873562, -125.810535 54.873554, -125.80879 54.873847, -125.807536 54.874586, -125.806673 54.875527, -125.806279 54.876582, -125.806115 54.877647, -125.80632 54.878636, -125.807134 54.879534, -125.808613 54.880228, -125.810563 54.880713, -125.81251 54.881318, -125.814246 54.882164, -125.815766 54.883157, -125.817166 54.88418, -125.818135 54.885268, -125.818311 54.886387, -125.817866 54.887425, -125.817023 54.888286, -125.816076 54.888885, -125.814862 54.889099, -125.813734 54.888755, -125.81283 54.888056, -125.811827 54.887331, -125.810587 54.886787, -125.809272 54.886313, -125.808002 54.885703, -125.806727 54.885015, -125.805317 54.88435, -125.8038 54.883697, -125.802206 54.883072, -125.800653 54.882426, -125.799255 54.881705, -125.79795 54.880934, -125.796571 54.880216, -125.794971 54.879662, -125.793252 54.879331, -125.79145 54.879308, -125.789727 54.879637, -125.788173 54.88014, -125.786769 54.880662, -125.785789 54.881344, -125.78535 54.882208, -125.784541 54.88296, -125.783114 54.883328, -125.781385 54.883346, -125.779528 54.88328, -125.777593 54.883282, -125.775674 54.883402, -125.773817 54.883703, -125.772118 54.884294, -125.77046 54.885007, -125.768758 54.885665, -125.767097 54.886261, -125.765671 54.886998, -125.764796 54.88804, -125.764808 54.889299, -125.765655 54.890621, -125.767009 54.891884, -125.768649 54.893067, -125.770483 54.89419, -125.772401 54.895271, -125.77425 54.896353, -125.775903 54.897477, -125.777307 54.89863, -125.778603 54.899748, -125.780188 54.900689, -125.782059 54.901391, -125.784137 54.901843, -125.78629 54.902178, -125.788337 54.902621, -125.790121 54.903329, -125.791509 54.904305, -125.79251 54.905439, -125.793319 54.906648, -125.794147 54.907866, -125.794948 54.909106, -125.795661 54.910351, -125.796284 54.911574, -125.796807 54.91273, -125.797128 54.913778, -125.797166 54.914728, -125.796569 54.915478, -125.795793 54.915752, -125.794253 54.915752, -125.792546 54.915425, -125.791349 54.915184, -125.790132 54.914905, -125.788517 54.914272, -125.7877 54.913689, -125.787035 54.912988, -125.786174 54.911923, -125.78504 54.911033, -125.783554 54.910346, -125.781681 54.910101, -125.77974 54.910252, -125.777852 54.910643, -125.776213 54.911315, -125.774754 54.912097, -125.773421 54.912939, -125.772122 54.913793, -125.770716 54.914565, -125.769207 54.915183, -125.767616 54.915563, -125.76603 54.91567, -125.764498 54.915392, -125.763208 54.914688, -125.762097 54.913711, -125.76084 54.912716, -125.759337 54.911822, -125.757639 54.911081, -125.756485 54.91061, -125.75483 54.909887, -125.75339 54.909068, -125.752122 54.908175, -125.75095 54.907258, -125.749853 54.906362, -125.748729 54.905573, -125.747453 54.905016, -125.746032 54.904799, -125.744638 54.904701, -125.743383 54.904334, -125.742417 54.903679, -125.741659 54.902941, -125.740966 54.902255, -125.740225 54.901689, -125.739756 54.901183, -125.73997 54.900545, -125.740407 54.899797, -125.7402 54.89893, -125.739295 54.89821, -125.738261 54.897641, -125.737253 54.897138, -125.736314 54.896634, -125.735344 54.896184, -125.73438 54.895725, -125.733791 54.895054, -125.733686 54.894242, -125.733974 54.893464, -125.734784 54.892809, -125.73601 54.892332, -125.737161 54.891797, -125.737823 54.891038, -125.737703 54.890185, -125.737016 54.889364, -125.736054 54.888638, -125.734837 54.888123, -125.733491 54.887802, -125.732159 54.887547, -125.731106 54.887148, -125.73059 54.886527, -125.730995 54.885744, -125.732387 54.885123, -125.734246 54.884575, -125.736229 54.883914, -125.737918 54.883059, -125.739013 54.882004, -125.739424 54.880845, -125.739147 54.879713, -125.738332 54.878679, -125.737063 54.877809, -125.735497 54.877111, -125.733717 54.876656, -125.731862 54.876355, -125.730026 54.876142, -125.72821 54.876026, -125.72643 54.875933, -125.724722 54.875993, -125.72321 54.876394, -125.722026 54.877037, -125.721357 54.877906, -125.721105 54.87893, -125.720543 54.879945, -125.719604 54.880812, -125.718823 54.881633, -125.718197 54.882388, -125.717409 54.882968, -125.716477 54.883407, -125.715717 54.883969, -125.715359 54.884713, -125.715049 54.885545, -125.714505 54.886389, -125.713551 54.887123, -125.71226 54.887616, -125.710753 54.887688, -125.709308 54.887378, -125.707999 54.886834, -125.706635 54.886311, -125.705144 54.885906, -125.703641 54.885533, -125.702305 54.884989, -125.701257 54.884217, -125.700512 54.883315, -125.699589 54.882538, -125.698206 54.882115, -125.696574 54.882272, -125.695078 54.882825, -125.693589 54.883347, -125.692049 54.883705, -125.690558 54.883969, -125.689313 54.884419, -125.688705 54.885255, -125.689002 54.88627, -125.689925 54.887192, -125.6907 54.888097, -125.690854 54.888958, -125.690301 54.889531, -125.689306 54.889622, -125.6882 54.889381, -125.68697 54.88916, -125.685646 54.888858, -125.684543 54.888187, -125.683608 54.887291, -125.682723 54.886268, -125.681738 54.885207, -125.680682 54.884167, -125.679615 54.883178, -125.678606 54.882209, -125.677647 54.881273, -125.676734 54.880343, -125.675904 54.879434, -125.67511 54.878562, -125.674204 54.87775, -125.672974 54.877195, -125.671506 54.876959, -125.669977 54.876964, -125.668555 54.877128, -125.667226 54.877213, -125.66608 54.876921, -125.665463 54.876268, -125.665424 54.875401, -125.66559 54.874455, -125.665557 54.87348, -125.665323 54.872483, -125.665113 54.871443, -125.664953 54.870404, -125.664446 54.869418, -125.663536 54.868572, -125.662365 54.86789, -125.661175 54.867235, -125.660331 54.866465, -125.660222 54.865542, -125.661001 54.86464, -125.662017 54.863781, -125.663084 54.862962, -125.66421 54.862223, -125.665472 54.861585, -125.667074 54.861238, -125.668873 54.861346, -125.670729 54.861652, -125.672692 54.861727, -125.674565 54.861424, -125.676162 54.860817, -125.677384 54.860001, -125.678166 54.859046, -125.678729 54.858049, -125.679406 54.857137, -125.680458 54.856376, -125.682003 54.856028, -125.683705 54.855878, -125.685334 54.855547, -125.68638 54.854777, -125.686769 54.853756, -125.686596 54.852718, -125.686393 54.851746, -125.686714 54.850732, -125.687745 54.849899, -125.689561 54.849396, -125.691804 54.849144, -125.694149 54.848963, -125.696543 54.848884, -125.698906 54.848964, -125.701213 54.849353, -125.703316 54.850087, -125.705131 54.85102, -125.706694 54.852001, -125.708256 54.852859, -125.710023 54.853374, -125.711926 54.853414, -125.713669 54.85289, -125.715052 54.852005, -125.716211 54.850972, -125.717318 54.849941, -125.718169 54.848893, -125.718735 54.847867, -125.71897 54.846904, -125.718648 54.846036, -125.717933 54.845311, -125.717515 54.844484, -125.717869 54.843566, -125.719102 54.842812, -125.720687 54.842082, -125.721872 54.841092, -125.722429 54.839945, -125.722902 54.838804, -125.723887 54.837735, -125.725303 54.836776, -125.7267 54.835857, -125.727675 54.834826, -125.728271 54.833715, -125.728488 54.832582, -125.728304 54.831491, -125.727907 54.83048, -125.727857 54.829386, -125.728703 54.828407, -125.730367 54.82766, -125.732355 54.827063, -125.734407 54.826497, -125.736422 54.825884, -125.738248 54.825112, -125.739838 54.82422, -125.741039 54.823211, -125.742131 54.822264, -125.743455 54.821444, -125.745284 54.821012, -125.74743 54.821139, -125.749588 54.821725, -125.751838 54.822444, -125.754327 54.823002, -125.757005 54.82331, -125.759768 54.823439, -125.762553 54.823503, -125.765336 54.823558, -125.768099 54.823657, -125.770812 54.823886, -125.773429 54.824339, -125.775843 54.825074, -125.778034 54.826042, -125.780121 54.827092, -125.782207 54.828145, -125.784312 54.829178, -125.786433 54.830181, -125.788546 54.831165, -125.790621 54.832168, -125.792616 54.833223, -125.794549 54.834315, -125.796472 54.835399, -125.798502 54.836409, -125.800747 54.837238, -125.803168 54.837845, -125.805649 54.838282, -125.808111 54.838676, -125.810509 54.839128, -125.81285 54.839655, -125.815149 54.840201, -125.817414 54.840689, -125.819554 54.841168, -125.821454 54.841832, -125.822808 54.842847, -125.823769 54.844047, -125.825325 54.845138, -125.827573 54.845919, -125.83004 54.846569, -125.832585 54.847146, -125.83512 54.847719, -125.837579 54.848375, -125.83982 54.849255, -125.841814 54.850337, -125.843854 54.851405, -125.846129 54.852313, -125.848604 54.853002, -125.851192 54.853465, -125.853768 54.853811, -125.856228 54.854256, -125.858434 54.854971, -125.860192 54.855977, -125.861543 54.857149, -125.862592 54.858383, -125.863243 54.85969, -125.863798 54.861032, -125.864761 54.86234, -125.866069 54.863575, -125.867295 54.864819, -125.86835 54.866115, -125.868956 54.867476, -125.868928 54.868833, -125.868399 54.870094, -125.867439 54.8712, -125.866082 54.872079, -125.864618 54.872802, -125.863201 54.873492, -125.862124 54.874356, -125.861615 54.875418, -125.861726 54.876608, -125.862379 54.877803, -125.86305 54.879026, -125.863443 54.88031, -125.863399 54.881616, -125.863146 54.882906, -125.862912 54.884158, -125.863033 54.885375, -125.863685 54.886481, -125.864727 54.8874, -125.866091 54.888102, -125.867824 54.888456, -125.869714 54.888424, -125.871563 54.887989, -125.873232 54.887271, -125.874863 54.886482, -125.876541 54.885738, -125.878312 54.88512, -125.880172 54.884686, -125.882161 54.88452, -125.884232 54.8847, -125.886294 54.885186, -125.888356 54.885806, -125.890474 54.886449, -125.892658 54.887066, -125.894916 54.887614, -125.897237 54.888061, -125.899582 54.888416, -125.901824 54.888833, -125.9038 54.889492, -125.905339 54.890452, -125.906321 54.891672, -125.907101 54.893002, -125.907917 54.894368, -125.908857 54.895708, -125.910039 54.896945, -125.91149 54.898042, -125.912941 54.899089, -125.914168 54.900163, -125.914983 54.901328, -125.91529 54.902547, -125.915299 54.903764, -125.915125 54.904973, -125.914831 54.906186, -125.914512 54.907405, -125.914272 54.90865, -125.914134 54.909903, -125.914027 54.911141, -125.913876 54.912339, -125.913632 54.913487, -125.913229 54.914581, -125.912631 54.915623, -125.911819 54.916586, -125.910768 54.917409, -125.909517 54.918077, -125.907939 54.918454, -125.906184 54.918484, -125.904394 54.918211))"
173,2023-07-29 10:30:57,2023071301,2023,85.7,Hand sketch of any type,1689231600000,1689276564000,Under Control,JA70003000,857492.3405,3664.0591,331,ae971476-bcb3-47f6-b40d-13ef48d58379,2481318.375,6232.71647398718,https://wildfiresituation.nrs.gov.bc.ca/incidents?fireYear=2023&incidentNumber=R21225,"POLYGON ((-126.826306 54.039317, -126.826307 54.03941, -126.821509 54.0374, -126.825555 54.033472, -126.827933 54.033456, -126.835698 54.033124, -126.837169 54.03525, -126.839035 54.041273, -126.838744 54.042575, -126.836848 54.042959, -126.831454 54.042904, -126.826306 54.039317))"
174,2023-07-29 10:30:57,2023071601,2023,6758.0,Non-corrected airborne GPS,1689490800000,1689569175000,Fire of Note,JA70003000,67579791.2579,51447.6417,332,4424e97a-980d-4127-a164-0a6cf8414085,195475688.992188,87531.45245275,https://wildfiresituation.nrs.gov.bc.ca/incidents?fireYear=2023&incidentNumber=R21234,"POLYGON ((-126.414086 54.008719, -126.415368 54.008882, -126.416306 54.009413, -126.416775 54.01003, -126.416908 54.010204, -126.416934 54.011183, -126.417146 54.011888, -126.417918 54.012503, -126.419575 54.012554, -126.420691 54.012872, -126.421639 54.01333, -126.421831 54.01417, -126.422111 54.015086, -126.422662 54.016061, -126.4225 54.016897, -126.422188 54.017399, -126.421517 54.018063, -126.420592 54.018682, -126.419428 54.019307, -126.418262 54.020086, -126.417062 54.020895, -126.415862 54.021726, -126.415147 54.02288, -126.414653 54.023379, -126.413797 54.023417, -126.412843 54.02331, -126.411961 54.023142, -126.411042 54.022911, -126.410028 54.022726, -126.409029 54.022568, -126.407894 54.022468, -126.406754 54.022369, -126.405617 54.022331, -126.403816 54.022317, -126.402029 54.02225, -126.400283 54.022118, -126.398682 54.021967, -126.397027 54.022031, -126.396091 54.022687, -126.395704 54.023672, -126.395975 54.024815, -126.395597 54.025763, -126.395147 54.026661, -126.394821 54.02668, -126.393733 54.026924, -126.393275 54.026939, -126.391526 54.026714, -126.389733 54.026364, -126.388515 54.026091, -126.387215 54.025993, -126.385897 54.025984, -126.384525 54.026086, -126.383248 54.026268, -126.382032 54.02652, -126.380904 54.026844, -126.379858 54.027269, -126.378598 54.027715, -126.377528 54.027817, -126.376437 54.027755, -126.375266 54.027741, -126.374277 54.027861, -126.373469 54.028276, -126.372755 54.028865, -126.372232 54.029621, -126.372238 54.031318, -126.372251 54.03157, -126.372271 54.031973, -126.37253 54.032829, -126.373025 54.034102, -126.371973 54.034013, -126.370326 54.032717, -126.36881 54.03278, -126.367352 54.033273, -126.365838 54.034802, -126.362643 54.04024, -126.360896 54.039841, -126.359391 54.039195, -126.358644 54.038328, -126.358271 54.037249, -126.358166 54.036097, -126.358157 54.036071, -126.357723 54.034878, -126.355986 54.034423, -126.354115 54.034218, -126.352138 54.034492, -126.351045 54.034696, -126.350118 54.034868, -126.347954 54.035164, -126.346254 54.034641, -126.345956 54.034472, -126.34469 54.033751, -126.343971 54.033148, -126.343418 54.032684, -126.341464 54.031981, -126.339354 54.031479, -126.337175 54.031034, -126.335044 54.030558, -126.333026 54.03004, -126.330844 54.029935, -126.328605 54.029989, -126.326393 54.030405, -126.324493 54.031055, -126.323058 54.032059, -126.321906 54.033172, -126.320625 54.034198, -126.319133 54.035091, -126.317483 54.035814, -126.315661 54.036324, -126.313787 54.036892, -126.312143 54.037655, -126.310452 54.038439, -126.308692 54.039175, -126.306876 54.039855, -126.304991 54.040504, -126.30304 54.041367, -126.301168 54.041833, -126.299105 54.041916, -126.297158 54.041533, -126.29536 54.040852, -126.293278 54.040623, -126.291085 54.040698, -126.288965 54.041223, -126.287057 54.042116, -126.285459 54.043209, -126.284158 54.04439, -126.28314 54.045628, -126.282502 54.046879, -126.282273 54.04797, -126.282226 54.048195, -126.282163 54.049517, -126.282121 54.050875, -126.281963 54.052191, -126.281821 54.053576, -126.281445 54.054853, -126.280927 54.056103, -126.280354 54.05732, -126.279431 54.058381, -126.278246 54.059372, -126.277432 54.060393, -126.276674 54.061453, -126.275966 54.062632, -126.275296 54.063987, -126.274422 54.064711, -126.273095 54.064675, -126.272035 54.064434, -126.27089 54.064037, -126.269955 54.063935, -126.26884 54.064, -126.267748 54.064173, -126.266682 54.064444, -126.26564 54.06482, -126.264681 54.06529, -126.263796 54.065918, -126.262839 54.066539, -126.261894 54.06717, -126.260915 54.067875, -126.260006 54.068601, -126.258746 54.069213, -126.257226 54.069549, -126.255878 54.06912, -126.254628 54.068581, -126.253124 54.068198, -126.251283 54.068271, -126.250259 54.06781, -126.249431 54.067091, -126.248762 54.066607, -126.247353 54.066587, -126.24585 54.066843, -126.244331 54.067152, -126.242549 54.06728, -126.240625 54.067439, -126.23878 54.067802, -126.236944 54.067901, -126.235074 54.067712, -126.231186 54.066824, -126.230325 54.067451, -126.230329 54.068789, -126.230824 54.07022, -126.231158 54.07114, -126.231302 54.072073, -126.231463 54.073139, -126.231256 54.073966, -126.230707 54.074643, -126.230282 54.075512, -126.229196 54.075913, -126.227913 54.076165, -126.226541 54.076262, -126.225123 54.076423, -126.223725 54.07691, -126.222408 54.077591, -126.221036 54.078545, -126.219732 54.07887, -126.217887 54.078953, -126.216472 54.078915, -126.215576 54.078632, -126.215089 54.078169, -126.215061 54.077541, -126.215224 54.076845, -126.215303 54.07604, -126.215735 54.075503, -126.217086 54.074961, -126.218837 54.074641, -126.220904 54.074146, -126.221506 54.073192, -126.221525 54.072114, -126.220631 54.07109, -126.219079 54.070304, -126.217188 54.069788, -126.215019 54.069524, -126.212863 54.069322, -126.210912 54.068906, -126.209156 54.068304, -126.208567 54.068101, -126.207439 54.067485, -126.206148 54.066795, -126.204763 54.066178, -126.203231 54.065737, -126.201479 54.065586, -126.199724 54.065693, -126.198625 54.065852, -126.197579 54.065954, -126.196664 54.065821, -126.196028 54.065459, -126.195807 54.064925, -126.196023 54.064332, -126.196501 54.063734, -126.197037 54.063134, -126.197465 54.062507, -126.197702 54.061856, -126.197776 54.0612, -126.197805 54.060543, -126.197822 54.059872, -126.197806 54.059193, -126.197728 54.058504, -126.197618 54.057814, -126.197521 54.057368, -126.197408 54.056851, -126.197191 54.056056, -126.196635 54.055501, -126.195696 54.055211, -126.194589 54.05499, -126.19328 54.054803, -126.192126 54.054487, -126.191342 54.053927, -126.191004 54.053166, -126.19104 54.052245, -126.190776 54.051284, -126.189987 54.050442, -126.189133 54.049636, -126.188259 54.048864, -126.187449 54.048096, -126.187038 54.047251, -126.186764 54.046348, -126.18617 54.045527, -126.185115 54.04493, -126.184101 54.044372, -126.183259 54.043768, -126.182329 54.043293, -126.181236 54.043034, -126.180467 54.042967, -126.179677 54.042989, -126.178883 54.043093, -126.178088 54.043253, -126.177394 54.043342, -126.176915 54.043287, -126.176773 54.043066, -126.177073 54.042792, -126.177622 54.042515, -126.178246 54.042205, -126.178975 54.041881, -126.179717 54.041491, -126.180482 54.041091, -126.181379 54.040775, -126.182432 54.040609, -126.183532 54.040545, -126.184609 54.040526, -126.185698 54.040521, -126.186736 54.04047, -126.187648 54.040267, -126.188245 54.039858, -126.188332 54.039006, -126.187527 54.038208, -126.186316 54.037544, -126.18521 54.036822, -126.184165 54.036118, -126.183017 54.035501, -126.181695 54.035038, -126.180387 54.034598, -126.179021 54.034244, -126.177632 54.034064, -126.176372 54.03382, -126.175259 54.033462, -126.174315 54.033089, -126.173494 54.032632, -126.172572 54.032233, -126.171642 54.031811, -126.17123 54.031332, -126.171875 54.030963, -126.172856 54.030811, -126.173683 54.030486, -126.174345 54.029919, -126.1753 54.02941, -126.176403 54.028903, -126.177543 54.028377, -126.178568 54.027882, -126.179071 54.027378, -126.178683 54.026851, -126.178086 54.026312, -126.178173 54.025938, -126.178254 54.025592, -126.179272 54.024962, -126.179412 54.024914, -126.180673 54.024483, -126.18221 54.024073, -126.183834 54.023764, -126.185396 54.023574, -126.186608 54.023734, -126.186961 54.023781, -126.188568 54.023934, -126.190147 54.023877, -126.191651 54.023616, -126.192968 54.023131, -126.194125 54.022564, -126.195293 54.022001, -126.196553 54.021509, -126.197807 54.021064, -126.198891 54.020566, -126.199202 54.020295, -126.199581 54.019965, -126.200141 54.0194, -126.200727 54.018919, -126.201495 54.018586, -126.202435 54.018341, -126.203426 54.018148, -126.204592 54.018028, -126.205991 54.017989, -126.20738 54.018011, -126.211319 54.016911, -126.211654 54.016776, -126.212023 54.016446, -126.212605 54.015771, -126.213613 54.015165, -126.214928 54.014627, -126.216323 54.014159, -126.21787 54.013847, -126.219303 54.013692, -126.219463 54.013674, -126.220987 54.013619, -126.222411 54.013729, -126.223727 54.013989, -126.225039 54.014296, -126.22639 54.014585, -126.227756 54.014913, -126.229026 54.015341, -126.230358 54.015255, -126.231182 54.014705, -126.231866 54.014175, -126.232853 54.014045, -126.23401 54.014343, -126.23514 54.01473, -126.236344 54.014997, -126.237641 54.015145, -126.238961 54.015183, -126.240164 54.015092, -126.241212 54.014841, -126.242186 54.014539, -126.243267 54.014289, -126.24413 54.013747, -126.244981 54.013413, -126.246021 54.013522, -126.246732 54.014245, -126.247217 54.015027, -126.24817 54.015594, -126.249557 54.015904, -126.250992 54.016266, -126.252443 54.016546, -126.253791 54.016578, -126.254811 54.016303, -126.255383 54.015763, -126.256317 54.015409, -126.257693 54.015399, -126.259218 54.015612, -126.26067 54.015831, -126.261977 54.015916, -126.26319 54.015983, -126.264406 54.016332, -126.265725 54.016603, -126.267214 54.016629, -126.268856 54.016635, -126.270592 54.016638, -126.272297 54.016572, -126.27395 54.016498, -126.275494 54.01646, -126.27675 54.016418, -126.277551 54.016, -126.277938 54.015316, -126.278851 54.014974, -126.279648 54.015077, -126.280392 54.015393, -126.281107 54.015816, -126.281855 54.016282, -126.282704 54.016687, -126.283718 54.016905, -126.284792 54.016914, -126.285817 54.016835, -126.286845 54.016775, -126.287867 54.016746, -126.288856 54.016716, -126.289777 54.016628, -126.290573 54.016438, -126.291289 54.016218, -126.292449 54.016111, -126.293626 54.016321, -126.294402 54.016405, -126.295467 54.016262, -126.296086 54.016083, -126.29681 54.015739, -126.29724 54.015286, -126.297822 54.014926, -126.298487 54.014843, -126.299694 54.014911, -126.300873 54.014731, -126.301991 54.014479, -126.302859 54.014487, -126.303771 54.014516, -126.305065 54.01429, -126.305934 54.013699, -126.306648 54.013077, -126.307057 54.012671, -126.307004 54.011977, -126.306431 54.011294, -126.306206 54.010785, -126.306248 54.009995, -126.306294 54.009214, -126.306077 54.008742, -126.305392 54.008143, -126.304348 54.007746, -126.303403 54.007648, -126.30239 54.007586, -126.300847 54.007419, -126.299321 54.007145, -126.297911 54.006826, -126.297147 54.006495, -126.296833 54.006226, -126.300003 54.00518, -126.300681 54.004832, -126.303814 54.003223, -126.304622 54.002808, -126.304956 54.002468, -126.305748 54.001384, -126.306933 54.000572, -126.308499 54.000109, -126.310082 53.999862, -126.310411 53.999834, -126.311607 53.999733, -126.312991 53.999403, -126.313887 53.999027, -126.314911 53.998773, -126.315573 53.998726, -126.315692 53.998369, -126.315608 53.997939, -126.316447 53.997573, -126.317357 53.997061, -126.318526 53.996866, -126.319874 53.996333, -126.320919 53.99561, -126.32169 53.994802, -126.322398 53.99401, -126.323848 53.993699, -126.325399 53.993498, -126.326039 53.993301, -126.326982 53.99301, -126.328477 53.992796, -126.330096 53.992844, -126.330708 53.993168, -126.331215 53.993436, -126.331373 53.993592, -126.332096 53.994302, -126.333392 53.994482, -126.335083 53.994389, -126.336829 53.993876, -126.338763 53.993294, -126.339766 53.992908, -126.341056 53.992412, -126.343048 53.992114, -126.345409 53.992295, -126.347516 53.992686, -126.347777 53.992734, -126.350212 53.993339, -126.35282 53.993713, -126.35555 53.993937, -126.358224 53.99375, -126.360069 53.993496, -126.360885 53.993384, -126.363336 53.992742, -126.364737 53.99219, -126.365634 53.991837, -126.368268 53.990808, -126.37077 53.990319, -126.372615 53.990613, -126.37428 53.991281, -126.375915 53.9922, -126.377452 53.993196, -126.378529 53.993842, -126.380208 53.994796, -126.381951 53.995699, -126.394096 53.99897, -126.394193 53.999017, -126.396783 54.000281, -126.397036 54.000482, -126.397651 54.001365, -126.398413 54.002182, -126.399316 54.002928, -126.399872 54.003715, -126.400088 54.004613, -126.400083 54.005567, -126.400604 54.006553, -126.401367 54.007507, -126.402443 54.008343, -126.403769 54.008944, -126.405065 54.009339, -126.406279 54.009492, -126.40753 54.009292, -126.409111 54.008854, -126.410938 54.008701, -126.413208 54.008607, -126.414086 54.008719))"
175,2023-07-29 10:30:57,2023072101,2023,2060.8,Non-corrected airborne GPS,1689922800000,1689971621000,Fire of Note,JA70003000,20607664.4477,41371.5915,333,54eb724b-b799-48f6-b2fe-41a1e8e841e5,60756995.1328125,71050.9011353137,https://wildfiresituation.nrs.gov.bc.ca/incidents?fireYear=2023&incidentNumber=R21250,"MULTIPOLYGON (((-126.445409 54.456583, -126.444313 54.456553, -126.443344 54.456831, -126.442461 54.457167, -126.441543 54.457347, -126.440729 54.457237, -126.440341 54.456783, -126.44044 54.456176, -126.440182 54.455643, -126.439524 54.455329, -126.438943 54.455025, -126.438357 54.454652, -126.437669 54.454235, -126.436843 54.453872, -126.435921 54.453669, -126.434926 54.453582, -126.434158 54.453177, -126.433943 54.452457, -126.43385 54.451684, -126.433349 54.451032, -126.432318 54.450963, -126.431405 54.451372, -126.430548 54.451727, -126.429457 54.451495, -126.428565 54.450885, -126.427961 54.450233, -126.427357 54.44967, -126.426645 54.449244, -126.42628 54.44872, -126.426494 54.448078, -126.427168 54.44742, -126.428431 54.447042, -126.429859 54.447058, -126.431111 54.447196, -126.432229 54.446997, -126.432655 54.446316, -126.432295 54.445581, -126.431229 54.445186, -126.43002 54.444951, -126.428883 54.44491, -126.427988 54.445068, -126.427238 54.445011, -126.426518 54.444729, -126.425576 54.444825, -126.424728 54.44519, -126.424051 54.445543, -126.423541 54.445571, -126.423366 54.445137, -126.423055 54.444619, -126.422444 54.444268, -126.421637 54.444233, -126.420858 54.444471, -126.420101 54.444719, -126.41926 54.444794, -126.418272 54.444666, -126.417145 54.444521, -126.415971 54.444507, -126.414893 54.444448, -126.41419 54.444136, -126.414091 54.443612, -126.414302 54.443082, -126.413988 54.442683, -126.413062 54.442656, -126.412036 54.442751, -126.411273 54.442455, -126.411134 54.441903, -126.411385 54.441412, -126.411389 54.440923, -126.410751 54.440533, -126.409983 54.44008, -126.409221 54.439594, -126.40877 54.438993, -126.408812 54.4383, -126.409332 54.437689, -126.409553 54.437072, -126.408704 54.436664, -126.407449 54.436516, -126.406233 54.436296, -126.405221 54.435848, -126.404349 54.435355, -126.403343 54.43515, -126.402341 54.435238, -126.401345 54.435367, -126.400395 54.435189, -126.399496 54.43491, -126.39854 54.435075, -126.397914 54.435636, -126.397879 54.436312, -126.398515 54.436915, -126.399445 54.437448, -126.399386 54.438069, -126.398512 54.438289, -126.397441 54.438267, -126.396346 54.438224, -126.395326 54.438413, -126.39453 54.438882, -126.39363 54.439137, -126.392684 54.438789, -126.392013 54.43823, -126.391532 54.437897, -126.39077 54.437455, -126.390311 54.437144, -126.389918 54.43681, -126.389703 54.436184, -126.389537 54.435745, -126.388966 54.435176, -126.388372 54.434638, -126.388145 54.433993, -126.388035 54.433348, -126.387665 54.432834, -126.38699 54.432524, -126.38622 54.432249, -126.385325 54.431978, -126.384303 54.431712, -126.383257 54.431403, -126.382186 54.431148, -126.381187 54.430893, -126.380156 54.430935, -126.379355 54.43137, -126.378614 54.431786, -126.377725 54.431962, -126.376799 54.432074, -126.375912 54.432273, -126.375174 54.432612, -126.374447 54.432883, -126.373601 54.432845, -126.372765 54.432604, -126.372046 54.432208, -126.3714 54.431815, -126.370605 54.43171, -126.369771 54.431812, -126.368887 54.431753, -126.368019 54.431868, -126.36725 54.43195, -126.366693 54.43156, -126.366372 54.430995, -126.365674 54.430618, -126.364742 54.43052, -126.36392 54.430461, -126.363351 54.430209, -126.362837 54.429986, -126.362216 54.430112, -126.361571 54.430372, -126.360758 54.430373, -126.359872 54.430332, -126.35899 54.430411, -126.358051 54.430492, -126.357017 54.430447, -126.35607 54.430302, -126.355572 54.429949, -126.35537 54.429457, -126.355019 54.428999, -126.354369 54.428689, -126.353635 54.428531, -126.353025 54.428779, -126.352406 54.428916, -126.351883 54.428791, -126.351421 54.428612, -126.350799 54.428474, -126.350039 54.428232, -126.349072 54.428042, -126.348118 54.427826, -126.347548 54.42743, -126.347486 54.426956, -126.347848 54.426488, -126.348233 54.426026, -126.348425 54.425523, -126.348548 54.424948, -126.348631 54.424276, -126.348975 54.423515, -126.349373 54.42269, -126.349459 54.421852, -126.349857 54.421102, -126.350788 54.420512, -126.351972 54.420082, -126.353291 54.419784, -126.354734 54.4197, -126.356133 54.41983, -126.357339 54.419747, -126.35796 54.419148, -126.358459 54.418493, -126.359397 54.41806, -126.360611 54.418052, -126.361812 54.418252, -126.362934 54.418484, -126.364004 54.418695, -126.365125 54.418805, -126.366235 54.418675, -126.367324 54.418549, -126.368412 54.418605, -126.369366 54.418925, -126.370153 54.419405, -126.371004 54.419854, -126.372019 54.420174, -126.373029 54.42044, -126.373946 54.420687, -126.374752 54.420973, -126.375382 54.421358, -126.37558 54.421934, -126.375685 54.422519, -126.376317 54.422732, -126.376794 54.422363, -126.377052 54.421778, -126.377739 54.421279, -126.378666 54.420865, -126.379661 54.420496, -126.380217 54.420098, -126.379717 54.419862, -126.378639 54.419919, -126.377479 54.419728, -126.376617 54.419107, -126.376189 54.418231, -126.375958 54.417244, -126.375375 54.416343, -126.374369 54.415753, -126.373218 54.415527, -126.372622 54.415328, -126.372735 54.415014, -126.373297 54.41473, -126.374008 54.414487, -126.374701 54.414248, -126.375381 54.413979, -126.376143 54.413715, -126.376995 54.413471, -126.377907 54.413193, -126.378837 54.412915, -126.379737 54.412655, -126.380644 54.412423, -126.381686 54.412288, -126.382881 54.412407, -126.384096 54.412705, -126.385159 54.41312, -126.386062 54.41359, -126.387149 54.413753, -126.388185 54.413697, -126.388969 54.413418, -126.389343 54.413012, -126.389721 54.412716, -126.390276 54.412546, -126.390934 54.412428, -126.391877 54.412419, -126.393021 54.412562, -126.393966 54.412978, -126.394969 54.413258, -126.396133 54.413256, -126.397334 54.413099, -126.398498 54.412823, -126.39954 54.412434, -126.400414 54.41195, -126.40114 54.411398, -126.402039 54.410926, -126.403062 54.410489, -126.404233 54.410114, -126.405616 54.40997, -126.407013 54.409984, -126.408027 54.409635, -126.408102 54.408961, -126.407279 54.408518, -126.406158 54.40841, -126.405038 54.408596, -126.40386 54.408785, -126.402526 54.408736, -126.401134 54.408454, -126.399702 54.408319, -126.398446 54.408721, -126.397318 54.40928, -126.396012 54.409323, -126.395169 54.40878, -126.394697 54.408117, -126.394092 54.407644, -126.393629 54.407242, -126.393437 54.406808, -126.393098 54.406423, -126.392519 54.406272, -126.392165 54.40615, -126.392172 54.405788, -126.391995 54.405367, -126.391427 54.40502, -126.390585 54.404925, -126.389786 54.405114, -126.389296 54.404991, -126.389384 54.404541, -126.389614 54.403984, -126.389857 54.403317, -126.389739 54.402606, -126.38928 54.40198, -126.388504 54.401632, -126.387713 54.401601, -126.387223 54.401486, -126.38705 54.40115, -126.386723 54.40093, -126.386128 54.400974, -126.385484 54.400827, -126.384764 54.400626, -126.384005 54.400773, -126.383214 54.400934, -126.382356 54.401072, -126.3815 54.401138, -126.380673 54.401182, -126.379931 54.401213, -126.379193 54.401068, -126.378515 54.401123, -126.37827 54.401554, -126.378407 54.402073, -126.378333 54.402538, -126.377859 54.402917, -126.377082 54.40307, -126.376454 54.403317, -126.376151 54.403726, -126.375969 54.404146, -126.375549 54.404425, -126.374997 54.404608, -126.374464 54.404855, -126.373818 54.405062, -126.373234 54.405257, -126.372687 54.405411, -126.372059 54.405462, -126.371502 54.405477, -126.370951 54.405428, -126.370237 54.405243, -126.369425 54.405067, -126.368653 54.405107, -126.367975 54.40508, -126.367526 54.404754, -126.367248 54.404366, -126.366926 54.404031, -126.366402 54.403822, -126.365792 54.40371, -126.365388 54.403457, -126.365354 54.403011, -126.365497 54.402543, -126.36518 54.402199, -126.364475 54.402209, -126.363769 54.402307, -126.363047 54.402122, -126.363013 54.402093, -126.362651 54.402067, -126.361595 54.40163, -126.361098 54.401078, -126.36124 54.400555, -126.361992 54.40025, -126.362938 54.39992, -126.36388 54.399508, -126.365071 54.39921, -126.366468 54.399198, -126.367801 54.399151, -126.368966 54.398921, -126.369959 54.398591, -126.370894 54.398307, -126.371827 54.398135, -126.372803 54.3981, -126.3738 54.398217, -126.374773 54.398407, -126.375743 54.398579, -126.376524 54.39871, -126.376801 54.398922, -126.376707 54.399194, -126.376626 54.399524, -126.376712 54.399826, -126.376986 54.400039, -126.377288 54.400077, -126.377615 54.400052, -126.377991 54.40007, -126.37853 54.400146, -126.378826 54.400108, -126.379102 54.399871, -126.37917 54.399571, -126.37909 54.399281, -126.379116 54.39903, -126.379454 54.398851, -126.379881 54.398703, -126.379981 54.398441, -126.379895 54.398198, -126.38016 54.397931, -126.380774 54.397731, -126.381513 54.397564, -126.382181 54.397297, -126.382987 54.397087, -126.384059 54.397133, -126.38514 54.397076, -126.386127 54.396864, -126.387063 54.396772, -126.387962 54.396733, -126.388902 54.396801, -126.389849 54.39678, -126.390725 54.396782, -126.391449 54.396847, -126.392036 54.396776, -126.392654 54.39664, -126.39336 54.396807, -126.39412 54.397029, -126.394758 54.396984, -126.394899 54.396678, -126.394808 54.396398, -126.394745 54.396119, -126.39487 54.395813, -126.395157 54.395469, -126.395206 54.395068, -126.395419 54.394592, -126.395947 54.394199, -126.396762 54.393972, -126.397663 54.393666, -126.398636 54.393311, -126.399752 54.393102, -126.40083 54.393125, -126.401741 54.393299, -126.402149 54.39372, -126.40245 54.394225, -126.403553 54.394458, -126.40496 54.394459, -126.406574 54.394438, -126.408263 54.394344, -126.409676 54.39445, -126.410474 54.394987, -126.411297 54.395607, -126.412167 54.396198, -126.413055 54.396669, -126.414247 54.396926, -126.415699 54.396877, -126.417279 54.396843, -126.41889 54.39703, -126.420304 54.397422, -126.420823 54.398211, -126.420476 54.399052, -126.420102 54.39991, -126.420106 54.400759, -126.420622 54.401557, -126.421207 54.402326, -126.42143 54.402963, -126.421322 54.403441, -126.421469 54.40395, -126.421583 54.404434, -126.421446 54.404892, -126.421055 54.405283, -126.420578 54.405653, -126.42016 54.406149, -126.41967 54.406661, -126.419473 54.407199, -126.420166 54.407544, -126.421343 54.407665, -126.422627 54.407857, -126.423716 54.408275, -126.424104 54.408945, -126.423829 54.409607, -126.422945 54.410117, -126.421733 54.410505, -126.420458 54.410754, -126.419519 54.411032, -126.419482 54.411495, -126.420475 54.4118, -126.421703 54.411882, -126.422919 54.411608, -126.423631 54.410817, -126.424156 54.410052, -126.425143 54.409678, -126.425895 54.40999, -126.426368 54.410633, -126.427289 54.411115, -126.428579 54.411445, -126.429103 54.412105, -126.428521 54.412581, -126.427475 54.412786, -126.426681 54.413293, -126.426025 54.413955, -126.425042 54.414476, -126.42368 54.414792, -126.422345 54.415193, -126.421355 54.415826, -126.421089 54.416699, -126.421044 54.417626, -126.420922 54.418445, -126.421545 54.41925, -126.423047 54.419736, -126.424377 54.420378, -126.42475 54.421372, -126.424402 54.422354, -126.423736 54.423273, -126.423076 54.424174, -126.423126 54.425148, -126.424337 54.425961, -126.426245 54.426359, -126.428344 54.426594, -126.430412 54.426757, -126.432337 54.426899, -126.434045 54.427313, -126.435585 54.427924, -126.437126 54.428569, -126.438758 54.429082, -126.440373 54.429453, -126.441763 54.429941, -126.44278 54.430658, -126.443441 54.431506, -126.44431 54.432328, -126.445788 54.432961, -126.44747 54.433531, -126.449134 54.434161, -126.450666 54.434928, -126.451851 54.43586, -126.452501 54.436902, -126.452611 54.437946, -126.452525 54.438938, -126.452832 54.439553, -126.453898 54.440313, -126.4542 54.440875, -126.453805 54.441752, -126.45326 54.442314, -126.452887 54.443261, -126.453164 54.443945, -126.45371 54.444608, -126.454643 54.445592, -126.455597 54.446558, -126.4565 54.447517, -126.456975 54.448493, -126.456903 54.449423, -126.45656 54.450289, -126.455796 54.450889, -126.454638 54.451014, -126.453537 54.450866, -126.452683 54.451162, -126.452764 54.45183, -126.453554 54.452489, -126.45336 54.453146, -126.452342 54.4536, -126.451373 54.454051, -126.451638 54.454518, -126.452874 54.454418, -126.454323 54.454211, -126.455603 54.454626, -126.456039 54.455531, -126.456038 54.456462, -126.455552 54.457281, -126.45467 54.457873, -126.453626 54.458224, -126.45265 54.458515, -126.4519 54.458878, -126.451989 54.459514, -126.452699 54.460232, -126.452679 54.460969, -126.451711 54.461143, -126.450615 54.460747, -126.449601 54.460299, -126.448598 54.45992, -126.447578 54.45959, -126.446628 54.459166, -126.445967 54.458539, -126.445897 54.457795, -126.446092 54.457075, -126.445409 54.456583)), ((-126.464794 54.446484, -126.464226 54.445801, -126.463592 54.445088, -126.463146 54.444735, -126.462544 54.444447, -126.461611 54.44388, -126.460657 54.443291, -126.45955 54.442779, -126.458334 54.44233, -126.457377 54.441841, -126.457437 54.441241, -126.458438 54.441027, -126.459689 54.441359, -126.460913 54.441802, -126.462071 54.442202, -126.462993 54.442699, -126.463578 54.443342, -126.464038 54.444083, -126.464472 54.444852, -126.465281 54.445506, -126.466575 54.445836, -126.468114 54.445731, -126.469668 54.445765, -126.470627 54.446253, -126.470315 54.446912, -126.469302 54.447253, -126.46812 54.447326, -126.467065 54.447345, -126.466173 54.447297, -126.465417 54.447019, -126.464794 54.446484)), ((-126.468811 54.453276, -126.468999 54.453128, -126.469651 54.453142, -126.470059 54.453545, -126.469749 54.453953, -126.469741 54.454492, -126.470566 54.455082, -126.471746 54.455592, -126.472388 54.456196, -126.472077 54.456659, -126.47112 54.456619, -126.470157 54.456113, -126.469279 54.455436, -126.468478 54.454797, -126.467913 54.454271, -126.46784 54.453826, -126.468225 54.453493, -126.468811 54.453276)))"
176,2023-07-29 10:30:57,2023072101,2023,3757.5,Hand sketch of any type,1689922800000,1689968654000,Out of Control,JA70003000,37575372.8822,48515.8616,334,151d1677-ae85-4a8d-b12d-d522be33effb,108812086.492188,82593.9205448945,https://wildfiresituation.nrs.gov.bc.ca/incidents?fireYear=2023&incidentNumber=R21377,"POLYGON ((-126.610334 54.070808, -126.616566 54.072082, -126.618229 54.074919, -126.619535 54.075481, -126.626659 54.074875, -126.630252 54.076564, -126.626737 54.079996, -126.621227 54.080214, -126.618687 54.08383, -126.613836 54.084803, -126.609598 54.083307, -126.610467 54.076286, -126.60927 54.072797, -126.605195 54.072923, -126.602974 54.073024, -126.601095 54.073634, -126.599757 54.074662, -126.598314 54.075626, -126.596282 54.076219, -126.59402 54.076517, -126.591713 54.076534, -126.589428 54.076332, -126.587172 54.076149, -126.584953 54.076191, -126.582792 54.076448, -126.580666 54.076763, -126.578527 54.077017, -126.571503 54.08102, -126.563035 54.079598, -126.559144 54.081008, -126.557079 54.08114, -126.555068 54.080877, -126.553076 54.080579, -126.551 54.080597, -126.548951 54.080852, -126.54681 54.080933, -126.544687 54.081011, -126.542749 54.081612, -126.541386 54.08275, -126.54045 54.084088, -126.539527 54.085428, -126.538611 54.086743, -126.537567 54.087947, -126.536232 54.088893, -126.534551 54.089583, -126.532684 54.090094, -126.530855 54.090649, -126.529014 54.09116, -126.52706 54.09154, -126.525027 54.091903, -126.523034 54.092468, -126.521096 54.093089, -126.519065 54.093288, -126.517247 54.092872, -126.515969 54.091971, -126.515177 54.090863, -126.514521 54.089733, -126.51386 54.088625, -126.513707 54.087534, -126.514496 54.086547, -126.515895 54.085703, -126.517467 54.084852, -126.518478 54.084222, -126.519408 54.08355, -126.520346 54.082858, -126.521348 54.082216, -126.522479 54.08165, -126.523794 54.081224, -126.525269 54.080968, -126.526839 54.080864, -126.52845 54.080836, -126.530051 54.080756, -126.531592 54.080542, -126.533003 54.080164, -126.53425 54.07964, -126.535303 54.079007, -126.536128 54.078269, -126.536733 54.077453, -126.537241 54.076606, -126.537796 54.075763, -126.53847 54.07494, -126.539305 54.074173, -126.54035 54.073497, -126.541592 54.072939, -126.543013 54.072505, -126.544533 54.072175, -126.54692 54.071779, -126.549304 54.071337, -126.551604 54.070777, -126.553727 54.070047, -126.555696 54.069201, -126.557692 54.068397, -126.559927 54.067791, -126.5624 54.067489, -126.562601 54.067475, -126.564934 54.067312, -126.567247 54.066727, -126.568922 54.065671, -126.569604 54.064627, -126.569786 54.064348, -126.569917 54.062968, -126.569498 54.061618, -126.568769 54.060315, -126.567867 54.059053, -126.566754 54.057853, -126.565352 54.056803, -126.563704 54.056105, -126.563536 54.056034, -126.56135 54.055672, -126.559039 54.055793, -126.556822 54.056284, -126.554905 54.057056, -126.553338 54.058056, -126.552026 54.059146, -126.550773 54.060227, -126.549522 54.061291, -126.547998 54.062235, -126.546941 54.062587, -126.546069 54.062876, -126.543907 54.063177, -126.541687 54.063269, -126.539436 54.063235, -126.537172 54.063207, -126.534909 54.06318, -126.532632 54.063084, -126.53036 54.062888, -126.528132 54.062622, -126.525848 54.062538, -126.523615 54.062922, -126.52161 54.063649, -126.519686 54.064454, -126.517713 54.065199, -126.515814 54.066023, -126.513981 54.066872, -126.511347 54.069562, -126.50974 54.069594, -126.508089 54.069272, -126.506606 54.068765, -126.50664 54.067661, -126.507546 54.066478, -126.508619 54.06526, -126.50965 54.064021, -126.510521 54.062732, -126.510906 54.061368, -126.510758 54.060011, -126.510015 54.058769, -126.508676 54.057733, -126.506905 54.056995, -126.504781 54.056625, -126.502522 54.056623, -126.50025 54.056928, -126.498074 54.057472, -126.495996 54.058194, -126.493956 54.058932, -126.491829 54.059465, -126.489671 54.059761, -126.487504 54.059914, -126.485444 54.059866, -126.483627 54.059576, -126.482489 54.058907, -126.482457 54.057903, -126.483425 54.05689, -126.484979 54.055997, -126.486803 54.055199, -126.488786 54.054454, -126.49077 54.053733, -126.492578 54.052967, -126.493977 54.052047, -126.495105 54.051081, -126.496365 54.05026, -126.498222 54.049848, -126.500134 54.049264, -126.501174 54.048004, -126.501819 54.046607, -126.502461 54.0452, -126.503094 54.043778, -126.504 54.042419, -126.50523 54.041128, -126.50652 54.039854, -126.50815 54.038767, -126.510394 54.038075, -126.512947 54.03784, -126.514435 54.037765, -126.515576 54.037708, -126.518036 54.037267, -126.518705 54.036973, -126.520047 54.036383, -126.521437 54.035343, -126.521594 54.035225, -126.522798 54.033993, -126.523765 54.032738, -126.524668 54.031474, -126.525671 54.030215, -126.52667 54.028947, -126.527737 54.027693, -126.52804 54.027494, -126.528141 54.027428, -126.529021 54.026849, -126.529228 54.026349, -126.529831 54.02613, -126.53128 54.025856, -126.532817 54.025774, -126.533586 54.025817, -126.533614 54.025811, -126.53398 54.025838, -126.53437 54.02586, -126.534437 54.025872, -126.535444 54.025946, -126.535516 54.025952, -126.53736 54.026486, -126.539186 54.0271, -126.540054 54.027388, -126.540496 54.027534, -126.54076 54.02763, -126.540999 54.027701, -126.542911 54.028267, -126.545235 54.02869, -126.547438 54.029204, -126.54828 54.029555, -126.549319 54.029988, -126.551062 54.030888, -126.553024 54.031515, -126.555175 54.03179, -126.557312 54.031888, -126.559421 54.03183, -126.559723 54.031809, -126.560479 54.031755, -126.560854 54.031728, -126.560978 54.031719, -126.561436 54.031686, -126.563251 54.031888, -126.564545 54.032683, -126.565574 54.033745, -126.565976 54.034124, -126.566355 54.034391, -126.56718 54.034995, -126.567646 54.035336, -126.568921 54.036225, -126.570186 54.036905, -126.570486 54.037037, -126.571592 54.037521, -126.573429 54.038121, -126.575297 54.038299, -126.576732 54.037836, -126.576844 54.0378, -126.577742 54.036917, -126.578708 54.036127, -126.580073 54.035551, -126.581797 54.035234, -126.583633 54.034917, -126.5852 54.034205, -126.586139 54.033122, -126.586584 54.031912, -126.586668 54.030745, -126.586458 54.029653, -126.586513 54.028614, -126.587511 54.027783, -126.58923 54.027486, -126.590985 54.027731, -126.592386 54.028413, -126.593765 54.029155, -126.59567 54.029341, -126.597581 54.028825, -126.599295 54.028026, -126.601231 54.027405, -126.603352 54.027187, -126.605565 54.02736, -126.607882 54.027384, -126.610214 54.02732, -126.612575 54.027596, -126.614951 54.027924, -126.617332 54.02813, -126.619725 54.028073, -126.628608 54.027288, -126.635086 54.026227, -126.637206 54.02714, -126.63724 54.029401, -126.635689 54.031259, -126.632381 54.033024, -126.629755 54.033448, -126.626069 54.033467, -126.624042 54.033129, -126.622638 54.034128, -126.621569 54.035193, -126.621517 54.036371, -126.622485 54.037159, -126.623896 54.037688, -126.62588 54.038025, -126.627959 54.038199, -126.628145 54.038219, -126.629992 54.038414, -126.630786 54.038548, -126.632409 54.038724, -126.634514 54.039392, -126.634947 54.039734, -126.635912 54.040497, -126.636559 54.041866, -126.636626 54.042104, -126.636958 54.043283, -126.637283 54.044663, -126.639977 54.047474, -126.639303 54.049328, -126.636324 54.049754, -126.632321 54.049165, -126.631277 54.050195, -126.629724 54.050969, -126.627902 54.051541, -126.626008 54.051973, -126.624176 54.052076, -126.622504 54.051692, -126.620892 54.051043, -126.619179 54.050384, -126.617368 54.049828, -126.617106 54.049763, -126.615624 54.049396, -126.614074 54.049112, -126.612756 54.049039, -126.61173 54.049277, -126.611249 54.050036, -126.611788 54.051038, -126.613055 54.051995, -126.614618 54.052804, -126.614896 54.052942, -126.61601 54.053497, -126.616455 54.054358, -126.615417 54.055087, -126.613636 54.0555, -126.613617 54.055505, -126.611722 54.055913, -126.609848 54.05622, -126.60803 54.056252, -126.606426 54.056408, -126.605383 54.056944, -126.605221 54.057841, -126.606029 54.058813, -126.606948 54.059805, -126.60768 54.060852, -126.608354 54.061881, -126.608547 54.062935, -126.608492 54.064047, -126.608358 54.06515, -126.607728 54.066202, -126.607459 54.067325, -126.608112 54.068496, -126.610334 54.070808))"
177,2023-07-29 10:30:57,2023071301,2023,168.1,Hand sketch of any type,1689231600000,1689276122000,Being Held,JA70003000,1680764.3013,5423.588,335,37f4f235-54ed-4cef-a232-7e7b1ba69361,5106694.90625,9455.81689679534,https://wildfiresituation.nrs.gov.bc.ca/incidents?fireYear=2023&incidentNumber=R21609,"POLYGON ((-125.894316 55.04085, -125.884941 55.037579, -125.896591 55.032661, -125.914726 55.030682, -125.912361 55.038441, -125.909798 55.041901, -125.906303 55.04512, -125.894316 55.04085))"
178,2023-07-29 10:30:57,2023071401,2023,207.5,Hand sketch of any type,1689318000000,1689619397000,Out of Control,JA70003000,2074835.4589,6643.019,336,abdbaa07-c476-45eb-b5d0-a9c55a33d968,6023890.203125,11323.7956305943,https://wildfiresituation.nrs.gov.bc.ca/incidents?fireYear=2023&incidentNumber=R21630,"POLYGON ((-126.913823 54.114789, -126.912978 54.113626, -126.910339 54.1108, -126.906813 54.10833, -126.902535 54.106311, -126.897669 54.104822, -126.896907 54.104642, -126.893818 54.104112, -126.892876 54.10389, -126.893023 54.103429, -126.894046 54.101369, -126.894051 54.101354, -126.89409 54.101358, -126.898998 54.1022, -126.904462 54.102481, -126.909915 54.102131, -126.914363 54.101307, -126.914728 54.101262, -126.916668 54.101476, -126.918086 54.101719, -126.923231 54.101983, -126.92335 54.101996, -126.924118 54.102291, -126.92691 54.103607, -126.927695 54.103908, -126.929528 54.104772, -126.930018 54.104922, -126.929464 54.105548, -126.929107 54.106071, -126.927572 54.109166, -126.927095 54.112378, -126.927201 54.112945, -126.927224 54.114191, -126.926818 54.114194, -126.922451 54.113969, -126.916996 54.114321, -126.915764 54.114549, -126.913823 54.114789))"
179,2023-07-29 10:30:57,2023072101,2023,2976.8,Hand sketch of any type,1689922800000,1689975348000,Out of Control,JA70003000,29768039.9861,29966.5957,337,312334a5-d093-4657-b50f-3508287cbc33,85209507.8515625,50722.8416662676,https://wildfiresituation.nrs.gov.bc.ca/incidents?fireYear=2023&incidentNumber=R21673,"POLYGON ((-126.710963 53.785524, -126.720147 53.785556, -126.720689 53.790299, -126.720055 53.793558, -126.708992 53.797145, -126.709256 53.798617, -126.709567 53.800348, -126.710312 53.801763, -126.728721 53.801913, -126.733394 53.805682, -126.740323 53.806725, -126.744948 53.807781, -126.745904 53.809674, -126.745475 53.811439, -126.745319 53.815644, -126.742126 53.817427, -126.737278 53.816914, -126.735449 53.817739, -126.733193 53.820465, -126.727915 53.821718, -126.725098 53.818751, -126.723046 53.819984, -126.722635 53.822835, -126.722223 53.825685, -126.718564 53.827334, -126.714412 53.827088, -126.706109 53.82673, -126.699531 53.823283, -126.697113 53.823269, -126.694001 53.824174, -126.691567 53.824967, -126.689333 53.825866, -126.687373 53.826105, -126.686011 53.82619, -126.680811 53.827148, -126.676027 53.828687, -126.674234 53.829407, -126.672134 53.829169, -126.671124 53.828992, -126.6657 53.828699, -126.660285 53.829037, -126.655084 53.829993, -126.650299 53.831531, -126.649827 53.831763, -126.647862 53.832551, -126.645467 53.832561, -126.644897 53.83253, -126.641426 53.832746, -126.640528 53.832749, -126.63937 53.831738, -126.638812 53.83113, -126.63533 53.828653, -126.631098 53.826626, -126.626279 53.825125, -126.621059 53.82421, -126.617359 53.824008, -126.614596 53.823693, -126.613137 53.823437, -126.612315 53.823392, -126.610089 53.823139, -126.608954 53.822475, -126.607572 53.821491, -126.605867 53.820673, -126.604315 53.819929, -126.60394 53.81971, -126.604688 53.818623, -126.605291 53.817946, -126.605725 53.817081, -126.606457 53.816016, -126.607048 53.815486, -126.609585 53.812636, -126.611134 53.809547, -126.61148 53.808483, -126.612367 53.807192, -126.612696 53.806823, -126.613301 53.805615, -126.614269 53.804207, -126.618347 53.804893, -126.626152 53.806854, -126.632133 53.808075, -126.639214 53.807755, -126.642662 53.803593, -126.639473 53.801113, -126.635268 53.799414, -126.634903 53.799267, -126.627382 53.797787, -126.627243 53.79776, -126.622946 53.797037, -126.624002 53.796517, -126.627427 53.794014, -126.627508 53.793942, -126.628137 53.793564, -126.631562 53.791061, -126.631818 53.790831, -126.634216 53.790539, -126.634773 53.790437, -126.637124 53.79015, -126.637223 53.790162, -126.639417 53.790546, -126.643763 53.788973, -126.650674 53.789207, -126.653678 53.789869, -126.658383 53.793327, -126.659769 53.793484, -126.665187 53.793778, -126.670597 53.79344, -126.673977 53.793027, -126.675383 53.792939, -126.680578 53.791982, -126.68295 53.791388, -126.684254 53.791383, -126.689664 53.791044, -126.694858 53.790086, -126.699636 53.788546, -126.703815 53.786484, -126.704634 53.785992, -126.704701 53.785984, -126.708376 53.785752, -126.710963 53.785524))"
180,2023-07-29 10:30:57,2023070802,2023,34.5,Non-corrected airborne GPS,1688799600000,1689024681000,Under Control,JA70003000,345260.4497,2709.3447,346,d875d1e0-a1e8-4336-b030-cf8207d77d88,1031536.1953125,4683.82680044396,https://wildfiresituation.nrs.gov.bc.ca/incidents?fireYear=2023&incidentNumber=R31228,"POLYGON ((-127.16784 54.6965, -127.16806 54.69661, -127.16829 54.69669, -127.16853 54.69677, -127.16913 54.69693, -127.17013 54.69744, -127.17022 54.69752, -127.17023 54.69762, -127.17018 54.69772, -127.17012 54.69782, -127.17003 54.69791, -127.16981 54.69805, -127.16971 54.69813, -127.16959 54.6982, -127.16945 54.69825, -127.16929 54.6983, -127.16912 54.69833, -127.16893 54.69837, -127.16873 54.69838, -127.16855 54.69839, -127.16836 54.69836, -127.16818 54.69834, -127.16798 54.69834, -127.16779 54.69836, -127.16759 54.69838, -127.16738 54.69842, -127.16717 54.69848, -127.16699 54.69856, -127.16682 54.69865, -127.16664 54.69873, -127.16645 54.6988, -127.16628 54.69888, -127.16613 54.69895, -127.16601 54.69904, -127.16591 54.69914, -127.16579 54.69923, -127.16566 54.69931, -127.16554 54.69938, -127.1654 54.69947, -127.16524 54.69956, -127.16512 54.69967, -127.16506 54.69981, -127.16502 54.69995, -127.16496 54.70009, -127.16482 54.70017, -127.16466 54.7002, -127.16441 54.70017, -127.16413 54.70013, -127.16383 54.70009, -127.16349 54.70004, -127.16316 54.7, -127.1628 54.69995, -127.16244 54.69989, -127.16207 54.69984, -127.161886 54.69982, -127.16171 54.6998, -127.16134 54.69976, -127.16098 54.69971, -127.16062 54.69969, -127.16026 54.6997, -127.15992 54.69976, -127.1596 54.69983, -127.1593 54.69992, -127.15899 54.70002, -127.15867 54.70012, -127.15837 54.70022, -127.15809 54.70028, -127.15786 54.70028, -127.15773 54.70022, -127.15768 54.70013, -127.1577 54.70003, -127.15776 54.69993, -127.15785 54.69984, -127.15796 54.69975, -127.15803 54.69964, -127.15807 54.69942, -127.15808 54.69938, -127.1581 54.6993, -127.15813 54.69919, -127.15815 54.69907, -127.15817 54.69894, -127.15819 54.6988, -127.15818 54.69866, -127.15813 54.69851, -127.15805 54.69838, -127.1579 54.69826, -127.15772 54.69817, -127.15755 54.69806, -127.15739 54.69794, -127.15712 54.69767, -127.15698 54.69754, -127.15687 54.69741, -127.15674 54.69726, -127.1566 54.69713, -127.15648 54.69701, -127.15644 54.6969, -127.15656 54.69684, -127.15673 54.69682, -127.15694 54.6968, -127.15713 54.69676, -127.15732 54.6967, -127.15751 54.69665, -127.1577 54.69659, -127.15792 54.69649, -127.15812 54.6964, -127.158295 54.696324, -127.15835 54.6963, -127.15854 54.6962, -127.15868 54.69609, -127.15877 54.69595, -127.15882 54.69581, -127.15885 54.69568, -127.158861 54.695648, -127.1589 54.69554, -127.15895 54.69538, -127.159 54.6952, -127.15904 54.695, -127.15904 54.69461, -127.15905 54.69443, -127.15912 54.69427, -127.15925 54.69414, -127.15943 54.69405, -127.15961 54.69397, -127.15978 54.69388, -127.15997 54.69379, -127.16016 54.69369, -127.16032 54.69357, -127.16056 54.69347, -127.16075 54.69356, -127.16105 54.69369, -127.16141 54.69386, -127.16184 54.69406, -127.16217 54.69438, -127.162254 54.694569, -127.16233 54.69474, -127.16314 54.6955, -127.16363 54.69565, -127.16409 54.6958, -127.1646 54.6959, -127.16512 54.69594, -127.16567 54.69598, -127.16623 54.69606, -127.16638 54.69609, -127.16662 54.69613, -127.16677 54.69616, -127.16697 54.69621, -127.167149 54.696259, -127.1673 54.6963, -127.16759 54.69639, -127.16784 54.6965))"
181,2023-07-29 10:30:57,2023072201,2023,3030.6,Non-corrected airborne GPS,1690009200000,1690080469000,Out of Control,JA70003000,30306081.4666,32391.5214,347,00606c76-d006-475f-92fc-e942b3e1bbc5,94952716.8515625,57321.038554301,https://wildfiresituation.nrs.gov.bc.ca/incidents?fireYear=2023&incidentNumber=R31391,"POLYGON ((-126.707301 55.615449, -126.70792 55.61489, -126.708982 55.614526, -126.710197 55.614307, -126.711434 55.614133, -126.71262 55.613899, -126.714407 55.614782, -126.715979 55.615353, -126.717604 55.615868, -126.719314 55.616312, -126.721039 55.616708, -126.722734 55.617076, -126.724414 55.617403, -126.726071 55.617699, -126.727666 55.618003, -126.729161 55.618354, -126.730116 55.618587, -126.731519 55.618903, -126.732932 55.619089, -126.734335 55.619074, -126.735699 55.619067, -126.736953 55.619304, -126.737889 55.619856, -126.73836 55.62063, -126.738461 55.621513, -126.73841 55.62243, -126.73831 55.623374, -126.738133 55.624322, -126.737996 55.625258, -126.738107 55.626192, -126.738556 55.627094, -126.739261 55.627954, -126.740088 55.628791, -126.740912 55.629627, -126.741681 55.630463, -126.742416 55.631286, -126.743106 55.632097, -126.743803 55.63288, -126.744554 55.633621, -126.745373 55.634299, -126.746174 55.634959, -126.746928 55.635623, -126.747529 55.636337, -126.747845 55.637117, -126.74784 55.637928, -126.747719 55.63875, -126.74771 55.639587, -126.747822 55.640425, -126.747984 55.641268, -126.748013 55.642118, -126.747826 55.642963, -126.747522 55.643793, -126.747362 55.644638, -126.747603 55.64548, -126.748246 55.646279, -126.749105 55.647038, -126.750039 55.647789, -126.750645 55.648305, -126.75144 55.64913, -126.752139 55.649997, -126.752799 55.65087, -126.75325 55.651446, -126.753727 55.652013, -126.754517 55.652854, -126.755305 55.653669, -126.756043 55.654495, -126.75676 55.655334, -126.757484 55.656164, -126.758228 55.656975, -126.758894 55.657815, -126.759312 55.658688, -126.759367 55.6596, -126.758979 55.660507, -126.758306 55.661387, -126.757531 55.662231, -126.756789 55.663043, -126.756169 55.663827, -126.755892 55.664622, -126.756128 55.665389, -126.756693 55.666109, -126.757234 55.666835, -126.757705 55.667595, -126.758003 55.668414, -126.757987 55.669281, -126.757652 55.670167, -126.757182 55.671063, -126.75678 55.671987, -126.756682 55.672946, -126.757 55.673891, -126.757551 55.674818, -126.758073 55.675753, -126.758482 55.676706, -126.758763 55.677666, -126.758891 55.678631, -126.758918 55.679601, -126.758911 55.680568, -126.75892 55.681458, -126.758921 55.681536, -126.758949 55.682513, -126.758878 55.683497, -126.758551 55.684459, -126.757899 55.685351, -126.757371 55.685913, -126.756597 55.686729, -126.756162 55.68727, -126.755711 55.688105, -126.755537 55.688674, -126.755355 55.68953, -126.75521 55.690392, -126.755027 55.691239, -126.754573 55.692034, -126.753678 55.692691, -126.752479 55.693174, -126.751155 55.693538, -126.749831 55.693883, -126.748543 55.694261, -126.74727 55.69464, -126.745993 55.694938, -126.74469 55.695103, -126.743333 55.6951, -126.741991 55.694847, -126.740835 55.694293, -126.739939 55.693503, -126.739285 55.692599, -126.738707 55.691673, -126.73794 55.690769, -126.736916 55.689928, -126.735793 55.689112, -126.734792 55.688238, -126.733985 55.687281, -126.733311 55.686259, -126.732592 55.68522, -126.732297 55.684885, -126.731694 55.684199, -126.730836 55.683153, -126.730091 55.682056, -126.729861 55.681629, -126.72948 55.680922, -126.728943 55.679779, -126.728354 55.678648, -126.727693 55.67755, -126.72692 55.676494, -126.725969 55.675469, -126.724889 55.674468, -126.723764 55.673477, -126.722613 55.672504, -126.72183 55.67187, -126.720649 55.670929, -126.719483 55.670008, -126.718698 55.669404, -126.717532 55.668519, -126.716768 55.667943, -126.715594 55.667113, -126.714469 55.666299, -126.713386 55.665503, -126.71227 55.664761, -126.711229 55.664049, -126.710338 55.663331, -126.709619 55.662618, -126.709049 55.661982, -126.708394 55.66152, -126.707462 55.661484, -126.706699 55.661971, -126.706505 55.662762, -126.706781 55.663608, -126.707368 55.664423, -126.708103 55.665191, -126.708919 55.665913, -126.709814 55.666619, -126.710519 55.667379, -126.710805 55.6682, -126.710528 55.669022, -126.70977 55.669743, -126.70877 55.67033, -126.707848 55.670935, -126.707325 55.671652, -126.707226 55.672401, -126.707572 55.673118, -126.708107 55.673818, -126.708522 55.674573, -126.708442 55.675365, -126.70764 55.676065, -126.70634 55.676578, -126.704809 55.67687, -126.703183 55.676922, -126.701565 55.676754, -126.700087 55.67637, -126.698786 55.675821, -126.697617 55.675183, -126.696879 55.67473, -126.696185 55.674261, -126.695338 55.673501, -126.694994 55.672937, -126.694915 55.672345, -126.695348 55.671485, -126.696224 55.670766, -126.697374 55.670217, -126.698691 55.669871, -126.700109 55.669796, -126.701505 55.66998, -126.702783 55.670298, -126.704071 55.670548, -126.705446 55.670484, -126.706581 55.669914, -126.706996 55.669063, -126.706743 55.668172, -126.706299 55.667272, -126.705487 55.66638, -126.704131 55.66562, -126.702465 55.665043, -126.700723 55.664594, -126.699014 55.664198, -126.697342 55.663865, -126.695728 55.663562, -126.69427 55.663152, -126.693163 55.662522, -126.692552 55.661724, -126.692389 55.660874, -126.692466 55.660045, -126.692632 55.659257, -126.692797 55.658502, -126.692886 55.65775, -126.692659 55.656943, -126.691975 55.656123, -126.690913 55.655377, -126.689633 55.654689, -126.688389 55.653999, -126.687238 55.653269, -126.686072 55.652547, -126.68493 55.651829, -126.683859 55.651111, -126.683023 55.65034, -126.682489 55.649514, -126.682209 55.648658, -126.682141 55.647801, -126.68212 55.646951, -126.681877 55.646091, -126.681228 55.645262, -126.680217 55.644495, -126.678955 55.643802, -126.677442 55.643252, -126.675763 55.642875, -126.67405 55.642605, -126.672427 55.642323, -126.670948 55.641944, -126.669618 55.64145, -126.668325 55.640933, -126.667014 55.640436, -126.665657 55.639965, -126.664324 55.639471, -126.663155 55.63888, -126.662163 55.63822, -126.661212 55.637613, -126.660427 55.63704, -126.660026 55.636451, -126.660308 55.635884, -126.661174 55.63544, -126.662093 55.634967, -126.662549 55.634269, -126.662197 55.633489, -126.661181 55.632888, -126.659848 55.632585, -126.658472 55.63245, -126.65715 55.632184, -126.655997 55.631676, -126.655034 55.631007, -126.65408 55.630352, -126.653007 55.629834, -126.652056 55.629409, -126.651599 55.628897, -126.651711 55.628314, -126.651995 55.627681, -126.651998 55.627581, -126.652018 55.627005, -126.652018 55.626326, -126.652171 55.625654, -126.652332 55.62521, -126.652593 55.624527, -126.652876 55.623819, -126.653151 55.623363, -126.653846 55.622777, -126.654842 55.62234, -126.655959 55.621967, -126.657007 55.621535, -126.658078 55.621134, -126.659325 55.620901, -126.660706 55.620982, -126.662059 55.621384, -126.663295 55.621956, -126.664495 55.622515, -126.665808 55.622929, -126.667217 55.623181, -126.668595 55.623464, -126.669837 55.623895, -126.670875 55.624459, -126.671653 55.625107, -126.672288 55.625742, -126.673034 55.626237, -126.674086 55.626402, -126.675255 55.626227, -126.676465 55.626001, -126.677762 55.625922, -126.679102 55.625931, -126.680461 55.625904, -126.681835 55.625823, -126.683186 55.625717, -126.684518 55.625544, -126.685817 55.625288, -126.687102 55.625135, -126.688356 55.62517, -126.689514 55.625329, -126.690566 55.625327, -126.691235 55.624869, -126.691099 55.624203, -126.690254 55.623686, -126.689001 55.623468, -126.687672 55.623485, -126.68643 55.623502, -126.685714 55.623388, -126.685035 55.622943, -126.685 55.62228, -126.685449 55.621614, -126.685828 55.621177, -126.686102 55.620712, -126.686166 55.619974, -126.68592 55.619241, -126.685829 55.618534, -126.686302 55.61798, -126.687341 55.617777, -126.688605 55.617888, -126.689846 55.618204, -126.691024 55.618601, -126.692226 55.618985, -126.693508 55.619273, -126.694833 55.619444, -126.696183 55.619535, -126.697568 55.619552, -126.698955 55.619573, -126.700292 55.619686, -126.70155 55.619866, -126.702764 55.619925, -126.703825 55.619624, -126.70453 55.619022, -126.70516 55.618391, -126.705971 55.617877, -126.706796 55.617429, -126.707291 55.616836, -126.707232 55.616124, -126.707301 55.615449))"
182,2023-07-29 10:30:57,2023072201,2023,639.5,Non-corrected airborne GPS,1690009200000,1690083243000,Being Held,JA70003000,6395426.9766,13097.432,348,6ee6c6b0-3a75-411e-8820-21873c1fb66f,19765662.8671875,23019.0106318392,https://wildfiresituation.nrs.gov.bc.ca/incidents?fireYear=2023&incidentNumber=R31465,"POLYGON ((-126.690982 55.35856, -126.692315 55.358552, -126.693192 55.358651, -126.69448 55.358933, -126.695269 55.35921, -126.696 55.359525, -126.697022 55.360034, -126.697654 55.360389, -126.698261 55.360743, -126.699227 55.361241, -126.700361 55.361643, -126.701137 55.361894, -126.701869 55.362188, -126.702774 55.362746, -126.703439 55.363423, -126.703775 55.363902, -126.70405 55.364404, -126.704384 55.365157, -126.704619 55.365659, -126.705102 55.36639, -126.705506 55.366854, -126.705945 55.367295, -126.706431 55.367707, -126.707032 55.368057, -126.707811 55.368304, -126.708639 55.368499, -126.709344 55.368768, -126.709937 55.369375, -126.710182 55.370034, -126.710691 55.370456, -126.711153 55.370487, -126.711512 55.370329, -126.711707 55.370028, -126.71177 55.369648, -126.71188 55.369244, -126.712432 55.368699, -126.713078 55.368464, -126.71403 55.368438, -126.714243 55.368432, -126.715014 55.368633, -126.715719 55.368942, -126.716736 55.369414, -126.717902 55.369746, -126.719243 55.369834, -126.720147 55.369824, -126.721011 55.369837, -126.722257 55.369912, -126.7235 55.369937, -126.724722 55.369893, -126.725526 55.369841, -126.726329 55.369769, -126.727119 55.369731, -126.727891 55.369738, -126.728977 55.369836, -126.729923 55.369965, -126.73066 55.370258, -126.731061 55.370528, -126.731561 55.370963, -126.731995 55.371423, -126.732284 55.371744, -126.732655 55.37206, -126.733132 55.372344, -126.733922 55.372741, -126.734701 55.373147, -126.735418 55.373594, -126.735812 55.373912, -126.736179 55.374246, -126.736781 55.374748, -126.73747 55.375224, -126.738191 55.375714, -126.738892 55.376242, -126.739524 55.37682, -126.739884 55.377232, -126.740184 55.377657, -126.740633 55.37828, -126.74131 55.378793, -126.741809 55.379086, -126.742247 55.379397, -126.742823 55.379872, -126.743369 55.380354, -126.744004 55.380805, -126.74442 55.381104, -126.744762 55.381424, -126.744985 55.381952, -126.744872 55.382332, -126.744406 55.382907, -126.744021 55.383284, -126.743648 55.383667, -126.743345 55.384079, -126.743066 55.384726, -126.742929 55.385389, -126.742868 55.385824, -126.742892 55.386258, -126.743073 55.386683, -126.743358 55.387094, -126.743792 55.387714, -126.744089 55.388383, -126.744165 55.388848, -126.744128 55.38932, -126.744047 55.389786, -126.743981 55.390251, -126.743939 55.390938, -126.74392 55.391392, -126.743832 55.391834, -126.743659 55.392259, -126.743404 55.392652, -126.74303 55.392999, -126.742192 55.393433, -126.741483 55.39368, -126.740307 55.394004, -126.739494 55.3942, -126.738671 55.394371, -126.737467 55.394548, -126.736681 55.394585, -126.735886 55.394549, -126.734651 55.39439, -126.733804 55.394283, -126.732959 55.394228, -126.732146 55.394225, -126.73106 55.394281, -126.730077 55.394191, -126.729465 55.394028, -126.728847 55.393849, -126.728184 55.393703, -126.72747 55.393631, -126.726735 55.393601, -126.725997 55.393596, -126.725255 55.393619, -126.724187 55.393678, -126.723535 55.393655, -126.72296 55.39352, -126.722473 55.393321, -126.721941 55.392902, -126.721503 55.392411, -126.721123 55.392118, -126.720628 55.391874, -126.72 55.391696, -126.718914 55.391496, -126.718183 55.391347, -126.717479 55.391159, -126.716858 55.390937, -126.716362 55.39066, -126.715988 55.390327, -126.715736 55.389955, -126.715562 55.389563, -126.715313 55.388955, -126.715014 55.388573, -126.714582 55.388231, -126.714082 55.387922, -126.713582 55.387603, -126.713124 55.387256, -126.712596 55.386685, -126.71223 55.386067, -126.712073 55.385632, -126.711904 55.385199, -126.711472 55.384596, -126.711096 55.384226, -126.710607 55.38365, -126.710337 55.383228, -126.709785 55.382612, -126.709352 55.38223, -126.70898 55.381853, -126.708747 55.381231, -126.708829 55.38077, -126.708977 55.380306, -126.709006 55.379601, -126.708718 55.378896, -126.708496 55.37843, -126.708301 55.377965, -126.708037 55.377268, -126.707755 55.376589, -126.707549 55.376156, -126.707249 55.375763, -126.70678 55.375445, -126.706185 55.375201, -126.705233 55.374938, -126.704635 55.374769, -126.70393 55.374396, -126.703581 55.374069, -126.703164 55.373539, -126.702928 55.37318, -126.702666 55.372848, -126.702103 55.372425, -126.701659 55.372184, -126.701295 55.371925, -126.701062 55.371613, -126.700814 55.371297, -126.700693 55.371143, -126.700258 55.370903, -126.699665 55.370755, -126.698982 55.370665, -126.698247 55.370622, -126.697036 55.370647, -126.695767 55.370724, -126.694936 55.370822, -126.694166 55.370949, -126.693474 55.371116, -126.693069 55.37134, -126.692739 55.371524, -126.692509 55.371855, -126.692346 55.372159, -126.692082 55.372388, -126.691665 55.372519, -126.690909 55.372447, -126.690455 55.372233, -126.690127 55.371921, -126.689939 55.371547, -126.689903 55.371358, -126.689819 55.370919, -126.689584 55.370286, -126.689332 55.369872, -126.689071 55.369464, -126.688885 55.369051, -126.688796 55.368404, -126.688702 55.367742, -126.688479 55.367087, -126.688197 55.366454, -126.688053 55.365844, -126.688085 55.365461, -126.688196 55.365106, -126.688576 55.364672, -126.689294 55.364353, -126.689822 55.364107, -126.69035 55.363549, -126.690647 55.362919, -126.691153 55.362372, -126.69154 55.362008, -126.691746 55.361595, -126.691704 55.361126, -126.691502 55.360669, -126.691243 55.36023, -126.690819 55.359561, -126.690545 55.359114, -126.690299 55.358687, -126.690288 55.358669, -126.690982 55.35856))"
183,2023-07-29 10:30:57,2023071901,2023,48.7,Non-corrected airborne GPS,1689750000000,1689806225000,Out of Control,JA70003000,487210.1418,3106.065,349,c6f65ba2-75c0-45fd-89a0-3b46a7ab2965,1478264.8515625,5414.75347167079,https://wildfiresituation.nrs.gov.bc.ca/incidents?fireYear=2023&incidentNumber=R31512,"POLYGON ((-127.447538 55.012206, -127.446659 55.012164, -127.44577 55.012084, -127.444268 55.011891, -127.442683 55.011669, -127.441673 55.011497, -127.440992 55.011356, -127.439999 55.011116, -127.438702 55.010779, -127.438061 55.010644, -127.43765 55.010583, -127.437413 55.010548, -127.437084 55.01052, -127.436133 55.010467, -127.435832 55.010439, -127.435565 55.010403, -127.435331 55.010346, -127.435193 55.010291, -127.434902 55.010095, -127.434824 55.01, -127.434748 55.00984, -127.434732 55.00967, -127.434756 55.009503, -127.434851 55.009327, -127.434986 55.009149, -127.435152 55.008991, -127.435309 55.008872, -127.435425 55.008753, -127.435629 55.008597, -127.435875 55.008452, -127.436159 55.00832, -127.436486 55.008206, -127.436846 55.008113, -127.437238 55.008046, -127.437656 55.008004, -127.438083 55.007984, -127.438947 55.007984, -127.439373 55.008001, -127.440217 55.008071, -127.440631 55.008125, -127.441054 55.008196, -127.442214 55.008391, -127.443351 55.008542, -127.443729 55.008578, -127.444106 55.008598, -127.444483 55.008601, -127.444859 55.008578, -127.445198 55.00854, -127.445224 55.008537, -127.445589 55.008479, -127.446306 55.008325, -127.447007 55.008149, -127.448021 55.007867, -127.448666 55.007674, -127.44929 55.007464, -127.449609 55.007367, -127.449949 55.007289, -127.450297 55.007237, -127.450659 55.007213, -127.451022 55.007217, -127.451385 55.007254, -127.451741 55.007323, -127.45208 55.007433, -127.452412 55.007581, -127.453027 55.007933, -127.454219 55.008659, -127.454485 55.008849, -127.454702 55.009051, -127.454878 55.009268, -127.454992 55.009497, -127.455055 55.00973, -127.455054 55.009966, -127.454995 55.010197, -127.45489 55.010416, -127.454745 55.010626, -127.454572 55.010825, -127.454385 55.011008, -127.454178 55.011181, -127.453959 55.011335, -127.453727 55.011476, -127.453478 55.011602, -127.453217 55.011709, -127.452941 55.011797, -127.452654 55.011865, -127.452052 55.011959, -127.449258 55.01217, -127.448397 55.012202, -127.447538 55.012206))"
184,2023-07-29 10:30:57,2023072201,2023,239.4,Non-corrected airborne GPS,1690009200000,1690082091000,Being Held,JA70003000,2393828.9485,7797.6441,350,beece362-b0af-4789-ac43-1ac2d686af62,7481227.78125,13777.7433957432,https://wildfiresituation.nrs.gov.bc.ca/incidents?fireYear=2023&incidentNumber=R31581,"POLYGON ((-126.779706 55.589707, -126.781138 55.590379, -126.78243 55.590175, -126.783379 55.589631, -126.784305 55.589034, -126.785659 55.58865, -126.78732 55.588569, -126.78905 55.588712, -126.790711 55.589072, -126.791724 55.589426, -126.79261 55.589897, -126.79296 55.590003, -126.793736 55.590542, -126.794311 55.591167, -126.794322 55.591201, -126.794621 55.591498, -126.795458 55.592365, -126.796358 55.593195, -126.797358 55.593976, -126.798387 55.594742, -126.79938 55.595528, -126.800222 55.596373, -126.800818 55.597274, -126.801203 55.59819, -126.801512 55.599106, -126.801922 55.600016, -126.802454 55.600887, -126.802961 55.60173, -126.803203 55.60257, -126.80295 55.603397, -126.802323 55.604157, -126.801529 55.604825, -126.800749 55.605438, -126.800014 55.605998, -126.799354 55.606564, -126.798881 55.607237, -126.798701 55.608006, -126.798641 55.608776, -126.798672 55.60957, -126.798861 55.610386, -126.799161 55.611221, -126.799602 55.612061, -126.800075 55.612865, -126.800309 55.613615, -126.800086 55.614233, -126.799198 55.614539, -126.797953 55.614372, -126.796778 55.613794, -126.79578 55.613053, -126.794916 55.612284, -126.79426 55.611482, -126.793731 55.61069, -126.793388 55.609936, -126.793545 55.609215, -126.793898 55.608798, -126.794317 55.608402, -126.79457 55.607959, -126.794324 55.607204, -126.793785 55.606708, -126.792719 55.606009, -126.791611 55.605312, -126.790515 55.604596, -126.789463 55.603865, -126.788508 55.603149, -126.787514 55.602563, -126.786309 55.602312, -126.785133 55.602539, -126.784217 55.603034, -126.783305 55.603467, -126.782291 55.603688, -126.781277 55.603544, -126.780516 55.603011, -126.780176 55.602249, -126.780122 55.60139, -126.780356 55.600504, -126.780755 55.599618, -126.781162 55.59874, -126.781365 55.597892, -126.781199 55.59709, -126.780584 55.596366, -126.779706 55.595728, -126.778753 55.595138, -126.777917 55.594523, -126.777387 55.593832, -126.777185 55.593082, -126.777276 55.592311, -126.77756 55.591553, -126.778072 55.590854, -126.778779 55.590228, -126.779706 55.589707))"
185,2023-07-29 10:30:57,2023071401,2023,206.5,Non-corrected airborne GPS,1689318000000,1689371344000,Being Held,JA70003000,2064676.223,6343.3818,351,d1c4db9a-172e-44b8-b31c-f4ce4dd2a406,6283297.2109375,11064.1046320561,https://wildfiresituation.nrs.gov.bc.ca/incidents?fireYear=2023&incidentNumber=R31585,"POLYGON ((-126.771073 55.079763, -126.768956 55.079596, -126.768143 55.079006, -126.767973 55.078828, -126.76789 55.078742, -126.7675 55.07834, -126.766863 55.077713, -126.76607 55.077223, -126.765139 55.076876, -126.764161 55.076666, -126.763184 55.076532, -126.762223 55.076422, -126.761267 55.076329, -126.760342 55.076242, -126.759764 55.076183, -126.759274 55.076135, -126.759223 55.07613, -126.759207 55.076129, -126.75872 55.07608, -126.75826 55.07607, -126.75782 55.07609, -126.7574 55.07613, -126.75697 55.07617, -126.7565 55.0762, -126.75604 55.07622, -126.755974 55.076223, -126.75555 55.07624, -126.75504 55.07626, -126.7545 55.07627, -126.7536 55.07622, -126.75264 55.076, -126.752214 55.075824, -126.75172 55.07562, -126.751364 55.075456, -126.750814 55.075205, -126.749941 55.074798, -126.749145 55.074386, -126.748433 55.073965, -126.748084 55.073733, -126.74779 55.07354, -126.74757 55.073383, -126.747201 55.073125, -126.746967 55.072924, -126.7467 55.0727, -126.74632 55.07225, -126.74604 55.07179, -126.74578 55.07134, -126.74545 55.07094, -126.74514 55.07057, -126.744842 55.070316, -126.744805 55.070285, -126.744549 55.070001, -126.744379 55.069683, -126.744235 55.069333, -126.744067 55.068998, -126.743984 55.068742, -126.74395 55.06863, -126.743932 55.068567, -126.743849 55.068242, -126.743726 55.067819, -126.743598 55.067362, -126.743514 55.066878, -126.743447 55.066377, -126.743483 55.065889, -126.743521 55.065407, -126.743489 55.064931, -126.743432 55.06449, -126.743431 55.064487, -126.743375 55.064356, -126.74326 55.0641, -126.74298 55.06377, -126.742835 55.063567, -126.74273 55.06342, -126.742724 55.063388, -126.74265 55.06299, -126.74251 55.06257, -126.74246 55.06212, -126.74255 55.06167, -126.7428 55.06126, -126.74319 55.06089, -126.74381 55.06062, -126.74459 55.06058, -126.74525 55.06072, -126.745588 55.060866, -126.74586 55.060981, -126.746488 55.06123, -126.746665 55.06128, -126.74715 55.06141, -126.74784 55.06152, -126.7485 55.06159, -126.748829 55.061648, -126.749077 55.06169, -126.749139 55.061705, -126.74957 55.0618, -126.74998 55.06191, -126.750367 55.062029, -126.750371 55.06203, -126.750415 55.062048, -126.750737 55.062174, -126.75076 55.062187, -126.751069 55.062351, -126.751314 55.062474, -126.75143 55.06253, -126.75186 55.06269, -126.75236 55.06283, -126.75287 55.06296, -126.753287 55.063082, -126.753357 55.063102, -126.75337 55.063105, -126.753847 55.063216, -126.754357 55.063274, -126.754897 55.063328, -126.755432 55.063427, -126.755914 55.063543, -126.756389 55.063643, -126.756936 55.063747, -126.757585 55.063907, -126.758313 55.064188, -126.759012 55.064585, -126.759037 55.0646, -126.759349 55.064813, -126.75973 55.06508, -126.760329 55.065556, -126.760413 55.065623, -126.76108 55.066179, -126.76183 55.066694, -126.762665 55.067146, -126.763512 55.067558, -126.764301 55.067922, -126.76436 55.06795, -126.764559 55.068046, -126.765153 55.068333, -126.765833 55.068727, -126.76622 55.069187, -126.76638 55.069681, -126.766395 55.069711, -126.766627 55.070196, -126.767048 55.070687, -126.767048 55.070688, -126.767582 55.071177, -126.768087 55.071634, -126.76816 55.0717, -126.76849 55.07208, -126.768695 55.072318, -126.768885 55.072563, -126.76919 55.07296, -126.769554 55.073445, -126.769675 55.073608, -126.770112 55.074248, -126.770461 55.074828, -126.770484 55.074866, -126.77083 55.075447, -126.771036 55.07583, -126.771131 55.076007, -126.771207 55.076158, -126.77141 55.076558, -126.771613 55.077095, -126.771725 55.077626, -126.7717 55.078122, -126.771552 55.078555, -126.771329 55.078934, -126.771182 55.079132, -126.771087 55.079258, -126.770935 55.079528, -126.771073 55.079763))"
186,2023-07-29 10:30:57,2023071601,2023,102.7,Non-corrected airborne GPS,1689490800000,1689534263000,Out of Control,JA70003000,1027078.1004,4451.4586,352,1c209467-59e5-47ce-a9b1-22b4fccf2b9d,3126686.390625,7768.9291890567,https://wildfiresituation.nrs.gov.bc.ca/incidents?fireYear=2023&incidentNumber=R41510,"POLYGON ((-128.25029 55.0817, -128.250294 55.081703, -128.249552 55.081694, -128.248776 55.081348, -128.248774 55.081342, -128.24877 55.08134, -128.24855 55.080641, -128.249042 55.079853, -128.249677 55.079086, -128.250004 55.078284, -128.249836 55.077517, -128.249766 55.077428, -128.2493 55.076833, -128.2492 55.076681, -128.248839 55.076133, -128.248861 55.075347, -128.24984 55.07529, -128.25048 55.07519, -128.2511 55.07507, -128.25133 55.074997, -128.2517 55.07488, -128.252104 55.074666, -128.252141 55.074655, -128.252215 55.074615, -128.252678 55.074273, -128.253182 55.073969, -128.253767 55.073728, -128.254418 55.073472, -128.255135 55.073208, -128.255936 55.072924, -128.256872 55.072752, -128.257794 55.07275, -128.258488 55.072883, -128.258597 55.072904, -128.259327 55.073016, -128.26004 55.072999, -128.260699 55.072836, -128.261362 55.072589, -128.262007 55.072299, -128.262029 55.07229, -128.262728 55.072, -128.26345 55.071744, -128.264239 55.071532, -128.265101 55.071384, -128.265932 55.071295, -128.266713 55.071268, -128.267442 55.071339, -128.268056 55.071513, -128.26851 55.07175, -128.26891 55.07201, -128.269052 55.072138, -128.269222 55.072298, -128.269306 55.072423, -128.26942 55.0726, -128.26948 55.07281, -128.26949 55.07312, -128.26947 55.07334, -128.26934 55.07369, -128.269335 55.073693, -128.26905 55.07388, -128.26869 55.07405, -128.26818 55.07427, -128.26768 55.0745, -128.267613 55.074538, -128.26722 55.07476, -128.26671 55.07501, -128.2662 55.07521, -128.26565 55.07534, -128.26523 55.07546, -128.26515 55.07565, -128.265154 55.075655, -128.265246 55.075758, -128.265314 55.075832, -128.265371 55.075857, -128.2656 55.07596, -128.26597 55.07607, -128.266065 55.076086, -128.26644 55.07615, -128.26689 55.07625, -128.267054 55.076354, -128.267196 55.076441, -128.26727 55.076656, -128.267217 55.076873, -128.26716 55.077097, -128.267089 55.077332, -128.267033 55.077579, -128.267022 55.077858, -128.267022 55.078146, -128.26705 55.07838, -128.267061 55.078405, -128.267071 55.078426, -128.267159 55.078606, -128.267163 55.078863, -128.266961 55.079118, -128.26655 55.079349, -128.265966 55.079493, -128.26535 55.079574, -128.264736 55.07965, -128.264091 55.079763, -128.263391 55.079887, -128.262692 55.08, -128.262053 55.08012, -128.261477 55.080267, -128.260945 55.080415, -128.260442 55.080583, -128.259954 55.080818, -128.259489 55.081138, -128.259163 55.081346, -128.258818 55.081544, -128.258219 55.081756, -128.257503 55.08185, -128.25704 55.081851, -128.256404 55.081771, -128.255865 55.081648, -128.255486 55.081548, -128.255379 55.08152, -128.255274 55.081496, -128.254891 55.081408, -128.254417 55.081342, -128.254403 55.08134, -128.254388 55.081339, -128.25391 55.0813, -128.25341 55.08129, -128.25292 55.08131, -128.25248 55.08134, -128.25201 55.08138, -128.2515 55.08147, -128.25093 55.08159, -128.25029 55.0817))"
187,2023-07-29 10:30:57,2023071502,2023,31.7,Non-corrected airborne GPS,1689404400000,1689809168000,Under Control,JA70003000,317137.932,3185.6777,353,f70d999e-311d-4b49-8647-46e912bd39e6,976630.3671875,5587.17145157791,https://wildfiresituation.nrs.gov.bc.ca/incidents?fireYear=2023&incidentNumber=R41582,"POLYGON ((-127.70642 55.30746, -127.70645 55.3075, -127.70645 55.30759, -127.70648 55.30764, -127.70643 55.30768, -127.70646 55.3077, -127.70646 55.30772, -127.70645 55.30775, -127.70649 55.30778, -127.7065 55.3078, -127.7065 55.30781, -127.706508 55.307867, -127.70651 55.30788, -127.70651 55.3079, -127.7065 55.30792, -127.70647 55.30794, -127.70648 55.30803, -127.70648 55.30805, -127.70647 55.30807, -127.70644 55.30809, -127.70642 55.30811, -127.7064 55.30812, -127.7063 55.30824, -127.70626 55.30825, -127.7062 55.3083, -127.70616 55.30834, -127.70615 55.30834, -127.706096 55.308384, -127.70608 55.30853, -127.70608 55.308531, -127.70607 55.30856, -127.706062 55.308576, -127.70606 55.30858, -127.70605 55.30861, -127.70605 55.30863, -127.70604 55.30865, -127.70601 55.30868, -127.70598 55.3087, -127.70594 55.30877, -127.70593 55.30879, -127.70591 55.30882, -127.7059 55.30884, -127.70586 55.30886, -127.70582 55.30887, -127.70581 55.3089, -127.70578 55.30893, -127.70575 55.30895, -127.70573 55.30897, -127.7057 55.30899, -127.70568 55.30901, -127.70566 55.30902, -127.70564 55.30905, -127.70561 55.30906, -127.70557 55.30909, -127.705533 55.309084, -127.70551 55.30908, -127.70545 55.30911, -127.70545 55.30915, -127.70537 55.30925, -127.70532 55.30925, -127.70532 55.30927, -127.70519 55.30935, -127.70519 55.30937, -127.70518 55.30938, -127.70517 55.30946, -127.70506 55.30961, -127.70506 55.30963, -127.70505 55.30965, -127.70504 55.30968, -127.705 55.3097, -127.70497 55.30973, -127.70499 55.30975, -127.70498 55.30981, -127.70482 55.30981, -127.70467 55.30998, -127.70428 55.3103, -127.7042 55.31081, -127.70376 55.31114, -127.70358 55.31131, -127.703478 55.311577, -127.703325 55.311752, -127.703187 55.311808, -127.703103 55.311889, -127.702893 55.312034, -127.702728 55.312135, -127.702443 55.312243, -127.702078 55.312304, -127.702074 55.312303, -127.701854 55.312306, -127.701596 55.312413, -127.701301 55.312491, -127.701026 55.312511, -127.70081 55.312703, -127.70077 55.312717, -127.700616 55.312703, -127.700378 55.312769, -127.700311 55.312766, -127.700182 55.31262, -127.700407 55.312498, -127.700515 55.312204, -127.700327 55.311923, -127.70007 55.311781, -127.700289 55.311623, -127.700478 55.311546, -127.700896 55.311362, -127.70109 55.311251, -127.701159 55.311205, -127.70165 55.31069, -127.70168 55.31049, -127.70174 55.3103, -127.70179 55.31011, -127.70193 55.309942, -127.70199 55.309728, -127.702014 55.309726, -127.70199 55.309651, -127.701946 55.309513, -127.70186 55.30925, -127.701881 55.309185, -127.7019 55.30918, -127.70191 55.30915, -127.70193 55.30913, -127.70195 55.3091, -127.70197 55.30908, -127.70195 55.30897, -127.70197 55.3089, -127.7019 55.30877, -127.70183 55.30879, -127.701682 55.308782, -127.70167 55.30878, -127.701634 55.30878, -127.70163 55.30878, -127.701629 55.30878, -127.701451 55.308771, -127.701439 55.30877, -127.70143 55.308783, -127.70116 55.309164, -127.701151 55.309157, -127.70115 55.309156, -127.701126 55.309137, -127.700625 55.308735, -127.700617 55.308729, -127.700624 55.308717, -127.70064 55.30869, -127.70057 55.30868, -127.70056 55.30868, -127.700556 55.308678, -127.700538 55.30865, -127.700533 55.308643, -127.700417 55.308463, -127.70041 55.308453, -127.70035 55.30836, -127.700335 55.308296, -127.700294 55.308127, -127.70028 55.30812, -127.70026 55.3081, -127.70026 55.30793, -127.70027 55.30791, -127.70031 55.30788, -127.70039 55.3078, -127.70042 55.30776, -127.700427 55.307759, -127.70048 55.30775, -127.70047 55.30773, -127.70047 55.30768, -127.70046 55.30758, -127.70045 55.30756, -127.70045 55.3075, -127.70047 55.30747, -127.70049 55.30745, -127.7005 55.30743, -127.700451 55.307332, -127.70042 55.30727, -127.70042 55.30725, -127.70044 55.30723, -127.70043 55.3072, -127.70043 55.30719, -127.70042 55.30711, -127.70043 55.30709, -127.70043 55.30708, -127.70044 55.30706, -127.70047 55.30702, -127.70047 55.307012, -127.70047 55.30696, -127.70048 55.30692, -127.70049 55.30691, -127.70051 55.30684, -127.70051 55.30682, -127.70053 55.30679, -127.70053 55.30659, -127.70063 55.30652, -127.700637 55.306507, -127.70064 55.306497, -127.70065 55.30647, -127.70067 55.30646, -127.70068 55.30644, -127.70064 55.3064, -127.70063 55.30638, -127.7006 55.30635, -127.700599 55.306348, -127.70059 55.306326, -127.70059 55.30629, -127.70058 55.30627, -127.700547 55.306224, -127.70053 55.306183, -127.70053 55.30616, -127.700514 55.306144, -127.700493 55.306093, -127.70051 55.30607, -127.7005 55.30605, -127.700472 55.306043, -127.70047 55.306039, -127.700285 55.305692, -127.700344 55.305534, -127.70035 55.30553, -127.70038 55.30549, -127.70044 55.30543, -127.70046 55.30542, -127.70046 55.30538, -127.70048 55.30534, -127.7005 55.30532, -127.70053 55.30527, -127.70051 55.30519, -127.700558 55.305133, -127.70056 55.30513, -127.70055 55.30498, -127.700544 55.304942, -127.700539 55.304908, -127.70053 55.30489, -127.70053 55.30487, -127.70051 55.30481, -127.7005 55.30479, -127.7005 55.30477, -127.70046 55.30464, -127.70048 55.3046, -127.700473 55.304476, -127.70047 55.30442, -127.700462 55.304404, -127.70046 55.30439, -127.700821 55.303839, -127.701029 55.30373, -127.70106 55.303714, -127.701221 55.30363, -127.701294 55.303587, -127.70132 55.303571, -127.70132 55.30357, -127.70134 55.30355, -127.70135 55.30353, -127.70139 55.3035, -127.7014 55.30348, -127.70142 55.30346, -127.70141 55.30344, -127.70152 55.30335, -127.70155 55.30334, -127.70163 55.30333, -127.70165 55.30332, -127.70169 55.30329, -127.70173 55.30329, -127.70178 55.3033, -127.70199 55.303219, -127.70199 55.30321, -127.70204 55.30321, -127.70208 55.30323, -127.70211 55.30321, -127.70214 55.30322, -127.70211 55.30326, -127.7021 55.30328, -127.70205 55.30333, -127.70206 55.30335, -127.70204 55.30338, -127.70207 55.30339, -127.70213 55.30345, -127.70219 55.30349, -127.70221 55.30351, -127.70219 55.30353, -127.70221 55.30358, -127.70218 55.30363, -127.70222 55.30367, -127.70222 55.30371, -127.70226 55.30374, -127.7022 55.3038, -127.70222 55.30382, -127.70222 55.30383, -127.70225 55.30387, -127.70224 55.30389, -127.70242 55.30398, -127.70245 55.30399, -127.70248 55.30401, -127.70287 55.304, -127.70319 55.30409, -127.70322 55.30409, -127.70325 55.3041, -127.70329 55.3041, -127.70332 55.30412, -127.70335 55.30413, -127.70339 55.30413, -127.70345 55.30415, -127.70347 55.30417, -127.70359 55.30418, -127.70368 55.30409, -127.70383 55.30407, -127.70383 55.30405, -127.70384 55.30402, -127.70386 55.30401, -127.70388 55.30399, -127.70391 55.30393, -127.70391 55.30378, -127.70393 55.30375, -127.70391 55.30362, -127.70397 55.30359, -127.70398 55.30358, -127.70398 55.30357, -127.70403 55.30352, -127.70404 55.3035, -127.70405 55.30349, -127.70408 55.30345, -127.7041 55.30343, -127.70413 55.30342, -127.70416 55.30339, -127.70417 55.30336, -127.70419 55.30334, -127.7042 55.30332, -127.70422 55.3033, -127.70423 55.30328, -127.7043 55.30325, -127.70436 55.30318, -127.70435 55.30316, -127.70435 55.30313, -127.70436 55.30312, -127.70442 55.30308, -127.70444 55.30307, -127.70446 55.30307, -127.70451 55.30305, -127.70452 55.30304, -127.70454 55.30303, -127.70457 55.30301, -127.70461 55.30299, -127.70465 55.30298, -127.70468 55.30299, -127.70472 55.30298, -127.70478 55.30298, -127.70483 55.30299, -127.70488 55.30299, -127.70496 55.30301, -127.705 55.30301, -127.70504 55.30302, -127.70507 55.30303, -127.70512 55.30305, -127.70516 55.30305, -127.70519 55.30306, -127.70524 55.30307, -127.70528 55.30309, -127.70533 55.3031, -127.70537 55.30312, -127.7054 55.30314, -127.70544 55.30314, -127.70549 55.30315, -127.70554 55.30314, -127.70556 55.30315, -127.7056 55.30316, -127.70563 55.30316, -127.70577 55.30318, -127.70617 55.3033, -127.70621 55.3033, -127.70622 55.30331, -127.7064 55.30336, -127.70651 55.30343, -127.70652 55.30345, -127.70651 55.30348, -127.70651 55.30349, -127.70655 55.30353, -127.70658 55.30353, -127.70659 55.30355, -127.70658 55.30358, -127.7066 55.3036, -127.70659 55.30363, -127.70661 55.30365, -127.70664 55.30366, -127.70668 55.30368, -127.70669 55.30371, -127.70669 55.30372, -127.70667 55.30374, -127.70666 55.30376, -127.70671 55.30377, -127.70672 55.30379, -127.7067 55.30382, -127.70678 55.30386, -127.70681 55.30391, -127.70682 55.30392, -127.70684 55.30393, -127.70687 55.30394, -127.70691 55.30396, -127.70695 55.30397, -127.70698 55.304, -127.70702 55.30402, -127.70702 55.30407, -127.70716 55.30417, -127.70714 55.30418, -127.70727 55.30424, -127.70726 55.30427, -127.7077 55.30458, -127.70769 55.30458, -127.70775 55.30462, -127.70777 55.30464, -127.70777 55.30466, -127.70779 55.30469, -127.70775 55.30477, -127.70779 55.30479, -127.70774 55.30483, -127.70763 55.30485, -127.70763 55.30489, -127.70764 55.3049, -127.70765 55.30492, -127.70764 55.30494, -127.70771 55.30496, -127.70772 55.30494, -127.70777 55.30496, -127.70778 55.30498, -127.70775 55.30501, -127.70773 55.30502, -127.70769 55.30516, -127.70763 55.30521, -127.70761 55.30523, -127.70759 55.30524, -127.70755 55.30527, -127.70753 55.30529, -127.70754 55.30532, -127.70752 55.30536, -127.70747 55.30539, -127.70747 55.30538, -127.70746 55.30539, -127.70744 55.3054, -127.70745 55.30542, -127.70743 55.30546, -127.70741 55.30548, -127.70741 55.3055, -127.70743 55.30552, -127.70744 55.30555, -127.70743 55.30559, -127.70743 55.30562, -127.70741 55.30564, -127.70739 55.30565, -127.7074 55.30571, -127.70738 55.30577, -127.70738 55.30578, -127.70736 55.30583, -127.7074 55.3059, -127.70738 55.30592, -127.70746 55.306, -127.70746 55.30602, -127.70744 55.30603, -127.70742 55.30606, -127.7074 55.30608, -127.70739 55.3061, -127.70746 55.30611, -127.70749 55.30612, -127.70746 55.30618, -127.70746 55.3062, -127.70744 55.30623, -127.70744 55.30625, -127.70743 55.30627, -127.7074 55.30629, -127.7074 55.30631, -127.70738 55.30634, -127.70737 55.30636, -127.70737 55.30638, -127.70733 55.3064, -127.70731 55.30642, -127.70733 55.30648, -127.70732 55.3065, -127.7073 55.30653, -127.70726 55.30654, -127.7072 55.30652, -127.70714 55.30654, -127.70717 55.30656, -127.70709 55.30664, -127.70709 55.30666, -127.70708 55.30668, -127.70705 55.30668, -127.70705 55.30675, -127.70701 55.30679, -127.70697 55.3068, -127.707 55.30682, -127.70701 55.30684, -127.707 55.30687, -127.70701 55.30687, -127.70706 55.30688, -127.70708 55.30692, -127.70701 55.30692, -127.70699 55.30694, -127.70696 55.30696, -127.70694 55.30698, -127.70693 55.307, -127.7069 55.30702, -127.70688 55.30704, -127.70685 55.30706, -127.70679 55.30707, -127.70676 55.30708, -127.70672 55.30709, -127.70666 55.30711, -127.706557 55.307213, -127.70653 55.30724, -127.70657 55.30726, -127.70654 55.30729, -127.7065 55.30731, -127.70647 55.30732, -127.70646 55.30736, -127.70646 55.30737, -127.70645 55.30739, -127.70642 55.30746))"
188,2023-07-29 10:30:57,2023071501,2023,123.5,Non-corrected airborne GPS,1689404400000,1689483677000,Out of Control,JA70003000,1234744.5902,4807.4001,354,20ddfd0f-fc14-4309-83d8-7558d5ef88f6,3884327.8984375,8528.79768250606,https://wildfiresituation.nrs.gov.bc.ca/incidents?fireYear=2023&incidentNumber=R41659,"POLYGON ((-127.261135 55.732913, -127.260514 55.73262, -127.259821 55.732365, -127.259067 55.732155, -127.258265 55.732001, -127.257429 55.731903, -127.256489 55.73186, -127.255502 55.731755, -127.254925 55.731563, -127.254649 55.731471, -127.254274 55.73119, -127.254006 55.730989, -127.253543 55.730427, -127.253323 55.730124, -127.253137 55.729867, -127.252766 55.729327, -127.252433 55.728825, -127.252411 55.728792, -127.252032 55.728235, -127.251959 55.728128, -127.25164 55.72767, -127.25125 55.72709, -127.252113 55.726817, -127.252983 55.72668, -127.253857 55.726494, -127.25457 55.726189, -127.255182 55.72585, -127.255851 55.725612, -127.256549 55.725484, -127.257311 55.725493, -127.257995 55.725533, -127.258515 55.725436, -127.258866 55.725226, -127.259222 55.725032, -127.259594 55.724861, -127.259988 55.724644, -127.260385 55.72435, -127.260902 55.724032, -127.261626 55.723788, -127.262492 55.723642, -127.263498 55.723522, -127.264528 55.72344, -127.264542 55.72344, -127.265503 55.723456, -127.266301 55.723601, -127.266545 55.723729, -127.266875 55.723907, -127.266877 55.723907, -127.26722 55.72434, -127.267222 55.724343, -127.267571 55.724689, -127.268189 55.72475, -127.268735 55.724612, -127.269633 55.724418, -127.270672 55.724458, -127.271784 55.724593, -127.272906 55.724684, -127.274043 55.724647, -127.275136 55.724433, -127.276164 55.724118, -127.277109 55.723868, -127.278063 55.723851, -127.278067 55.723851, -127.278834 55.724121, -127.279173 55.724583, -127.278978 55.725095, -127.278455 55.725585, -127.277883 55.726053, -127.277297 55.726503, -127.276809 55.726938, -127.276469 55.727324, -127.276033 55.727597, -127.275483 55.727812, -127.274921 55.728045, -127.274213 55.728268, -127.273483 55.728523, -127.272909 55.728923, -127.272426 55.729371, -127.272203 55.729895, -127.271951 55.730399, -127.2715 55.730777, -127.270994 55.731096, -127.270696 55.731463, -127.270562 55.731862, -127.270352 55.732258, -127.269889 55.732634, -127.269323 55.733036, -127.26881 55.733448, -127.268389 55.733835, -127.26792 55.734157, -127.267426 55.734379, -127.266926 55.734464, -127.266447 55.734304, -127.265885 55.733987, -127.26523 55.733695, -127.264486 55.733558, -127.263722 55.733482, -127.263224 55.733431, -127.262488 55.733336, -127.261782 55.73318, -127.261135 55.732913))"
189,2023-07-29 10:30:57,2023071501,2023,7.2,Non-corrected airborne GPS,1689404400000,1689484089000,Being Held,JA70003000,71990.9269,1040.7356,355,27ef561c-ef0c-4ae9-8151-5d7bcb5401b1,225026.1015625,1840.65405846195,https://wildfiresituation.nrs.gov.bc.ca/incidents?fireYear=2023&incidentNumber=R41743,"POLYGON ((-127.24126 55.60339, -127.24064 55.60334, -127.24011 55.60307, -127.23978 55.60265, -127.239774 55.602616, -127.2397 55.60219, -127.23992 55.60174, -127.24042 55.60133, -127.24121 55.60109, -127.24185 55.60107, -127.2425 55.60116, -127.2434 55.60144, -127.24396 55.60166, -127.24447 55.60188, -127.24517 55.60227, -127.245171 55.602271, -127.245175 55.602273, -127.24536 55.602478, -127.24559 55.60273, -127.245591 55.602734, -127.24568 55.60307, -127.24573 55.60323, -127.24522 55.60331, -127.24447 55.60329, -127.24376 55.60327, -127.24312 55.60328, -127.242607 55.60331, -127.242504 55.603315, -127.241884 55.603351, -127.241719 55.603363, -127.24126 55.60339))"
190,2023-07-29 10:30:57,2023072501,2023,113.0,Non-corrected airborne GPS,1690268400000,1690308653000,Out of Control,JA70003000,1130229.3747,4111.5264,357,f7639495-1e1f-45ea-9045-0b5c1b145dac,2661685.71875,6309.86906973172,https://wildfiresituation.nrs.gov.bc.ca/incidents?fireYear=2023&incidentNumber=N71918,"POLYGON ((-116.209301 49.363479, -116.208759 49.36337, -116.208223 49.363287, -116.207739 49.363206, -116.207331 49.363059, -116.207031 49.362817, -116.206849 49.362503, -116.206696 49.362168, -116.206456 49.361859, -116.206079 49.361611, -116.205583 49.36146, -116.205029 49.361378, -116.204514 49.361315, -116.204039 49.361224, -116.203559 49.360972, -116.203712 49.360618, -116.204008 49.360249, -116.204418 49.359928, -116.204853 49.359613, -116.205248 49.359284, -116.205519 49.358936, -116.205657 49.358541, -116.205708 49.358325, -116.205893 49.358122, -116.206145 49.357915, -116.20662 49.357822, -116.207034 49.357622, -116.207318 49.357283, -116.207532 49.356872, -116.207756 49.356434, -116.208007 49.356, -116.208252 49.355588, -116.20844 49.355219, -116.208641 49.354876, -116.208988 49.354589, -116.209467 49.354437, -116.209977 49.354408, -116.210476 49.354436, -116.210987 49.354476, -116.211519 49.354514, -116.212035 49.354553, -116.212562 49.354594, -116.213081 49.354608, -116.213576 49.354595, -116.214058 49.35454, -116.214541 49.354459, -116.215022 49.354379, -116.215503 49.354326, -116.215991 49.354315, -116.216477 49.354366, -116.216959 49.354515, -116.217442 49.354699, -116.21793 49.354899, -116.218409 49.355117, -116.218859 49.355346, -116.219271 49.355604, -116.219601 49.355896, -116.219941 49.356185, -116.220228 49.356506, -116.220523 49.356862, -116.220812 49.357219, -116.221037 49.357616, -116.221245 49.358028, -116.221442 49.358453, -116.221591 49.358893, -116.221716 49.359342, -116.221687 49.359782, -116.221548 49.36024, -116.221297 49.360696, -116.220962 49.361152, -116.220594 49.36161, -116.220235 49.362078, -116.219911 49.362556, -116.219597 49.363033, -116.219307 49.363525, -116.219029 49.364025, -116.218751 49.364498, -116.218432 49.36491, -116.218047 49.365258, -116.217606 49.365517, -116.217149 49.365674, -116.216707 49.365754, -116.216283 49.365811, -116.215877 49.365867, -116.215508 49.365938, -116.21424 49.365856, -116.213691 49.365569, -116.213177 49.365188, -116.212945 49.364955, -116.212722 49.36471, -116.212482 49.364471, -116.21222 49.364251, -116.211923 49.364062, -116.211211 49.363809, -116.210798 49.363733, -116.210065 49.363607, -116.209301 49.363479))"
191,2023-07-29 10:30:57,2023072701,2023,63.8,Hand sketch of any type,1690441200000,1690564545000,Out of Control,JA70003000,638408.0932,3818.4721,358,0d38d50d-596f-4643-9efc-b7f657a3dcb1,1592262.4921875,6030.90590018195,https://wildfiresituation.nrs.gov.bc.ca/incidents?fireYear=2023&incidentNumber=N72169,"POLYGON ((-117.131443 50.750527, -117.130902 50.75067, -117.130339 50.750496, -117.129596 50.749765, -117.129181 50.749357, -117.127021 50.748374, -117.125921 50.747874, -117.125081 50.747492, -117.124715 50.747325, -117.124397 50.747003, -117.124066 50.746713, -117.123702 50.746396, -117.123718 50.746187, -117.123863 50.746064, -117.124015 50.745853, -117.124479 50.745605, -117.125019 50.745315, -117.125162 50.745195, -117.125632 50.744942, -117.127395 50.74296, -117.127465 50.742906, -117.130767 50.740432, -117.13156 50.739947, -117.132197 50.739268, -117.132566 50.738673, -117.132643 50.738548, -117.132645 50.738546, -117.132787 50.738448, -117.132883 50.738395, -117.133032 50.73836, -117.133656 50.738407, -117.13417 50.738446, -117.134997 50.738509, -117.135268 50.73853, -117.135851 50.738744, -117.136383 50.738939, -117.136506 50.738983, -117.136577 50.739096, -117.136509 50.739491, -117.136368 50.740315, -117.136451 50.740557, -117.136156 50.742892, -117.136516 50.744022, -117.136549 50.744125, -117.136527 50.744236, -117.136496 50.744307, -117.136359 50.744373, -117.135888 50.744598, -117.135479 50.744794, -117.135357 50.744899, -117.134082 50.745981, -117.132086 50.746879, -117.131036 50.747117, -117.13086 50.747157, -117.130739 50.747228, -117.130698 50.747332, -117.130833 50.747609, -117.131217 50.748398, -117.13217 50.748616, -117.133212 50.748964, -117.133285 50.74913, -117.133523 50.749386, -117.133529 50.749603, -117.132583 50.750239, -117.132318 50.750306, -117.131443 50.750527))"
192,2023-07-29 10:30:57,2023072701,2023,477.1,Hand sketch of any type,1690441200000,1690565512000,Out of Control,JA70003000,4771205.6186,9478.1593,359,718f4629-7c3b-4123-a48e-8dc9fa902c02,11877760.546875,14955.3381507571,https://wildfiresituation.nrs.gov.bc.ca/incidents?fireYear=2023&incidentNumber=N72170,"POLYGON ((-117.124841 50.713478, -117.122434 50.712655, -117.121503 50.712337, -117.118009 50.711264, -117.113776 50.709382, -117.11145 50.707455, -117.111308 50.707328, -117.111157 50.70716, -117.110639 50.705412, -117.110755 50.70511, -117.110683 50.705027, -117.110817 50.704851, -117.114148 50.702772, -117.114276 50.702676, -117.114255 50.702498, -117.115361 50.701297, -117.115395 50.701203, -117.11774 50.700228, -117.11833 50.699574, -117.11744 50.698327, -117.116911 50.697586, -117.116951 50.697534, -117.115248 50.695471, -117.115085 50.695348, -117.114954 50.695172, -117.113927 50.693244, -117.113798 50.693069, -117.113234 50.69136, -117.113903 50.690106, -117.114743 50.689433, -117.114901 50.689355, -117.115273 50.689104, -117.122666 50.686636, -117.122712 50.686487, -117.123044 50.686219, -117.12489 50.686004, -117.126011 50.686486, -117.127528 50.686826, -117.128993 50.687259, -117.143538 50.696898, -117.145007 50.697926, -117.146364 50.698876, -117.146389 50.69929, -117.14628 50.699877, -117.145023 50.700517, -117.141641 50.70224, -117.140077 50.70304, -117.139486 50.703824, -117.139125 50.705138, -117.137122 50.707019, -117.13415 50.70923, -117.133808 50.709473, -117.133419 50.709969, -117.133539 50.710184, -117.134259 50.711476, -117.134264 50.711751, -117.134165 50.71221, -117.133725 50.712414, -117.132665 50.712374, -117.131876 50.71221, -117.130392 50.711856, -117.130111 50.711789, -117.12982 50.711772, -117.12969 50.711884, -117.129715 50.712053, -117.130112 50.712508, -117.130504 50.71283, -117.130763 50.713148, -117.130972 50.713384, -117.131172 50.713842, -117.131052 50.714078, -117.130952 50.714332, -117.1309 50.714465, -117.130604 50.71459, -117.129756 50.714647, -117.129368 50.714673, -117.129121 50.714688, -117.128427 50.714847, -117.128021 50.714941, -117.127781 50.714996, -117.127541 50.714979, -117.127287 50.714951, -117.126175 50.714363, -117.125038 50.713535, -117.124841 50.713478))"
193,2023-07-29 10:30:57,2023071901,2023,358.8,Non-corrected airborne GPS,1689750000000,1689902950000,Out of Control,JA70003000,3588214.058,9805.8765,364,aaf2f5ba-4840-4f1d-8877-c6880349f496,10405242.0703125,16698.7203842302,https://wildfiresituation.nrs.gov.bc.ca/incidents?fireYear=2023&incidentNumber=R11238,"POLYGON ((-126.192628 54.086153, -126.192197 54.090722, -126.189866 54.091636, -126.186654 54.091584, -126.184898 54.090562, -126.184228 54.089132, -126.183201 54.089107, -126.181114 54.088919, -126.179106 54.088721, -126.177277 54.088482, -126.175689 54.088306, -126.174905 54.088467, -126.17441 54.088568, -126.173981 54.089371, -126.174219 54.090243, -126.174241 54.090426, -126.174318 54.091072, -126.174198 54.091824, -126.174038 54.092398, -126.174531 54.092872, -126.175813 54.093195, -126.177152 54.09379, -126.177607 54.094694, -126.176862 54.09544, -126.175548 54.095718, -126.174074 54.095458, -126.172661 54.09492, -126.171201 54.094235, -126.169642 54.093547, -126.168114 54.092879, -126.166931 54.092156, -126.16645 54.091341, -126.167026 54.090586, -126.168533 54.090211, -126.16992 54.089714, -126.170153 54.089371, -126.170511 54.088845, -126.170019 54.087951, -126.168867 54.087264, -126.167553 54.086728, -126.166348 54.086097, -126.16537 54.085288, -126.16456 54.08438, -126.163819 54.083419, -126.163384 54.082962, -126.162902 54.082455, -126.161683 54.081525, -126.160361 54.080549, -126.159583 54.079382, -126.159293 54.078531, -126.159014 54.077961, -126.158904 54.077735, -126.158251 54.077051, -126.157354 54.076549, -126.156891 54.076407, -126.156328 54.076235, -126.15541 54.075961, -126.154752 54.075575, -126.154478 54.07519, -126.154079 54.074971, -126.154714 54.074224, -126.155181 54.07419, -126.155234 54.074166, -126.156006 54.073971, -126.157026 54.073894, -126.158191 54.073987, -126.160049 54.074168, -126.161962 54.074165, -126.163862 54.074341, -126.165655 54.074624, -126.167395 54.074782, -126.169125 54.074795, -126.170889 54.074734, -126.172565 54.074571, -126.174069 54.074327, -126.175437 54.07406, -126.176593 54.073641, -126.177549 54.073139, -126.17857 54.07273, -126.179847 54.072515, -126.181311 54.072476, -126.182721 54.072567, -126.183272 54.072525, -126.183617 54.072688, -126.184423 54.072806, -126.185853 54.073252, -126.186987 54.073951, -126.187972 54.074805, -126.189195 54.07558, -126.189303 54.075609, -126.189681 54.075987, -126.189991 54.077302, -126.189793 54.078621, -126.189932 54.079946, -126.190569 54.081223, -126.191425 54.082456, -126.192192 54.083702, -126.192505 54.084566, -126.192524 54.084618, -126.192646 54.084956, -126.192636 54.085662, -126.192628 54.086153))"
194,2023-07-29 10:30:57,2023072601,2023,8044.1,Non-corrected airborne GPS,1690354800000,1690429017000,Fire of Note,JA70003000,80441487.2816,55806.5415,365,cfc1260c-92d4-4bf6-ae32-c65be8c9f339,234893017.804688,95397.5292667776,https://wildfiresituation.nrs.gov.bc.ca/incidents?fireYear=2023&incidentNumber=R11244,"POLYGON ((-125.423418 54.243514, -125.422601 54.243091, -125.422081 54.242454, -125.421831 54.241704, -125.421641 54.240901, -125.421336 54.240075, -125.420872 54.239261, -125.420208 54.238507, -125.419406 54.237798, -125.418524 54.237102, -125.417711 54.236372, -125.416952 54.235611, -125.416272 54.234845, -125.415606 54.234092, -125.414906 54.233366, -125.414094 54.232707, -125.4132 54.232095, -125.412258 54.231526, -125.411314 54.230996, -125.410473 54.230409, -125.409719 54.229782, -125.409123 54.22913, -125.408565 54.228496, -125.40802 54.227881, -125.407548 54.227242, -125.407142 54.226584, -125.406536 54.225953, -125.405644 54.225425, -125.404537 54.225023, -125.403399 54.224621, -125.402308 54.224193, -125.401624 54.223893, -125.400703 54.223394, -125.399895 54.222853, -125.399152 54.222303, -125.398413 54.221801, -125.397823 54.22132, -125.397578 54.220802, -125.397831 54.220197, -125.398427 54.219561, -125.399111 54.218911, -125.399743 54.218229, -125.40029 54.217525, -125.400748 54.216813, -125.401358 54.216137, -125.402056 54.215479, -125.402747 54.214809, -125.403399 54.214143, -125.404102 54.213505, -125.404955 54.212927, -125.406129 54.212505, -125.407557 54.21236, -125.409098 54.212527, -125.410633 54.212804, -125.412138 54.213093, -125.413556 54.213414, -125.414867 54.213754, -125.416184 54.213948, -125.417457 54.213889, -125.418558 54.213623, -125.419431 54.213169, -125.420582 54.212326, -125.42055 54.211621, -125.420595 54.210869, -125.420658 54.210085, -125.42072 54.209261, -125.420691 54.208413, -125.420804 54.207549, -125.420933 54.206687, -125.421001 54.205837, -125.421068 54.204987, -125.421134 54.204134, -125.421196 54.203301, -125.421232 54.202776, -125.421275 54.20204, -125.421302 54.201357, -125.421409 54.199735, -125.421564 54.199101, -125.421948 54.198447, -125.422852 54.197892, -125.423983 54.197416, -125.425168 54.196953, -125.426387 54.196498, -125.427614 54.196037, -125.428806 54.195593, -125.429988 54.195143, -125.431046 54.194581, -125.4321 54.194018, -125.432979 54.193353, -125.433896 54.192682, -125.434816 54.192041, -125.435686 54.191421, -125.436504 54.190792, -125.437088 54.190043, -125.436802 54.189278, -125.436277 54.188652, -125.435549 54.188159, -125.434942 54.187659, -125.434797 54.187037, -125.435256 54.18637, -125.436153 54.18577, -125.437362 54.185291, -125.438752 54.184921, -125.440174 54.184552, -125.441547 54.184109, -125.443017 54.183763, -125.444612 54.183596, -125.446295 54.183623, -125.448013 54.18379, -125.449148 54.183945, -125.45028 54.184137, -125.451409 54.184338, -125.452508 54.184541, -125.453598 54.184729, -125.45468 54.184855, -125.455743 54.184921, -125.456796 54.184926, -125.458321 54.184846, -125.45972 54.184628, -125.461005 54.184342, -125.462317 54.184144, -125.46366 54.184075, -125.465029 54.184147, -125.466424 54.184237, -125.467834 54.184377, -125.469233 54.184642, -125.47052 54.185135, -125.471744 54.185728, -125.473004 54.186298, -125.474245 54.186874, -125.475359 54.187489, -125.476259 54.188195, -125.476869 54.188945, -125.477285 54.189686, -125.477584 54.190387, -125.478098 54.190996, -125.479119 54.191385, -125.480419 54.191472, -125.481788 54.191284, -125.483161 54.190944, -125.484695 54.190769, -125.486338 54.190803, -125.488005 54.190939, -125.4897 54.191085, -125.491422 54.191232, -125.493148 54.191401, -125.494852 54.191597, -125.496522 54.191813, -125.498148 54.19211, -125.499584 54.192619, -125.500853 54.19325, -125.502204 54.193823, -125.503551 54.194314, -125.504823 54.194739, -125.505703 54.194932, -125.506614 54.195, -125.50752 54.194909, -125.50883 54.194601, -125.510109 54.194218, -125.510946 54.193954, -125.512153 54.193564, -125.513222 54.193199, -125.514169 54.192923, -125.515044 54.19284, -125.515799 54.193029, -125.516233 54.193503, -125.516266 54.194123, -125.516219 54.19476, -125.516615 54.195371, -125.5175 54.195838, -125.518531 54.196188, -125.519722 54.196352, -125.520947 54.196342, -125.522159 54.196261, -125.523416 54.196231, -125.524763 54.196305, -125.526092 54.196522, -125.52741 54.196753, -125.528765 54.196805, -125.530079 54.196744, -125.53138 54.196751, -125.532692 54.196902, -125.533981 54.197151, -125.535194 54.197418, -125.536357 54.197601, -125.53748 54.197574, -125.538508 54.197316, -125.53951 54.196997, -125.540544 54.196673, -125.541617 54.196385, -125.542736 54.196126, -125.543942 54.196018, -125.54518 54.196085, -125.54637 54.196307, -125.54748 54.196618, -125.548564 54.196917, -125.549748 54.197069, -125.550552 54.197144, -125.551361 54.197296, -125.552162 54.197556, -125.552968 54.197854, -125.553817 54.198142, -125.554695 54.19842, -125.555573 54.198701, -125.556456 54.19898, -125.557753 54.199387, -125.558991 54.199773, -125.560172 54.200136, -125.561204 54.200564, -125.562089 54.201097, -125.562833 54.201688, -125.5637 54.202177, -125.564843 54.202428, -125.566138 54.202466, -125.567425 54.202602, -125.56864 54.202943, -125.569733 54.20343, -125.570758 54.203945, -125.571877 54.204395, -125.573132 54.204712, -125.574402 54.204984, -125.575729 54.20517, -125.577033 54.205395, -125.578234 54.20573, -125.57926 54.20618, -125.579993 54.20678, -125.580299 54.20747, -125.580161 54.208168, -125.579856 54.208892, -125.579769 54.209656, -125.580053 54.210395, -125.580813 54.211053, -125.581899 54.21161, -125.583035 54.21217, -125.584078 54.212802, -125.584984 54.213502, -125.585754 54.214252, -125.586095 54.214667, -125.586406 54.215045, -125.586942 54.215881, -125.587466 54.216735, -125.588005 54.217593, -125.588585 54.21844, -125.588986 54.218999, -125.589411 54.219556, -125.589831 54.220104, -125.590239 54.22065, -125.590627 54.221181, -125.591312 54.221914, -125.591875 54.222345, -125.59281 54.222917, -125.593994 54.223307, -125.595363 54.223438, -125.596753 54.22343, -125.598202 54.22359, -125.599598 54.223559, -125.601022 54.223709, -125.602423 54.223893, -125.603799 54.224118, -125.605153 54.224425, -125.606434 54.224849, -125.607639 54.225352, -125.608936 54.225836, -125.610329 54.226277, -125.611794 54.226702, -125.613312 54.227135, -125.61487 54.227568, -125.616439 54.228006, -125.617919 54.228541, -125.619205 54.22919, -125.620427 54.22985, -125.621646 54.230443, -125.62286 54.230979, -125.624053 54.23141, -125.625376 54.23159, -125.626707 54.231483, -125.627966 54.23122, -125.629042 54.230775, -125.629937 54.230231, -125.630776 54.229672, -125.631619 54.229145, -125.632581 54.228702, -125.633618 54.228411, -125.634686 54.228334, -125.635642 54.228649, -125.636292 54.229288, -125.636619 54.23011, -125.636867 54.230671, -125.63732 54.231201, -125.638005 54.231663, -125.63886 54.232036, -125.63981 54.232325, -125.641324 54.232613, -125.642367 54.232724, -125.643911 54.232786, -125.64542 54.232786, -125.64691 54.232926, -125.648277 54.233277, -125.649362 54.233895, -125.650078 54.23473, -125.650451 54.235631, -125.650682 54.236499, -125.651039 54.237308, -125.65168 54.238029, -125.652746 54.238625, -125.653941 54.239156, -125.654836 54.239849, -125.655359 54.24068, -125.654504 54.240453, -125.655343 54.241496, -125.656586 54.242409, -125.657979 54.243226, -125.658104 54.243314, -125.659178 54.244074, -125.659918 54.245024, -125.660125 54.246043, -125.660039 54.247043, -125.659876 54.247989, -125.65963 54.248888, -125.65929 54.249747, -125.658849 54.250548, -125.658741 54.250667, -125.658221 54.251232, -125.657349 54.251779, -125.656228 54.252178, -125.654969 54.252438, -125.653665 54.252627, -125.652377 54.252879, -125.651196 54.253217, -125.650203 54.253688, -125.649572 54.254348, -125.64966 54.255189, -125.650356 54.256018, -125.651358 54.256781, -125.652432 54.257507, -125.653362 54.258232, -125.653754 54.258761, -125.653828 54.259593, -125.653332 54.260337, -125.652361 54.260891, -125.651161 54.261229, -125.649886 54.261297, -125.648654 54.261084, -125.647511 54.260692, -125.646364 54.260284, -125.645064 54.260104, -125.64373 54.260339, -125.642684 54.261024, -125.642114 54.261977, -125.641868 54.26298, -125.641962 54.264006, -125.64217 54.265019, -125.642001 54.265984, -125.641389 54.266815, -125.640435 54.267472, -125.639327 54.267947, -125.638155 54.268152, -125.63698 54.268096, -125.63587 54.267859, -125.63479 54.267621, -125.633725 54.267709, -125.632913 54.268209, -125.632405 54.268776, -125.631734 54.269054, -125.630987 54.268873, -125.630451 54.268392, -125.629985 54.267768, -125.629176 54.267231, -125.62805 54.266905, -125.626841 54.266758, -125.625661 54.266827, -125.62466 54.267266, -125.624018 54.268003, -125.623508 54.268799, -125.622723 54.26947, -125.621645 54.269965, -125.620448 54.270294, -125.619249 54.270554, -125.618511 54.270814, -125.617588 54.2714, -125.616872 54.272128, -125.616093 54.272847, -125.615112 54.273427, -125.613854 54.27373, -125.612442 54.273802, -125.610979 54.273815, -125.609493 54.273919, -125.608003 54.2741, -125.606507 54.274302, -125.605002 54.274398, -125.603529 54.274301, -125.602092 54.274044, -125.600627 54.273768, -125.599142 54.273576, -125.597619 54.273513, -125.596139 54.273442, -125.594684 54.273338, -125.59325 54.273206, -125.591853 54.273017, -125.590526 54.272775, -125.58932 54.272442, -125.588238 54.272026, -125.587325 54.271536, -125.586668 54.270948, -125.58633 54.270276, -125.586108 54.269565, -125.585748 54.268915, -125.584893 54.268497, -125.583794 54.268282, -125.582785 54.267938, -125.581904 54.26743, -125.581105 54.266811, -125.580124 54.266247, -125.57891 54.265839, -125.577628 54.265519, -125.576385 54.265194, -125.575229 54.264829, -125.574276 54.264352, -125.573605 54.263711, -125.573181 54.262969, -125.572918 54.262479, -125.572253 54.261871, -125.57118 54.261567, -125.570065 54.261505, -125.569167 54.261406, -125.568778 54.261024, -125.569139 54.260409, -125.570179 54.259802, -125.571596 54.259315, -125.573098 54.258911, -125.574604 54.258526, -125.576098 54.258106, -125.577491 54.257584, -125.578778 54.257027, -125.580141 54.256533, -125.581558 54.256108, -125.582937 54.255713, -125.584128 54.25531, -125.584846 54.254786, -125.584725 54.254223, -125.583798 54.25388, -125.582591 54.253743, -125.58132 54.253636, -125.580024 54.253503, -125.578708 54.253347, -125.577413 54.253178, -125.576132 54.25304, -125.574849 54.252939, -125.573605 54.25282, -125.5724 54.252653, -125.571218 54.252442, -125.570067 54.252243, -125.568956 54.252088, -125.567935 54.252043, -125.567031 54.25208, -125.566289 54.251996, -125.565857 54.251599, -125.565827 54.250992, -125.5662 54.250303, -125.566384 54.249608, -125.566017 54.249037, -125.565201 54.248748, -125.564279 54.248642, -125.563699 54.248476, -125.562872 54.248137, -125.561926 54.24805, -125.560961 54.248313, -125.560071 54.248682, -125.559264 54.249043, -125.558429 54.249248, -125.557536 54.249179, -125.556616 54.249058, -125.555751 54.249046, -125.555005 54.248874, -125.554262 54.248589, -125.553276 54.248584, -125.552205 54.248833, -125.551091 54.249018, -125.549975 54.248991, -125.54889 54.248735, -125.547797 54.248392, -125.546638 54.24811, -125.545446 54.247974, -125.544261 54.24792, -125.543107 54.247877, -125.54197 54.247837, -125.540838 54.24794, -125.539825 54.248371, -125.539017 54.248988, -125.53838 54.249697, -125.537737 54.250393, -125.536798 54.250959, -125.535696 54.251431, -125.534592 54.251825, -125.533618 54.25212, -125.532816 54.252152, -125.532252 54.251848, -125.532189 54.25123, -125.532569 54.250465, -125.533139 54.249653, -125.53371 54.248811, -125.534226 54.247964, -125.534568 54.247137, -125.534799 54.246375, -125.534868 54.245892, -125.534856 54.245441, -125.534719 54.245022, -125.534067 54.244592, -125.532998 54.244615, -125.532049 54.245065, -125.531483 54.245765, -125.531158 54.246537, -125.530781 54.247261, -125.530166 54.247862, -125.529249 54.248156, -125.528228 54.248123, -125.527265 54.247903, -125.526345 54.247603, -125.525522 54.247234, -125.524857 54.246716, -125.524305 54.24608, -125.523519 54.245558, -125.522453 54.245349, -125.521433 54.245592, -125.520871 54.246201, -125.52077 54.246903, -125.520732 54.247516, -125.52024 54.247968, -125.519406 54.248074, -125.518525 54.2478, -125.517609 54.247492, -125.517528 54.247498, -125.516596 54.247561, -125.515808 54.248053, -125.515297 54.248724, -125.51493 54.249382, -125.514394 54.249907, -125.513519 54.25014, -125.512581 54.250001, -125.511877 54.249529, -125.511535 54.248882, -125.511557 54.248197, -125.511758 54.247742, -125.512005 54.247293, -125.512168 54.246843, -125.512075 54.246423, -125.511682 54.246086, -125.511046 54.245889, -125.510299 54.245845, -125.509538 54.24592, -125.508804 54.246046, -125.508092 54.246168, -125.507398 54.246267, -125.506398 54.24631, -125.505425 54.246159, -125.50449 54.245824, -125.503372 54.245674, -125.502164 54.24585, -125.500988 54.246139, -125.499776 54.246425, -125.498536 54.246699, -125.498169 54.246756, -125.498192 54.246806, -125.49677 54.247111, -125.495398 54.2473, -125.494081 54.247229, -125.492907 54.246903, -125.492585 54.246723, -125.491988 54.24639, -125.491296 54.245813, -125.490778 54.245218, -125.490522 54.244599, -125.490763 54.243916, -125.491577 54.243256, -125.492738 54.242676, -125.494037 54.242157, -125.495327 54.241638, -125.496496 54.241082, -125.497524 54.240514, -125.498336 54.239892, -125.49878 54.239206, -125.498774 54.238497, -125.498336 54.237838, -125.497547 54.237277, -125.49658 54.236795, -125.495571 54.236338, -125.494534 54.235882, -125.493533 54.235399, -125.492605 54.234878, -125.491817 54.234277, -125.491193 54.233594, -125.490684 54.232834, -125.490043 54.232092, -125.489011 54.231526, -125.487603 54.231268, -125.486044 54.231332, -125.484523 54.231575, -125.483053 54.231869, -125.481641 54.232174, -125.480264 54.232432, -125.478907 54.232595, -125.477582 54.2326, -125.476306 54.232469, -125.475106 54.232223, -125.474014 54.231828, -125.472986 54.231349, -125.471957 54.230867, -125.470851 54.230439, -125.469631 54.230126, -125.46827 54.230002, -125.466856 54.230056, -125.465448 54.230199, -125.464039 54.230367, -125.462637 54.230522, -125.461234 54.230732, -125.459866 54.230998, -125.458526 54.231263, -125.45719 54.231427, -125.455859 54.231393, -125.454583 54.231159, -125.453384 54.230801, -125.452217 54.230428, -125.451056 54.230059, -125.449889 54.22967, -125.448721 54.229239, -125.447572 54.228775, -125.446432 54.228299, -125.445248 54.227851, -125.443964 54.227495, -125.442611 54.227274, -125.441612 54.227233, -125.441213 54.227217, -125.439785 54.227294, -125.438342 54.227384, -125.436873 54.227476, -125.435359 54.227584, -125.433814 54.227714, -125.43231 54.227832, -125.430869 54.227963, -125.429508 54.22809, -125.428218 54.228205, -125.426993 54.228408, -125.425739 54.228857, -125.425615 54.229592, -125.425723 54.232436, -125.425757 54.233471, -125.426172 54.234505, -125.426554 54.235543, -125.426982 54.236572, -125.427522 54.237569, -125.428142 54.238548, -125.428774 54.239512, -125.429123 54.240491, -125.42898 54.241434, -125.428341 54.242212, -125.427366 54.242749, -125.426396 54.243199, -125.425424 54.24353, -125.424411 54.243654, -125.423418 54.243514))"
195,2023-07-29 10:30:57,2023072601,2023,427.6,Non-corrected airborne GPS,1690354800000,1690436628000,Out of Control,JA70003000,4275542.9726,10312.093,366,0beaa90d-5d73-42ba-9d72-f71dde8986b9,12625489.8671875,17724.1848457268,https://wildfiresituation.nrs.gov.bc.ca/incidents?fireYear=2023&incidentNumber=R11274,"POLYGON ((-125.2797 54.469302, -125.278401 54.4687, -125.277519 54.467878, -125.277172 54.466903, -125.277314 54.465878, -125.277502 54.464854, -125.277334 54.463872, -125.276692 54.463011, -125.275794 54.462327, -125.274605 54.46192, -125.273326 54.461702, -125.272055 54.461535, -125.27074 54.46141, -125.269325 54.461369, -125.267762 54.461388, -125.266174 54.461466, -125.264621 54.461609, -125.26317 54.461868, -125.261819 54.462226, -125.260504 54.462577, -125.259186 54.462799, -125.258059 54.463061, -125.257139 54.463246, -125.256414 54.462973, -125.256289 54.462195, -125.257017 54.461332, -125.258127 54.460495, -125.259516 54.459688, -125.261151 54.458938, -125.263028 54.458276, -125.264984 54.45764, -125.266723 54.456831, -125.268343 54.455967, -125.269764 54.455028, -125.27092 54.454014, -125.27172 54.452954, -125.272494 54.451913, -125.273427 54.450922, -125.274357 54.449966, -125.275104 54.44902, -125.276041 54.448127, -125.277549 54.447445, -125.279151 54.44681, -125.280706 54.446185, -125.282198 54.445598, -125.283202 54.44527, -125.28424 54.445029, -125.285813 54.444853, -125.286795 54.444755, -125.287676 54.444592, -125.288881 54.444381, -125.290048 54.444508, -125.290613 54.444897, -125.290634 54.445712, -125.290128 54.446532, -125.289791 54.447422, -125.290171 54.448377, -125.291336 54.449212, -125.292821 54.449918, -125.294261 54.45058, -125.295332 54.451367, -125.295442 54.452334, -125.294912 54.453305, -125.294577 54.454364, -125.295014 54.455487, -125.296262 54.456487, -125.297764 54.457388, -125.299134 54.458283, -125.300539 54.459059, -125.302344 54.459429, -125.304364 54.459192, -125.306275 54.458572, -125.30746 54.458707, -125.308944 54.459118, -125.3099 54.459821, -125.309739 54.460724, -125.308569 54.461494, -125.306988 54.462131, -125.305249 54.462709, -125.303427 54.463261, -125.301531 54.463773, -125.299598 54.464282, -125.297682 54.464851, -125.29583 54.465519, -125.294034 54.466264, -125.29222 54.467024, -125.290377 54.467727, -125.288512 54.468346, -125.28665 54.468852, -125.284824 54.469246, -125.283042 54.469527, -125.281312 54.469584, -125.2797 54.469302))"
196,2023-07-29 10:30:57,2023072601,2023,6890.7,Non-corrected airborne GPS,1690354800000,1690429879000,Out of Control,JA70003000,68906941.0867,57328.5523,367,d6bf48e1-340e-4993-9d8a-0a6f8b639738,202882942.242188,98371.8422574791,https://wildfiresituation.nrs.gov.bc.ca/incidents?fireYear=2023&incidentNumber=R11277,"POLYGON ((-125.357389 54.455414, -125.355986 54.454862, -125.354572 54.454326, -125.352963 54.454043, -125.351457 54.453609, -125.350138 54.452944, -125.348779 54.452254, -125.347151 54.451826, -125.345349 54.451856, -125.343612 54.452301, -125.341915 54.452898, -125.340319 54.453567, -125.33892 54.454285, -125.337675 54.454984, -125.336297 54.455477, -125.334693 54.455535, -125.333099 54.45524, -125.331424 54.455153, -125.329768 54.455203, -125.328304 54.455039, -125.327227 54.454571, -125.327159 54.453665, -125.328435 54.452745, -125.330496 54.452099, -125.332752 54.45155, -125.334846 54.450896, -125.336459 54.450017, -125.337314 54.448945, -125.337354 54.447842, -125.337141 54.446782, -125.336938 54.445769, -125.336812 54.444794, -125.336965 54.443907, -125.337841 54.443065, -125.339679 54.442684, -125.341911 54.442509, -125.344267 54.442104, -125.346711 54.441518, -125.349101 54.440741, -125.351424 54.439848, -125.353703 54.438882, -125.355898 54.437856, -125.357969 54.436761, -125.359966 54.43564, -125.361943 54.434521, -125.363908 54.433422, -125.365862 54.432363, -125.36784 54.431398, -125.36985 54.430551, -125.371831 54.429781, -125.373655 54.429011, -125.375171 54.428143, -125.376182 54.427129, -125.37643 54.426024, -125.375927 54.424994, -125.374992 54.424127, -125.373996 54.423301, -125.373084 54.422444, -125.372219 54.421603, -125.371328 54.420805, -125.37039 54.42009, -125.369396 54.419572, -125.368737 54.419027, -125.369014 54.418138, -125.370242 54.41728, -125.371481 54.416374, -125.37218 54.415324, -125.372378 54.414226, -125.372081 54.413198, -125.371079 54.41242, -125.36951 54.412166, -125.367875 54.412397, -125.366265 54.412754, -125.364675 54.413048, -125.363109 54.413237, -125.361569 54.413321, -125.360058 54.413303, -125.358579 54.413125, -125.357149 54.412773, -125.355729 54.412409, -125.354474 54.412059, -125.353601 54.411673, -125.353238 54.411117, -125.353834 54.410421, -125.355271 54.409929, -125.357233 54.409734, -125.359366 54.409615, -125.361452 54.409428, -125.363384 54.408972, -125.364959 54.40813, -125.366005 54.407001, -125.366874 54.40583, -125.36778 54.404664, -125.368621 54.403472, -125.369025 54.402226, -125.368873 54.400992, -125.368262 54.399858, -125.36739 54.398823, -125.36649 54.397813, -125.365593 54.396808, -125.364755 54.395775, -125.363956 54.394742, -125.363051 54.393793, -125.361866 54.393017, -125.360812 54.392165, -125.360343 54.391065, -125.36028 54.389861, -125.359972 54.388694, -125.359041 54.387744, -125.357609 54.387194, -125.356005 54.387071, -125.354468 54.387342, -125.353039 54.387863, -125.351713 54.388518, -125.35067 54.389305, -125.349828 54.39007, -125.348831 54.390584, -125.347538 54.39058, -125.346402 54.389966, -125.345602 54.389079, -125.344771 54.388216, -125.343671 54.387483, -125.342274 54.386926, -125.340734 54.386554, -125.339181 54.386231, -125.337677 54.385813, -125.336309 54.385195, -125.335083 54.384419, -125.333933 54.383575, -125.332744 54.382758, -125.331496 54.381976, -125.330272 54.38119, -125.329072 54.380381, -125.32788 54.379576, -125.326709 54.378777, -125.325574 54.378002, -125.324475 54.37728, -125.32342 54.37662, -125.322481 54.375996, -125.321896 54.37528, -125.321921 54.37442, -125.322614 54.373504, -125.323884 54.372638, -125.325535 54.371863, -125.327334 54.371141, -125.329173 54.37046, -125.331017 54.369831, -125.332818 54.369225, -125.334536 54.3686, -125.336029 54.367856, -125.337172 54.366977, -125.338026 54.366038, -125.338666 54.365074, -125.339363 54.364119, -125.340354 54.36323, -125.341772 54.36253, -125.343334 54.361923, -125.344789 54.361264, -125.346081 54.360525, -125.347244 54.359761, -125.348536 54.359139, -125.350083 54.358899, -125.351703 54.359158, -125.353091 54.359774, -125.354339 54.36052, -125.355428 54.361389, -125.356425 54.362346, -125.35747 54.363328, -125.358757 54.364223, -125.360257 54.364952, -125.361653 54.365651, -125.362522 54.366573, -125.362721 54.367641, -125.362719 54.368731, -125.362457 54.369832, -125.362133 54.370956, -125.361928 54.372086, -125.362006 54.37316, -125.362845 54.374094, -125.364454 54.374684, -125.366398 54.374838, -125.368405 54.374826, -125.370462 54.374942, -125.372476 54.375308, -125.374411 54.375858, -125.376312 54.376469, -125.378119 54.377142, -125.379843 54.377846, -125.381644 54.378425, -125.383495 54.378871, -125.385214 54.379379, -125.386694 54.379939, -125.388114 54.380343, -125.3896 54.380272, -125.390614 54.379691, -125.390583 54.378821, -125.389662 54.377969, -125.388943 54.376978, -125.388903 54.375811, -125.389275 54.374661, -125.390318 54.373677, -125.392083 54.373137, -125.394042 54.37318, -125.39581 54.373409, -125.397471 54.373337, -125.39866 54.372751, -125.398783 54.371739, -125.397689 54.370709, -125.39609 54.369811, -125.394376 54.368951, -125.392784 54.368038, -125.391419 54.367007, -125.390403 54.365854, -125.389603 54.364698, -125.388798 54.363596, -125.387781 54.362612, -125.386348 54.361889, -125.384722 54.36138, -125.383059 54.361028, -125.38146 54.360705, -125.379969 54.360322, -125.378612 54.35983, -125.3774 54.359238, -125.376389 54.358545, -125.375503 54.3578, -125.374617 54.356973, -125.37354 54.356089, -125.372302 54.355176, -125.371119 54.354197, -125.370008 54.353185, -125.368982 54.352159, -125.368133 54.351097, -125.367386 54.350036, -125.366419 54.349068, -125.365208 54.348182, -125.363966 54.347285, -125.363061 54.346279, -125.362446 54.345202, -125.361673 54.344177, -125.360867 54.343183, -125.360214 54.342194, -125.359795 54.341205, -125.360014 54.340222, -125.360948 54.339301, -125.362466 54.338566, -125.364089 54.337865, -125.365657 54.337136, -125.367162 54.336405, -125.368755 54.335778, -125.370454 54.335211, -125.372158 54.334638, -125.373935 54.334111, -125.376082 54.333877, -125.378397 54.333942, -125.380723 54.334077, -125.38307 54.334165, -125.385401 54.334191, -125.387693 54.334213, -125.389928 54.334269, -125.392056 54.334382, -125.39403 54.334635, -125.395797 54.335111, -125.397507 54.335632, -125.399402 54.335878, -125.401321 54.336029, -125.403119 54.336438, -125.404771 54.337054, -125.406218 54.337838, -125.407393 54.338778, -125.408277 54.339816, -125.409022 54.34087, -125.409936 54.341868, -125.411176 54.342729, -125.412609 54.343525, -125.413985 54.344405, -125.415197 54.345391, -125.416173 54.346438, -125.416911 54.347506, -125.417481 54.348539, -125.417861 54.349486, -125.418679 54.350311, -125.420145 54.350971, -125.421605 54.35174, -125.422757 54.352646, -125.423632 54.35361, -125.423925 54.354613, -125.423741 54.355555, -125.423878 54.356491, -125.424845 54.357356, -125.425862 54.358238, -125.426428 54.359194, -125.42687 54.360125, -125.427299 54.361036, -125.42761 54.361967, -125.427805 54.362936, -125.428013 54.363909, -125.428618 54.364764, -125.429911 54.365247, -125.431362 54.365269, -125.432675 54.365106, -125.433888 54.36542, -125.434346 54.366225, -125.434227 54.367141, -125.433777 54.36804, -125.432765 54.368745, -125.431393 54.369201, -125.430153 54.369638, -125.429479 54.370308, -125.429608 54.371079, -125.429886 54.371772, -125.429967 54.372428, -125.430111 54.373151, -125.430639 54.373931, -125.431531 54.374674, -125.432752 54.375291, -125.433927 54.375912, -125.435148 54.37651, -125.436771 54.376739, -125.438496 54.37661, -125.440096 54.376446, -125.441636 54.376409, -125.443181 54.376374, -125.444701 54.376399, -125.445984 54.376726, -125.446483 54.377443, -125.446146 54.37816, -125.445612 54.37884, -125.445571 54.379553, -125.446355 54.380153, -125.447753 54.380328, -125.449257 54.380083, -125.450573 54.37972, -125.451772 54.379481, -125.452772 54.379602, -125.45344 54.379986, -125.453689 54.380546, -125.45408 54.381158, -125.455128 54.381601, -125.456486 54.381822, -125.457947 54.382031, -125.459287 54.382372, -125.460183 54.382948, -125.460278 54.383755, -125.459863 54.384666, -125.459486 54.385649, -125.459455 54.38664, -125.459993 54.38754, -125.461106 54.388233, -125.462622 54.388626, -125.464294 54.388668, -125.465963 54.388474, -125.467602 54.388548, -125.468863 54.38914, -125.46928 54.390065, -125.469359 54.391006, -125.469415 54.391913, -125.469518 54.3928, -125.46978 54.393714, -125.470247 54.394619, -125.470867 54.395452, -125.471588 54.396187, -125.47239 54.396823, -125.473504 54.397288, -125.474755 54.397558, -125.475738 54.397921, -125.475731 54.398545, -125.474644 54.398947, -125.473144 54.399233, -125.471453 54.399436, -125.469834 54.399677, -125.468484 54.400153, -125.467793 54.400968, -125.468241 54.401904, -125.469416 54.402726, -125.470493 54.403584, -125.471281 54.404472, -125.471506 54.405376, -125.471216 54.406245, -125.470834 54.407111, -125.470216 54.407865, -125.469079 54.408281, -125.467591 54.40813, -125.466136 54.407546, -125.464677 54.406869, -125.463201 54.406228, -125.46159 54.405849, -125.459929 54.405986, -125.458562 54.406628, -125.457166 54.407315, -125.455743 54.407973, -125.454467 54.408671, -125.45349 54.409491, -125.453142 54.410512, -125.453467 54.411622, -125.45466 54.412672, -125.456534 54.413482, -125.458441 54.414283, -125.460303 54.415004, -125.462277 54.415432, -125.464241 54.415554, -125.465988 54.415769, -125.467187 54.416387, -125.467427 54.41728, -125.466877 54.418199, -125.466224 54.419134, -125.465582 54.420104, -125.465203 54.421128, -125.464943 54.422165, -125.464687 54.423188, -125.464134 54.424152, -125.463092 54.425, -125.462004 54.425913, -125.46096 54.426878, -125.45991 54.427846, -125.458781 54.428771, -125.457615 54.429663, -125.456547 54.430555, -125.455707 54.431488, -125.455124 54.432458, -125.454709 54.433421, -125.454287 54.434359, -125.453891 54.435198, -125.454255 54.435374, -125.45423 54.43585, -125.453964 54.436735, -125.453323 54.437559, -125.452402 54.438264, -125.451161 54.438715, -125.44964 54.438795, -125.44806 54.438465, -125.446466 54.438072, -125.444854 54.437849, -125.443251 54.437985, -125.441707 54.438307, -125.440141 54.438578, -125.438548 54.438699, -125.436956 54.438693, -125.435398 54.438914, -125.434108 54.439606, -125.43314 54.44053, -125.432209 54.441468, -125.431231 54.44237, -125.430041 54.44317, -125.428465 54.443741, -125.426686 54.444151, -125.42482 54.44452, -125.422919 54.444868, -125.420995 54.445192, -125.419055 54.445454, -125.417064 54.445575, -125.415077 54.445569, -125.413091 54.445487, -125.411118 54.445393, -125.409102 54.445277, -125.407008 54.445115, -125.404906 54.445092, -125.402878 54.445255, -125.400944 54.445469, -125.399073 54.445683, -125.397293 54.445951, -125.395696 54.446378, -125.394222 54.44689, -125.392724 54.44737, -125.391013 54.447507, -125.389265 54.447169, -125.387755 54.446434, -125.386563 54.445452, -125.385552 54.444373, -125.384492 54.443298, -125.383084 54.442418, -125.381349 54.441865, -125.379469 54.441702, -125.377673 54.441974, -125.376162 54.442639, -125.374956 54.443532, -125.373936 54.444486, -125.373383 54.445153, -125.372671 54.446144, -125.372257 54.44677, -125.371727 54.447664, -125.371162 54.448483, -125.370491 54.449214, -125.370094 54.44969, -125.369557 54.450428, -125.368983 54.451184, -125.368287 54.451971, -125.367581 54.452775, -125.367045 54.453606, -125.366516 54.454408, -125.365481 54.45502, -125.36401 54.45537, -125.362331 54.455485, -125.36066 54.455616, -125.359001 54.455671, -125.357389 54.455414))"
197,2023-07-29 10:30:57,2023071601,2023,7912.5,Hand sketch of any type,1689490800000,1689810637000,Out of Control,JA70003000,79124822.5954,52728.8585,368,836ecc02-310d-425b-9f22-d737775d15a0,223261254.96875,88627.8637349922,https://wildfiresituation.nrs.gov.bc.ca/incidents?fireYear=2023&incidentNumber=R11282,"POLYGON ((-125.556845 53.483196, -125.561187 53.480218, -125.56378 53.477395, -125.563822 53.477336, -125.564356 53.477824, -125.567735 53.480333, -125.571871 53.4824, -125.576604 53.483946, -125.581751 53.484911, -125.587116 53.485259, -125.592492 53.484975, -125.597671 53.484072, -125.599497 53.483503, -125.601028 53.483135, -125.603463 53.482861, -125.603872 53.482839, -125.606905 53.48231, -125.60797 53.48219, -125.609386 53.482366, -125.611712 53.482802, -125.617077 53.483148, -125.622452 53.482863, -125.62763 53.481957, -125.632412 53.480467, -125.636615 53.478448, -125.637476 53.477834, -125.638939 53.477928, -125.647888 53.478889, -125.653511 53.479248, -125.660927 53.480366, -125.669746 53.480865, -125.676903 53.481064, -125.683792 53.480354, -125.688339 53.477001, -125.679771 53.474651, -125.675293 53.472767, -125.670845 53.470899, -125.673876 53.468727, -125.675362 53.467421, -125.6769 53.467247, -125.679022 53.467133, -125.680518 53.46687, -125.682344 53.466663, -125.682612 53.466772, -125.687347 53.468313, -125.692495 53.469273, -125.697859 53.469615, -125.700653 53.469629, -125.701881 53.469707, -125.704227 53.469581, -125.705686 53.469588, -125.706932 53.470344, -125.708619 53.471564, -125.710352 53.472571, -125.714405 53.474518, -125.718999 53.475974, -125.721516 53.476436, -125.722638 53.47672, -125.723478 53.47706, -125.728216 53.4786, -125.733367 53.479558, -125.738733 53.479898, -125.741923 53.479725, -125.742149 53.480182, -125.744657 53.483032, -125.748049 53.485535, -125.752195 53.487596, -125.753657 53.48807, -125.757046 53.489442, -125.757756 53.489795, -125.760811 53.490786, -125.761565 53.491091, -125.761648 53.491213, -125.763023 53.493989, -125.765533 53.496838, -125.766345 53.497574, -125.766429 53.497669, -125.769824 53.500172, -125.773973 53.502232, -125.778716 53.503769, -125.783872 53.504725, -125.789241 53.505062, -125.794618 53.504768, -125.795367 53.504636, -125.795618 53.504607, -125.8006 53.503728, -125.800825 53.503686, -125.801598 53.503499, -125.801735 53.503465, -125.804288 53.502837, -125.804749 53.502784, -125.809926 53.50187, -125.810088 53.501831, -125.814866 53.500332, -125.814897 53.50032, -125.817403 53.500329, -125.817706 53.500348, -125.819309 53.50026, -125.821678 53.499821, -125.836098 53.50132, -125.836268 53.501421, -125.836871 53.501495, -125.837094 53.501536, -125.837766 53.501705, -125.842867 53.502648, -125.845144 53.50322, -125.845573 53.503358, -125.85073 53.504311, -125.8561 53.504645, -125.861476 53.504348, -125.862878 53.504186, -125.863153 53.504352, -125.867307 53.506408, -125.869994 53.507275, -125.870937 53.507656, -125.871401 53.508075, -125.873101 53.509996, -125.873733 53.51046, -125.874693 53.511327, -125.875053 53.511509, -125.874741 53.511643, -125.873837 53.51244, -125.873712 53.512514, -125.872635 53.512776, -125.870657 53.513397, -125.867858 53.514277, -125.867052 53.514594, -125.862858 53.516622, -125.862694 53.516719, -125.861774 53.517081, -125.861049 53.517366, -125.859787 53.517763, -125.855593 53.51979, -125.852142 53.522267, -125.849568 53.525097, -125.848682 53.526349, -125.847887 53.526252, -125.842514 53.525917, -125.838129 53.526159, -125.837135 53.526214, -125.831956 53.527129, -125.827176 53.528629, -125.82652 53.528946, -125.826501 53.528953, -125.823593 53.529652, -125.820553 53.530709, -125.816956 53.531837, -125.816283 53.532102, -125.814998 53.532097, -125.808931 53.531711, -125.80717 53.532248, -125.807129 53.53225, -125.801948 53.533164, -125.797166 53.534663, -125.794514 53.535942, -125.793723 53.536252, -125.79345 53.536251, -125.79147 53.536243, -125.790661 53.536192, -125.789071 53.536279, -125.787184 53.536271, -125.786817 53.536226, -125.78242 53.535412, -125.780427 53.535286, -125.778806 53.535087, -125.778515 53.534912, -125.774363 53.532852, -125.769616 53.531315, -125.764457 53.530358, -125.759084 53.530019, -125.753704 53.530312, -125.748522 53.531223, -125.743738 53.532719, -125.739535 53.534743, -125.736076 53.537215, -125.735139 53.53824, -125.734248 53.539021, -125.733921 53.538889, -125.729175 53.537349, -125.726756 53.536739, -125.721598 53.535781, -125.716225 53.53544, -125.715259 53.535492, -125.712098 53.535477, -125.706716 53.535767, -125.705588 53.535895, -125.705482 53.53583, -125.702383 53.533543, -125.698235 53.53148, -125.693491 53.529939, -125.688334 53.528979, -125.682962 53.528637, -125.677581 53.528925, -125.672398 53.529833, -125.667611 53.531325, -125.667574 53.53134, -125.665683 53.530862, -125.664676 53.530534, -125.65952 53.529573, -125.654149 53.529229, -125.652913 53.529222, -125.652922 53.52857, -125.652439 53.525356, -125.65091 53.52226, -125.648395 53.519403, -125.644991 53.516893, -125.64083 53.514829, -125.636073 53.513289, -125.633591 53.512666, -125.633334 53.512509, -125.629191 53.510444, -125.624453 53.5089, -125.619301 53.507937, -125.613933 53.507591, -125.61151 53.507719, -125.610073 53.507711, -125.608419 53.507038, -125.607415 53.506537, -125.602678 53.504993, -125.602122 53.504851, -125.600626 53.501804, -125.598128 53.498951, -125.594744 53.496443, -125.590606 53.494376, -125.589759 53.494032, -125.589008 53.493656, -125.584273 53.492111, -125.583471 53.491907, -125.582084 53.490642, -125.578687 53.488124, -125.57453 53.486052, -125.569772 53.484505, -125.564599 53.483543, -125.556845 53.483196))"
198,2023-07-29 10:30:57,2023071901,2023,246.8,Non-corrected airborne GPS,1689750000000,1689894871000,Being Held,JA70003000,2467627.495,8183.9112,369,7ba6bc67-fa41-40ee-b4bf-04ff42db7ac3,7464202.15625,14219.9152831056,https://wildfiresituation.nrs.gov.bc.ca/incidents?fireYear=2023&incidentNumber=R51555,"POLYGON ((-128.852631 54.96635, -128.852127 54.965413, -128.852428 54.963577, -128.852421 54.962913, -128.852357 54.962209, -128.852258 54.961455, -128.852136 54.960708, -128.852 54.959983, -128.851745 54.959281, -128.851294 54.958641, -128.85048 54.95816, -128.849422 54.957873, -128.848598 54.957574, -128.848249 54.957091, -128.848172 54.956541, -128.848077 54.955972, -128.847909 54.955394, -128.847454 54.954931, -128.846664 54.954704, -128.845695 54.954768, -128.844763 54.954914, -128.843942 54.95487, -128.843273 54.954655, -128.84296 54.954461, -128.84289 54.95437, -128.842776 54.954222, -128.84268 54.953948, -128.842645 54.953804, -128.84259 54.953789, -128.842559 54.953463, -128.842537 54.953375, -128.842425 54.953088, -128.842269 54.952801, -128.842078 54.952508, -128.842011 54.952411, -128.841881 54.952314, -128.841511 54.951887, -128.841368 54.951383, -128.841315 54.950883, -128.841288 54.950814, -128.841097 54.95048, -128.840857 54.950169, -128.840647 54.949912, -128.841227 54.95009, -128.841115 54.949668, -128.840782 54.949121, -128.840319 54.948635, -128.839826 54.94817, -128.839732 54.948075, -128.83933 54.947497, -128.839222 54.947305, -128.839282 54.946891, -128.839324 54.946444, -128.839246 54.945975, -128.839249 54.945484, -128.839628 54.945025, -128.840133 54.944606, -128.840631 54.9442, -128.841013 54.943758, -128.841074 54.943648, -128.841293 54.943254, -128.841623 54.942734, -128.842 54.942224, -128.842316 54.941699, -128.842487 54.941158, -128.842537 54.940625, -128.842622 54.940108, -128.842879 54.939619, -128.843084 54.939141, -128.843256 54.938743, -128.843677 54.938475, -128.844285 54.938251, -128.845004 54.937966, -128.845771 54.937594, -128.846582 54.937164, -128.84738 54.936667, -128.847998 54.936065, -128.848385 54.935396, -128.848915 54.934783, -128.849787 54.934389, -128.850792 54.934331, -128.85155 54.934684, -128.852175 54.935185, -128.852923 54.935695, -128.853644 54.936289, -128.853708 54.936375, -128.854158 54.936982, -128.854548 54.937709, -128.854922 54.938438, -128.855382 54.939161, -128.855971 54.93986, -128.856536 54.940546, -128.856929 54.941228, -128.85717 54.941902, -128.857263 54.942576, -128.857279 54.943245, -128.857323 54.943924, -128.857367 54.944609, -128.857395 54.945302, -128.857458 54.946005, -128.857599 54.946705, -128.857863 54.9474, -128.85825 54.948077, -128.85864 54.948754, -128.858986 54.949445, -128.85928 54.950153, -128.859412 54.950865, -128.859316 54.95156, -128.859069 54.952242, -128.858659 54.952895, -128.858161 54.953499, -128.857699 54.954076, -128.857618 54.954252, -128.857436 54.954646, -128.857391 54.955213, -128.857405 54.955767, -128.85741 54.956309, -128.857289 54.956841, -128.857002 54.957357, -128.856599 54.957831, -128.856198 54.958268, -128.855941 54.958696, -128.855765 54.959129, -128.855391 54.959559, -128.855108 54.959996, -128.855342 54.960446, -128.855714 54.960884, -128.855573 54.961319, -128.85524 54.96166, -128.854913 54.96196, -128.854797 54.962326, -128.854689 54.962696, -128.854489 54.963042, -128.854449 54.963409, -128.854483 54.963822, -128.854397 54.964288, -128.854328 54.964824, -128.854263 54.965418, -128.853948 54.965978, -128.852631 54.96635))"
199,2023-07-29 10:30:57,2023071701,2023,59.3,Non-corrected airborne GPS,1689577200000,1689651678000,Under Control,JA70003000,592635.9432,3172.5541,370,bdd542c8-0e5f-4666-955b-fe3162bb8db8,1693092.390625,5365.10277370311,https://wildfiresituation.nrs.gov.bc.ca/incidents?fireYear=2023&incidentNumber=R51656,"POLYGON ((-128.337135 53.772717, -128.335368 53.770543, -128.334884 53.770412, -128.334724 53.770289, -128.334581 53.770162, -128.334476 53.770066, -128.334398 53.769992, -128.334283 53.769902, -128.334217 53.769778, -128.334077 53.769542, -128.333841 53.769308, -128.33351 53.769151, -128.33307 53.768995, -128.33273 53.768799, -128.332627 53.768512, -128.332837 53.768159, -128.333303 53.767811, -128.333957 53.767506, -128.334823 53.767253, -128.335907 53.767103, -128.337115 53.766987, -128.338374 53.766867, -128.339682 53.766746, -128.341084 53.766712, -128.342573 53.766681, -128.34409 53.766616, -128.34567 53.766575, -128.347246 53.76653, -128.348811 53.766629, -128.350137 53.767021, -128.351117 53.767667, -128.351392 53.768522, -128.351028 53.769371, -128.35038 53.77008, -128.349629 53.770581, -128.348808 53.770877, -128.347948 53.770974, -128.347117 53.770946, -128.346326 53.770868, -128.345548 53.77087, -128.344833 53.770917, -128.344203 53.771014, -128.34366 53.771209, -128.34321 53.771472, -128.342787 53.771704, -128.342366 53.7719, -128.341953 53.772081, -128.34152 53.772249, -128.341069 53.772406, -128.340635 53.772584, -128.340247 53.772773, -128.339848 53.772912, -128.339349 53.772965, -128.338765 53.772927, -128.338131 53.772858, -128.337528 53.772854, -128.337135 53.772717))"
200,2023-07-29 10:30:57,2023071901,2023,7.3,Non-corrected airborne GPS,1689750000000,1689896280000,Being Held,JA70003000,72699.0791,974.2818,371,6f02e906-6c62-4928-8828-6716f7072244,218886.140625,1690.97845254462,https://wildfiresituation.nrs.gov.bc.ca/incidents?fireYear=2023&incidentNumber=R51657,"POLYGON ((-129.094154 54.853643, -129.094749 54.853292, -129.095187 54.853097, -129.095876 54.853058, -129.096622 54.853038, -129.097436 54.853036, -129.098199 54.853104, -129.098824 54.853319, -129.099181 54.85364, -129.099312 54.85402, -129.099232 54.854393, -129.098907 54.854724, -129.098449 54.855028, -129.097887 54.855272, -129.097223 54.855418, -129.096503 54.855451, -129.095814 54.855359, -129.095035 54.855123, -129.094402 54.85483, -129.094111 54.854512, -129.094032 54.854108, -129.094154 54.853643))"
201,2023-07-29 10:30:57,2023072101,2023,62.2,Hand sketch of any type,1689922800000,1689988291000,Out of Control,JA70003000,621858.9647,4273.1915,372,42c84d3b-aa14-4885-a849-fd7d55d02823,1726399.9765625,7120.86569820329,https://wildfiresituation.nrs.gov.bc.ca/incidents?fireYear=2023&incidentNumber=R51709,"POLYGON ((-127.732178 53.160041, -127.734962 53.160091, -127.737733 53.161945, -127.740181 53.16433, -127.733429 53.163448, -127.732108 53.162645, -127.731316 53.161642, -127.730239 53.161548, -127.729108 53.161449, -127.72644 53.160676, -127.724718 53.159602, -127.719744 53.153177, -127.72276 53.152703, -127.725143 53.15358, -127.728029 53.154585, -127.731331 53.155253, -127.732743 53.15657, -127.730782 53.159418, -127.73188 53.159908, -127.732178 53.160041))"
202,2023-07-29 10:30:57,2023071401,2023,174.0,Hand sketch of any type,1689318000000,1689551488000,Being Held,JA70003000,1739662.2449,5687.3663,373,9d0d0217-a3a8-435c-a45f-4e83346dd5f6,4822410.1796875,9472.42479819157,https://wildfiresituation.nrs.gov.bc.ca/incidents?fireYear=2023&incidentNumber=R51710,"POLYGON ((-127.638977 53.119099, -127.641393 53.119535, -127.643415 53.119874, -127.644847 53.120026, -127.644997 53.120061, -127.649434 53.121412, -127.651517 53.121898, -127.652865 53.122673, -127.653878 53.123383, -127.654427 53.123642, -127.656087 53.124596, -127.656353 53.124959, -127.658979 53.12776, -127.660376 53.128738, -127.66123 53.129471, -127.660838 53.129718, -127.657823 53.131276, -127.65476 53.133626, -127.654711 53.133657, -127.654006 53.133387, -127.651296 53.13211, -127.646526 53.130658, -127.64607 53.130552, -127.641216 53.129737, -127.641122 53.129715, -127.639855 53.128628, -127.639438 53.128183, -127.635956 53.125743, -127.635839 53.125676, -127.635607 53.125514, -127.631401 53.123529, -127.630587 53.123218, -127.627852 53.122385, -127.638977 53.119099))"
203,2023-07-29 10:30:57,2023071401,2023,483.7,Hand sketch of any type,1689318000000,1689552168000,Being Held,JA70003000,4836753.2689,9424.8761,374,ab00ca15-9ac3-4e99-90af-3dcc12ef8be1,13401646.625,15693.7553155471,https://wildfiresituation.nrs.gov.bc.ca/incidents?fireYear=2023&incidentNumber=R51711,"POLYGON ((-127.573108 53.12125, -127.572141 53.112997, -127.57364 53.113067, -127.576055 53.113179, -127.58136 53.112795, -127.58644 53.111796, -127.588925 53.111139, -127.588955 53.111133, -127.593612 53.109556, -127.594475 53.109193, -127.595496 53.109057, -127.600574 53.108057, -127.605231 53.106481, -127.606339 53.106014, -127.607387 53.106125, -127.610363 53.106626, -127.612751 53.106736, -127.616789 53.107164, -127.616865 53.107177, -127.621173 53.107375, -127.621597 53.10742, -127.621631 53.107466, -127.623191 53.110332, -127.624106 53.11131, -127.621407 53.115059, -127.608658 53.118271, -127.607102 53.121617, -127.603526 53.122418, -127.60348 53.122427, -127.598822 53.124004, -127.596428 53.125239, -127.595569 53.125601, -127.595484 53.125602, -127.590176 53.125986, -127.585095 53.126985, -127.584517 53.12718, -127.582474 53.127721, -127.581312 53.126721, -127.577833 53.12428, -127.575682 53.123263, -127.574754 53.122728, -127.573108 53.12125))"
204,2023-07-29 10:30:57,2023072701,2023,8.9,Non-corrected airborne GPS,1690441200000,1690495958000,Out of Control,JA70003000,89409.7828,1286.5565,375,90fbfed2-3753-41c7-98c8-1c78621bc9eb,335743.390625,2494.03283431426,https://wildfiresituation.nrs.gov.bc.ca/incidents?fireYear=2023&incidentNumber=R91715,"POLYGON ((-130.212976 58.98757, -130.213073 58.987752, -130.212704 58.988042, -130.212213 58.988143, -130.211716 58.988126, -130.211147 58.987995, -130.210936 58.988024, -130.210828 58.988151, -130.210908 58.98837, -130.211018 58.988681, -130.210699 58.988685, -130.209898 58.988541, -130.209346 58.988325, -130.208544 58.987946, -130.208246 58.987603, -130.208077 58.987067, -130.207911 58.986571, -130.207815 58.986098, -130.20783 58.985849, -130.208015 58.985688, -130.208564 58.985662, -130.209072 58.985867, -130.209351 58.985839, -130.209617 58.985515, -130.209447 58.985257, -130.209704 58.984981, -130.210122 58.984938, -130.210796 58.984949, -130.21123 58.984951, -130.211782 58.985072, -130.212162 58.98526, -130.212618 58.985587, -130.212746 58.98584, -130.212854 58.986245, -130.212844 58.986503, -130.212646 58.986816, -130.212676 58.987099, -130.212734 58.987321, -130.212958 58.987512, -130.212976 58.98757))"
205,2023-07-29 10:30:57,2023071701,2023,88.3,Non-corrected airborne GPS,1689577200000,1690318010000,Being Held,JA70003000,882745.3983,6204.4771,376,6cf8807d-a123-48a1-acf0-9f2c2ad4daad,3134232.796875,11690.7466463829,https://wildfiresituation.nrs.gov.bc.ca/incidents?fireYear=2023&incidentNumber=R91733,"MULTIPOLYGON (((-128.434095 58.00329, -128.432104 58.003134, -128.431626 58.002873, -128.431096 58.002572, -128.430134 58.002227, -128.429386 58.002131, -128.428639 58.002132, -128.427641 58.002417, -128.427079 58.002679, -128.426542 58.002915, -128.425979 58.003089, -128.425466 58.003287, -128.425044 58.003537, -128.424448 58.003489, -128.423931 58.003158, -128.423837 58.002819, -128.423975 58.002429, -128.424198 58.001806, -128.424143 58.001389, -128.423832 58.001, -128.423321 58.000665, -128.422387 58.000226, -128.42174 57.999973, -128.420816 57.999637, -128.419926 57.999314, -128.41942 57.999075, -128.418975 57.998794, -128.418528 57.998483, -128.417804 57.998053, -128.417475 57.997761, -128.417498 57.997378, -128.418005 57.996817, -128.418433 57.996472, -128.419258 57.996069, -128.420036 57.995947, -128.420854 57.995876, -128.421647 57.995824, -128.422406 57.995775, -128.423124 57.995824, -128.423664 57.996064, -128.423874 57.99638, -128.423809 57.996719, -128.423411 57.997202, -128.423271 57.997564, -128.423414 57.997941, -128.424012 57.998447, -128.424461 57.998752, -128.424972 57.998933, -128.425946 57.99895, -128.427013 57.998658, -128.428093 57.998222, -128.429128 57.997718, -128.429769 57.997197, -128.43035 57.996647, -128.430919 57.996372, -128.4315 57.996156, -128.432113 57.996091, -128.433196 57.996122, -128.433947 57.996226, -128.434968 57.996553, -128.435616 57.996817, -128.436463 57.997225, -128.436991 57.997507, -128.437876 57.99768, -128.438507 57.997645, -128.439129 57.997513, -128.439742 57.997329, -128.440405 57.997192, -128.441539 57.997137, -128.442311 57.99716, -128.443062 57.997162, -128.443694 57.99711, -128.444463 57.997078, -128.444857 57.997237, -128.4453 57.997605, -128.445936 57.997932, -128.446521 57.998062, -128.44744 57.99827, -128.447827 57.998533, -128.447879 57.999004, -128.447567 57.999288, -128.44717 57.999503, -128.446771 57.999718, -128.446273 58.000117, -128.445925 58.000621, -128.445906 58.001197, -128.445687 58.001519, -128.445261 58.001718, -128.444523 58.001748, -128.443866 58.001555, -128.443311 58.001447, -128.44226 58.001433, -128.441504 58.001416, -128.440751 58.001373, -128.440004 58.001303, -128.439301 58.001194, -128.438315 58.000911, -128.437233 58.000653, -128.43619 58.00054, -128.435292 58.00077, -128.434901 58.001099, -128.434679 58.001516, -128.434525 58.001979, -128.434376 58.002474, -128.434095 58.00329)), ((-128.420878 58.003892, -128.419946 58.004368, -128.419127 58.004359, -128.418422 58.004102, -128.417495 58.003524, -128.415727 58.002335, -128.416233 58.002073, -128.41676 58.001854, -128.417678 58.001585, -128.418487 58.001704, -128.419196 58.001943, -128.419705 58.002292, -128.420368 58.002891, -128.420902 58.003252, -128.420878 58.003892)))"
206,2023-07-29 10:30:57,2023061501,2023,724.8,Hand sketch of any type,1686812400000,1686858516000,Out of Control,JA70003000,7248086.8546,18332.9461,379,e16f71a7-c8c6-4afc-935d-e336770883c3,17164923.859375,28220.9713763584,https://wildfiresituation.nrs.gov.bc.ca/incidents?fireYear=2023&incidentNumber=V10588,"POLYGON ((-122.008597 49.503717, -122.006586 49.504372, -122.008501 49.508066, -122.008321 49.509383, -122.008442 49.509632, -122.008525 49.509804, -122.009975 49.51279, -122.008637 49.516012, -122.008095 49.51692, -122.007239 49.518022, -122.006073 49.518507, -122.005298 49.519006, -122.002609 49.518149, -122.000156 49.517383, -122.000085 49.517361, -121.998225 49.51678, -121.995892 49.514975, -121.994187 49.511895, -121.992065 49.510743, -121.989769 49.51037, -121.989548 49.510221, -121.988963 49.51005, -121.9884 49.509828, -121.987892 49.509512, -121.987308 49.509188, -121.986463 49.508992, -121.985466 49.508846, -121.984365 49.508827, -121.983273 49.509034, -121.982272 49.509282, -121.981259 49.509251, -121.980245 49.509107, -121.979773 49.509077, -121.979153 49.509141, -121.979077 49.509151, -121.97897 49.509117, -121.978873 49.509103, -121.978722 49.509098, -121.978664 49.50911, -121.978601 49.509121, -121.978548 49.509083, -121.978472 49.509069, -121.978429 49.509037, -121.978448 49.508993, -121.97842 49.508957, -121.978292 49.508943, -121.978211 49.508917, -121.978146 49.508905, -121.978115 49.508891, -121.978128 49.50886, -121.978135 49.508806, -121.97813 49.508765, -121.978143 49.508717, -121.978117 49.508686, -121.978051 49.508694, -121.977994 49.508712, -121.977976 49.508694, -121.978021 49.508653, -121.97804 49.508615, -121.978026 49.508593, -121.977966 49.508561, -121.977856 49.508534, -121.977782 49.508551, -121.977708 49.508568, -121.977669 49.50859, -121.977629 49.508574, -121.977636 49.50852, -121.977615 49.508483, -121.977567 49.508447, -121.977481 49.50848, -121.977435 49.508461, -121.977448 49.508438, -121.977467 49.508418, -121.977427 49.508352, -121.977385 49.508323, -121.977343 49.508307, -121.97726 49.508301, -121.977206 49.508316, -121.977155 49.508316, -121.977125 49.508285, -121.977123 49.508258, -121.97712 49.508224, -121.97711 49.508184, -121.977122 49.508147, -121.977124 49.508123, -121.977103 49.508092, -121.977096 49.508062, -121.977102 49.508046, -121.977146 49.508022, -121.97722 49.508008, -121.977273 49.508, -121.977326 49.507999, -121.977369 49.507982, -121.977402 49.507949, -121.977441 49.50791, -121.977456 49.507858, -121.977472 49.507827, -121.977476 49.50779, -121.977514 49.507757, -121.977536 49.507729, -121.977571 49.507676, -121.97758 49.507626, -121.97753 49.507597, -121.977451 49.507566, -121.977335 49.507589, -121.977284 49.507595, -121.977183 49.507593, -121.977067 49.507566, -121.976976 49.507555, -121.976924 49.507552, -121.976843 49.50755, -121.976794 49.507577, -121.976758 49.50759, -121.976693 49.507581, -121.97666 49.507551, -121.976665 49.5075, -121.976679 49.50747, -121.976659 49.507448, -121.976569 49.507443, -121.976511 49.507449, -121.976487 49.507431, -121.976484 49.507365, -121.976445 49.507301, -121.97638 49.507274, -121.976332 49.507263, -121.976244 49.507242, -121.976228 49.507207, -121.976221 49.50718, -121.976254 49.507129, -121.976283 49.507102, -121.976259 49.507071, -121.976238 49.507016, -121.976204 49.507002, -121.976133 49.506986, -121.976048 49.506976, -121.976 49.506927, -121.975874 49.506888, -121.975805 49.506872, -121.975769 49.50686, -121.97573 49.506901, -121.975677 49.506926, -121.97567 49.506962, -121.975704 49.506999, -121.975752 49.507019, -121.975821 49.507033, -121.97584 49.507071, -121.975893 49.507093, -121.975928 49.507122, -121.975876 49.50716, -121.975873 49.507198, -121.975846 49.507229, -121.975812 49.507269, -121.975843 49.507294, -121.975901 49.507305, -121.975966 49.507313, -121.976046 49.507299, -121.976093 49.507318, -121.97611 49.507376, -121.976008 49.507437, -121.975937 49.507474, -121.975848 49.507481, -121.975745 49.507457, -121.975643 49.507469, -121.975537 49.507473, -121.975433 49.50749, -121.975328 49.507539, -121.975252 49.507596, -121.975181 49.507613, -121.975038 49.507638, -121.974895 49.50764, -121.974777 49.507661, -121.974777 49.50774, -121.97479 49.507785, -121.974864 49.507826, -121.974905 49.507902, -121.974862 49.507948, -121.974839 49.507978, -121.974844 49.508028, -121.974936 49.508081, -121.975051 49.508141, -121.975051 49.508196, -121.975139 49.508213, -121.975233 49.50819, -121.975289 49.508227, -121.975335 49.508263, -121.975381 49.508332, -121.975353 49.508378, -121.975266 49.508422, -121.975222 49.50845, -121.975219 49.508526, -121.975239 49.508577, -121.975292 49.508599, -121.975502 49.508684, -121.975614 49.508655, -121.975601 49.5086, -121.975677 49.508589, -121.975766 49.508626, -121.975779 49.508703, -121.975834 49.508748, -121.975851 49.508854, -121.975795 49.508891, -121.975703 49.508944, -121.975639 49.508946, -121.975579 49.508884, -121.975526 49.508882, -121.975454 49.508877, -121.975409 49.508922, -121.975391 49.508946, -121.975368 49.508959, -121.975249 49.508938, -121.97514 49.508932, -121.974994 49.508924, -121.97488 49.508918, -121.974772 49.508924, -121.97468 49.508944, -121.974664 49.508976, -121.974595 49.508998, -121.974556 49.509038, -121.974559 49.509101, -121.974549 49.509148, -121.974559 49.509198, -121.974624 49.509233, -121.97464 49.50926, -121.974631 49.509304, -121.974574 49.509337, -121.974462 49.509313, -121.974428 49.509343, -121.974376 49.509413, -121.974395 49.509472, -121.974411 49.50954, -121.974364 49.509653, -121.974278 49.509757, -121.974214 49.509836, -121.974149 49.50988, -121.974122 49.50991, -121.974058 49.509945, -121.974032 49.509964, -121.974103 49.509982, -121.974178 49.509994, -121.97421 49.510035, -121.97417 49.510091, -121.974186 49.510136, -121.974204 49.510183, -121.974107 49.510236, -121.974027 49.51024, -121.973918 49.510167, -121.973843 49.51014, -121.973738 49.510183, -121.973636 49.510204, -121.973527 49.510193, -121.973295 49.510158, -121.973201 49.510156, -121.973013 49.510149, -121.972926 49.510137, -121.972859 49.510149, -121.972779 49.510133, -121.972714 49.510109, -121.972641 49.510057, -121.97255 49.510019, -121.972456 49.50999, -121.972403 49.509942, -121.972361 49.509902, -121.972366 49.509841, -121.972364 49.50977, -121.972087 49.508934, -121.973414 49.507491, -121.973357 49.507275, -121.973278 49.50709, -121.973169 49.506924, -121.973055 49.506837, -121.973032 49.506724, -121.972893 49.506607, -121.972729 49.506553, -121.972657 49.506469, -121.972602 49.506371, -121.97243 49.506313, -121.972215 49.506313, -121.972059 49.50624, -121.97196 49.506213, -121.97171 49.506165, -121.971477 49.506062, -121.971288 49.505994, -121.97114 49.505979, -121.970953 49.505938, -121.97081 49.505929, -121.970783 49.50592, -121.970676 49.505922, -121.970585 49.505856, -121.970552 49.505805, -121.970511 49.505845, -121.970484 49.505925, -121.970508 49.505979, -121.970389 49.506012, -121.970306 49.506037, -121.970273 49.506108, -121.970312 49.506143, -121.970427 49.506158, -121.970535 49.506255, -121.970614 49.506373, -121.970658 49.506499, -121.970621 49.506548, -121.970456 49.506529, -121.970311 49.506434, -121.970144 49.506333, -121.970098 49.506227, -121.970085 49.506103, -121.970048 49.505946, -121.970093 49.505849, -121.970108 49.505721, -121.97012 49.505655, -121.970089 49.50555, -121.970073 49.50547, -121.970003 49.505393, -121.969935 49.50532, -121.969854 49.505254, -121.969776 49.505211, -121.969737 49.505148, -121.969699 49.505076, -121.969627 49.505033, -121.969558 49.504981, -121.969503 49.504918, -121.969494 49.504911, -121.969437 49.504869, -121.969361 49.504835, -121.969316 49.504829, -121.969182 49.504811, -121.969109 49.50481, -121.969027 49.504783, -121.96895 49.504758, -121.968882 49.504749, -121.968825 49.504758, -121.968777 49.50474, -121.968711 49.504694, -121.96866 49.504664, -121.968585 49.504666, -121.968535 49.504651, -121.968494 49.50459, -121.968456 49.504569, -121.968391 49.504527, -121.968383 49.504479, -121.968355 49.504416, -121.968346 49.504365, -121.968458 49.504283, -121.968587 49.504019, -121.968757 49.503739, -121.968937 49.503362, -121.969082 49.503164, -121.969383 49.502958, -121.969897 49.502837, -121.970371 49.502852, -121.970608 49.50286, -121.971073 49.502869, -121.971576 49.502914, -121.97213 49.502962, -121.972516 49.50294, -121.972797 49.502864, -121.973176 49.502753, -121.973569 49.502657, -121.97401 49.502629, -121.974275 49.502633, -121.974482 49.502772, -121.974769 49.502994, -121.97507 49.503214, -121.975391 49.503408, -121.975724 49.503518, -121.975993 49.503576, -121.976195 49.503589, -121.976311 49.503597, -121.976581 49.50355, -121.976975 49.503433, -121.977386 49.503228, -121.977607 49.503105, -121.978047 49.50288, -121.978344 49.502727, -121.978692 49.502615, -121.978914 49.502522, -121.979166 49.502522, -121.979271 49.502523, -121.979292 49.502469, -121.979235 49.502448, -121.979149 49.50239, -121.97912 49.502356, -121.979137 49.502326, -121.979175 49.502301, -121.979169 49.502265, -121.979096 49.502228, -121.979032 49.502225, -121.978931 49.502241, -121.978851 49.502257, -121.978813 49.502255, -121.978735 49.50221, -121.97869 49.502159, -121.978707 49.502127, -121.978748 49.502091, -121.978729 49.502042, -121.978649 49.501986, -121.978661 49.50195, -121.978715 49.501937, -121.978822 49.501947, -121.978918 49.501923, -121.978977 49.501882, -121.978964 49.501832, -121.978991 49.501787, -121.979068 49.501717, -121.979146 49.501659, -121.979338 49.501632, -121.979463 49.50164, -121.979524 49.501652, -121.97963 49.50161, -121.979701 49.501596, -121.979762 49.501606, -121.979812 49.501636, -121.979864 49.501642, -121.979894 49.501628, -121.979891 49.501603, -121.97985 49.501565, -121.979838 49.501504, -121.979855 49.501449, -121.979857 49.501419, -121.979818 49.501402, -121.979719 49.501398, -121.979631 49.501391, -121.979596 49.501355, -121.979567 49.501286, -121.979538 49.50122, -121.979521 49.501181, -121.979526 49.501122, -121.979501 49.501072, -121.979436 49.501054, -121.979333 49.501054, -121.979258 49.50104, -121.979156 49.501007, -121.979107 49.500963, -121.979037 49.5009, -121.978963 49.500838, -121.97896 49.500807, -121.979008 49.500763, -121.979057 49.500727, -121.979079 49.500682, -121.97912 49.500643, -121.979103 49.500576, -121.979118 49.500538, -121.979172 49.50052, -121.979211 49.500473, -121.979265 49.500397, -121.979362 49.500359, -121.979445 49.500305, -121.979489 49.500236, -121.97949 49.50019, -121.979503 49.500141, -121.979559 49.500042, -121.979595 49.499995, -121.979645 49.499959, -121.979739 49.499919, -121.979809 49.499887, -121.97988 49.499848, -121.979924 49.499811, -121.979961 49.499753, -121.979937 49.499701, -121.979917 49.499664, -121.979872 49.499641, -121.979734 49.499613, -121.979661 49.499614, -121.979562 49.499639, -121.979445 49.499639, -121.979342 49.499641, -121.979291 49.499631, -121.979193 49.499641, -121.979112 49.499668, -121.979054 49.499689, -121.978986 49.499696, -121.97893 49.499711, -121.978834 49.499731, -121.978698 49.499749, -121.978641 49.499762, -121.978601 49.499793, -121.978524 49.499832, -121.978468 49.499839, -121.97838 49.499809, -121.978383 49.499773, -121.978416 49.499736, -121.978397 49.499709, -121.978365 49.499673, -121.978286 49.499607, -121.978163 49.499578, -121.978021 49.499565, -121.97794 49.499556, -121.977929 49.499514, -121.97797 49.499475, -121.978079 49.499439, -121.978126 49.499403, -121.978105 49.499368, -121.978153 49.499324, -121.978184 49.499274, -121.978138 49.49923, -121.978094 49.499196, -121.978001 49.499156, -121.977918 49.4991, -121.977878 49.499052, -121.977803 49.49901, -121.977808 49.49896, -121.977845 49.498929, -121.977794 49.498885, -121.977743 49.498862, -121.977745 49.498809, -121.977743 49.498729, -121.977778 49.498658, -121.977759 49.498617, -121.977794 49.498584, -121.977906 49.498569, -121.977998 49.498519, -121.978068 49.498518, -121.97818 49.498512, -121.978285 49.498549, -121.978391 49.498541, -121.978479 49.498541, -121.978588 49.498531, -121.978739 49.498548, -121.978828 49.498523, -121.978908 49.498488, -121.979007 49.49845, -121.979089 49.498458, -121.979198 49.498508, -121.979276 49.498524, -121.979436 49.498561, -121.979483 49.498536, -121.979601 49.498516, -121.979678 49.498474, -121.979768 49.498445, -121.97991 49.498466, -121.980162 49.498489, -121.980336 49.498478, -121.980458 49.498452, -121.98052 49.498412, -121.980603 49.49837, -121.980701 49.498284, -121.980809 49.498217, -121.980907 49.498137, -121.98099 49.49805, -121.98099 49.497981, -121.980974 49.497897, -121.981007 49.497822, -121.980999 49.497783, -121.981075 49.49775, -121.981126 49.497729, -121.981109 49.49769, -121.981049 49.497673, -121.980979 49.497645, -121.980934 49.497657, -121.980923 49.497676, -121.980889 49.49773, -121.98087 49.49779, -121.980855 49.497822, -121.980781 49.497834, -121.98071 49.497841, -121.980603 49.49783, -121.980516 49.497815, -121.980454 49.497792, -121.980371 49.4978, -121.980313 49.497829, -121.980269 49.497844, -121.980187 49.497872, -121.9801 49.497899, -121.979965 49.497936, -121.979865 49.497968, -121.979738 49.49796, -121.979651 49.497951, -121.979589 49.497952, -121.979527 49.497998, -121.979449 49.498018, -121.979344 49.49801, -121.979243 49.497997, -121.979143 49.497968, -121.979058 49.497938, -121.978976 49.497901, -121.978946 49.497848, -121.978827 49.497833, -121.978723 49.497817, -121.97867 49.497821, -121.978577 49.49785, -121.97851 49.497886, -121.97843 49.497896, -121.978355 49.49791, -121.97827 49.497921, -121.978196 49.497922, -121.978115 49.497919, -121.978065 49.497917, -121.978033 49.497921, -121.978021 49.497951, -121.978009 49.497991, -121.977987 49.49804, -121.978025 49.498072, -121.978052 49.498101, -121.978009 49.498125, -121.97792 49.498146, -121.977834 49.498154, -121.977757 49.498167, -121.977667 49.498154, -121.977599 49.49813, -121.977521 49.498084, -121.977501 49.49802, -121.977481 49.497973, -121.977434 49.497911, -121.977408 49.497871, -121.977425 49.497819, -121.977433 49.497756, -121.9774 49.497728, -121.977327 49.497725, -121.977253 49.497724, -121.976953 49.497682, -121.976835 49.497095, -121.976334 49.496188, -121.975913 49.494558, -121.976287 49.491614, -121.975357 49.491113, -121.972179 49.490187, -121.970999 49.490037, -121.972043 49.48835, -121.972156 49.488167, -121.972594 49.486829, -121.973152 49.485754, -121.972922 49.483949, -121.973349 49.483236, -121.97366 49.482985, -121.973133 49.481417, -121.97313 49.479722, -121.973685 49.479143, -121.973852 49.479049, -121.974334 49.478759, -121.974867 49.478541, -121.975104 49.478457, -121.975431 49.478271, -121.975483 49.478161, -121.975589 49.477827, -121.97598 49.477083, -121.976297 49.476877, -121.976541 49.476898, -121.976816 49.476959, -121.977012 49.476858, -121.977196 49.47664, -121.977508 49.476366, -121.977612 49.476145, -121.977684 49.476112, -121.977957 49.47601, -121.978317 49.475843, -121.978752 49.475611, -121.978877 49.475406, -121.979162 49.475301, -121.979422 49.475136, -121.9794 49.474952, -121.979175 49.474756, -121.978835 49.474651, -121.978849 49.474444, -121.978645 49.474323, -121.978384 49.474236, -121.978096 49.473975, -121.978036 49.4737, -121.978398 49.473553, -121.978799 49.473478, -121.979305 49.473314, -121.979334 49.47315, -121.979374 49.472914, -121.979265 49.472735, -121.979036 49.472514, -121.978827 49.472655, -121.978633 49.472682, -121.978343 49.472709, -121.978235 49.472616, -121.978365 49.472493, -121.978383 49.472323, -121.9785 49.47221, -121.97878 49.472161, -121.97915 49.472099, -121.979475 49.472172, -121.980739 49.47249, -121.982116 49.472517, -121.982924 49.471973, -121.983044 49.471923, -121.983186 49.471938, -121.983331 49.471976, -121.983466 49.472023, -121.98347 49.471972, -121.983486 49.471897, -121.983483 49.471831, -121.98357 49.471783, -121.983696 49.471824, -121.98373 49.471864, -121.983792 49.471893, -121.983881 49.471879, -121.984015 49.471887, -121.983974 49.471927, -121.983919 49.471974, -121.983886 49.472036, -121.983909 49.472088, -121.983858 49.472201, -121.983794 49.472301, -121.983849 49.472361, -121.983849 49.47246, -121.983887 49.472555, -121.983872 49.472673, -121.983944 49.472703, -121.984011 49.472672, -121.984084 49.472635, -121.984167 49.472641, -121.984288 49.472688, -121.984342 49.47276, -121.984378 49.472873, -121.984442 49.472918, -121.984469 49.473088, -121.984372 49.473238, -121.984252 49.473365, -121.984192 49.473413, -121.98418 49.473423, -121.984233 49.47349, -121.98421 49.473524, -121.984204 49.473533, -121.984165 49.473586, -121.984255 49.473623, -121.984333 49.473686, -121.984296 49.473728, -121.984294 49.473843, -121.98435 49.473872, -121.984491 49.473894, -121.984397 49.474017, -121.984349 49.474086, -121.984388 49.474213, -121.984439 49.474297, -121.984453 49.474336, -121.98459 49.474402, -121.984676 49.474465, -121.984688 49.474526, -121.984675 49.47458, -121.984736 49.474642, -121.984747 49.474714, -121.984827 49.474755, -121.98495 49.474798, -121.985011 49.474768, -121.985074 49.474715, -121.9852 49.474621, -121.985443 49.474619, -121.985655 49.474693, -121.985782 49.474709, -121.985912 49.475328, -121.985763 49.475444, -121.985039 49.476004, -121.984788 49.476841, -121.984676 49.477215, -121.983858 49.477837, -121.983571 49.478054, -121.985502 49.478994, -121.987306 49.479873, -121.98914 49.480766, -121.991395 49.481095, -121.991567 49.481928, -121.991022 49.484016, -121.990932 49.484362, -121.991018 49.486076, -121.991375 49.487022, -121.991494 49.487338, -121.991663 49.487786, -121.992199 49.488402, -121.992917 49.489227, -121.994624 49.490443, -121.995241 49.492055, -121.995349 49.492336, -121.995473 49.492659, -121.996844 49.494459, -121.999152 49.495278, -122.001156 49.497107, -122.001517 49.497938, -122.001628 49.498194, -122.001696 49.498245, -122.001737 49.498268, -122.001711 49.498347, -122.001751 49.4984, -122.001845 49.498429, -122.001947 49.498418, -122.002 49.498385, -122.002055 49.49837, -122.002104 49.498392, -122.002157 49.498481, -122.002227 49.498535, -122.002291 49.498569, -122.002362 49.498565, -122.002451 49.498542, -122.002524 49.498522, -122.002597 49.498511, -122.002666 49.49851, -122.002737 49.498511, -122.002781 49.498561, -122.002817 49.498615, -122.002825 49.498659, -122.002803 49.498687, -122.002819 49.498739, -122.00286 49.498761, -122.002957 49.498781, -122.00302 49.498787, -122.003074 49.498765, -122.003135 49.498787, -122.003158 49.498849, -122.003151 49.498905, -122.003089 49.49895, -122.002997 49.498983, -122.002962 49.499044, -122.002971 49.499067, -122.003012 49.49913, -122.003082 49.499141, -122.003161 49.499182, -122.003221 49.499212, -122.00321 49.499229, -122.003179 49.499244, -122.003146 49.49924, -122.003131 49.499245, -122.003141 49.499279, -122.003192 49.499313, -122.003236 49.49934, -122.003269 49.499348, -122.00333 49.499336, -122.003376 49.499354, -122.003414 49.499389, -122.003467 49.499472, -122.003474 49.499531, -122.003463 49.499582, -122.003521 49.499594, -122.003581 49.499588, -122.003635 49.499585, -122.003683 49.499593, -122.003703 49.499662, -122.003714 49.499725, -122.003685 49.499764, -122.003634 49.499799, -122.003646 49.499825, -122.003666 49.499874, -122.003646 49.499911, -122.003658 49.499949, -122.003707 49.499981, -122.00377 49.499987, -122.003807 49.500032, -122.003871 49.500061, -122.003931 49.500076, -122.003976 49.500117, -122.00395 49.500208, -122.00394 49.500253, -122.003879 49.500332, -122.003847 49.500423, -122.003841 49.50054, -122.003859 49.500631, -122.003906 49.50067, -122.003984 49.500673, -122.004085 49.500661, -122.004221 49.50064, -122.004335 49.500636, -122.004386 49.500667, -122.004417 49.500694, -122.004498 49.500692, -122.004564 49.500678, -122.00458 49.500637, -122.004626 49.500603, -122.004669 49.500602, -122.004738 49.500627, -122.004768 49.500619, -122.004816 49.500586, -122.004851 49.500568, -122.004933 49.500562, -122.005033 49.500548, -122.00509 49.500534, -122.005121 49.500544, -122.005177 49.500596, -122.005215 49.500659, -122.00529 49.500739, -122.005314 49.500785, -122.005305 49.500867, -122.005306 49.500922, -122.005342 49.50097, -122.005403 49.500996, -122.005429 49.501005, -122.005458 49.501053, -122.005475 49.501093, -122.005517 49.501162, -122.005474 49.501205, -122.005445 49.501224, -122.005464 49.501259, -122.005489 49.501277, -122.005541 49.501294, -122.005587 49.501325, -122.005622 49.501396, -122.005715 49.501431, -122.005831 49.501475, -122.005953 49.501502, -122.006057 49.501527, -122.006161 49.501525, -122.006227 49.501497, -122.006333 49.501429, -122.006418 49.501396, -122.006491 49.50139, -122.006564 49.50141, -122.006629 49.501424, -122.006688 49.50148, -122.006695 49.501564, -122.00671 49.501631, -122.006707 49.501661, -122.006666 49.501667, -122.006602 49.501656, -122.00657 49.501684, -122.006522 49.50176, -122.006481 49.501824, -122.006476 49.501869, -122.006467 49.501907, -122.006471 49.501946, -122.006435 49.502009, -122.00638 49.502053, -122.006379 49.502104, -122.006383 49.502148, -122.006454 49.502181, -122.00651 49.5022, -122.006668 49.502224, -122.006827 49.502231, -122.006955 49.502243, -122.007004 49.502257, -122.00706 49.50225, -122.007149 49.502231, -122.007179 49.502207, -122.007152 49.502175, -122.007155 49.502117, -122.00719 49.502062, -122.007223 49.502005, -122.007302 49.501954, -122.007328 49.501912, -122.007364 49.501873, -122.007398 49.501833, -122.007447 49.5018, -122.007486 49.501764, -122.00756 49.501718, -122.007621 49.501685, -122.007678 49.501624, -122.007728 49.501565, -122.007758 49.501498, -122.00778 49.501437, -122.007791 49.501377, -122.007782 49.501325, -122.00778 49.501281, -122.007816 49.50124, -122.008118 49.501495, -122.008341 49.501682, -122.008917 49.503185, -122.008597 49.503717))"
207,2023-07-29 10:30:57,2023071701,2023,175.1,Non-corrected airborne GPS,1689577200000,1689632835000,Under Control,JA70003000,1750648.1318,7032.3439,382,562ff072-344f-4677-9824-cdfae5713105,4114109.5078125,10784.1042040809,https://wildfiresituation.nrs.gov.bc.ca/incidents?fireYear=2023&incidentNumber=V11152,"POLYGON ((-122.2346 49.31776, -122.23447 49.31719, -122.23446 49.31695, -122.23451 49.31673, -122.23463 49.31656, -122.23486 49.31644, -122.23512 49.31639, -122.23564 49.31631, -122.23609 49.31619, -122.23613 49.31606, -122.23608 49.3159, -122.23607 49.31579, -122.23608 49.3157, -122.2358 49.31547, -122.2356 49.31536, -122.23529 49.31532, -122.23497 49.31525, -122.23473 49.31515, -122.23454 49.31501, -122.23443 49.3149, -122.23432 49.31472, -122.23428 49.31453, -122.23433 49.31436, -122.23442 49.31414, -122.23453 49.31391, -122.23486 49.31353, -122.23499 49.31331, -122.23504 49.31306, -122.23501 49.31278, -122.23488 49.31228, -122.23476 49.31213, -122.23446 49.31189, -122.23442 49.31177, -122.23451 49.3116, -122.23457 49.31138, -122.2346 49.31113, -122.23451 49.31082, -122.23447 49.31071, -122.23444 49.31055, -122.23444 49.31039, -122.23437 49.31025, -122.23409 49.31015, -122.23372 49.3101, -122.23295 49.31018, -122.2326 49.31019, -122.23231 49.31025, -122.23209 49.31039, -122.23198 49.31061, -122.23192 49.31085, -122.23173 49.31103, -122.2314 49.31112, -122.23104 49.31105, -122.23079 49.31086, -122.23069 49.31062, -122.2307 49.31038, -122.23068 49.31018, -122.23068 49.3101, -122.23067 49.30997, -122.23066 49.30983, -122.23066 49.30968, -122.23069 49.30951, -122.23069 49.30923, -122.23065 49.30897, -122.23071 49.30878, -122.23081 49.30862, -122.23097 49.30828, -122.2311 49.30814, -122.23143 49.30789, -122.23184 49.30737, -122.23196 49.30715, -122.23199 49.30693, -122.23205 49.30671, -122.23217 49.30651, -122.23237 49.30634, -122.23245 49.30628, -122.23299 49.30585, -122.23325 49.30569, -122.2339 49.30514, -122.23413 49.30499, -122.23425 49.30486, -122.2342 49.30475, -122.23387 49.30469, -122.23343 49.30467, -122.23292 49.30462, -122.2324 49.30455, -122.23235 49.30454, -122.23095 49.30428, -122.23016 49.3042, -122.22979 49.30414, -122.22942 49.30405, -122.22905 49.30399, -122.22851 49.30403, -122.22822 49.30397, -122.22796 49.30389, -122.2277 49.30387, -122.22746 49.30379, -122.2267 49.30343, -122.22664 49.30339, -122.22649 49.3033, -122.22638 49.30321, -122.22612 49.30303, -122.22598 49.30289, -122.22555 49.3026, -122.22538 49.30245, -122.22525 49.30228, -122.22516 49.30214, -122.22513 49.3021, -122.22503 49.30192, -122.22505 49.30171, -122.22513 49.30144, -122.22515 49.30135, -122.22522 49.30112, -122.22534 49.3004, -122.22536 49.29964, -122.22545 49.29926, -122.22574 49.29893, -122.22612 49.29863, -122.22663 49.29836, -122.2272 49.29815, -122.22781 49.29803, -122.22841 49.29798, -122.22902 49.29801, -122.22961 49.29807, -122.23017 49.29814, -122.23183 49.29823, -122.23232 49.29827, -122.23279 49.29831, -122.23325 49.2983, -122.23368 49.29824, -122.23391 49.29826, -122.23419 49.29838, -122.23438 49.29852, -122.23503 49.29909, -122.23547 49.2994, -122.2358 49.29964, -122.23652 49.30016, -122.23783 49.30096, -122.23855 49.30135, -122.23919 49.30171, -122.23962 49.30214, -122.24 49.3026, -122.24055 49.30303, -122.24116 49.30339, -122.24161 49.30387, -122.24147 49.30454, -122.24189 49.30512, -122.24223 49.30573, -122.24297 49.30671, -122.24317 49.30696, -122.24361 49.30755, -122.24412 49.30807, -122.24466 49.3085, -122.24524 49.30874, -122.24566 49.30887, -122.24581 49.30895, -122.2455 49.30941, -122.24485 49.30997, -122.24478 49.31003, -122.24447 49.31041, -122.24424 49.31082, -122.24413 49.31124, -122.24409 49.31168, -122.24398 49.31213, -122.2438 49.31257, -122.24371 49.31304, -122.24382 49.31355, -122.24399 49.31411, -122.24407 49.31474, -122.24399 49.31537, -122.24388 49.31578, -122.24366 49.31635, -122.24332 49.31683, -122.24286 49.31722, -122.24236 49.31758, -122.2418 49.31789, -122.24116 49.31813, -122.24052 49.31832, -122.23987 49.31846, -122.23925 49.31845, -122.23864 49.31842, -122.23774 49.31847, -122.23724 49.3185, -122.2365 49.31853, -122.23579 49.31846, -122.23522 49.31823, -122.23482 49.31797, -122.2346 49.31776))"
208,2023-07-29 10:30:57,2023071801,2023,69.2,Non-corrected airborne GPS,1689663600000,1689700854000,Out of Control,JA70003000,692226.3808,3247.4711,383,6901b1bd-5b6b-4698-a145-e0d961e2436c,1620293.1875,4967.44897426493,https://wildfiresituation.nrs.gov.bc.ca/incidents?fireYear=2023&incidentNumber=V11256,"POLYGON ((-121.390526 49.210101, -121.390526 49.210111, -121.39052 49.21044, -121.3905 49.21096, -121.39046 49.2115, -121.39042 49.21201, -121.39036 49.21252, -121.39032 49.21303, -121.39029 49.21351, -121.38517 49.21206, -121.3844 49.21195, -121.38359 49.21184, -121.38273 49.21174, -121.3818 49.21162, -121.38084 49.21145, -121.37992 49.21121, -121.37904 49.21093, -121.37823 49.2106, -121.37756 49.21021, -121.37699 49.20978, -121.37662 49.20932, -121.37641 49.20886, -121.37637 49.20841, -121.37653 49.20799, -121.37688 49.2076, -121.37738 49.20724, -121.37799 49.20691, -121.37866 49.2066, -121.3794 49.20631, -121.3802 49.20603, -121.38106 49.20575, -121.38197 49.20549, -121.3829 49.20524, -121.38388 49.20502, -121.38486 49.20483, -121.38581 49.20471, -121.38673 49.20469, -121.38756 49.20479, -121.38823 49.20501, -121.38876 49.20528, -121.38919 49.20557, -121.38952 49.20586, -121.38979 49.20619, -121.39001 49.20656, -121.39017 49.20696, -121.39028 49.20739, -121.39037 49.20784, -121.39049 49.20833, -121.39055 49.20884, -121.39057 49.20937, -121.39053 49.2099, -121.390526 49.210101))"
209,2023-07-29 10:30:57,2023072101,2023,32.3,Non-corrected airborne GPS,1689922800000,1689969984000,Being Held,JA70003000,323068.26,2524.8737,384,56fd1bb3-2938-46ca-b25a-b93a44b72d18,777510.4140625,3918.80422563732,https://wildfiresituation.nrs.gov.bc.ca/incidents?fireYear=2023&incidentNumber=V11332,"POLYGON ((-121.5967 49.88953, -121.59656 49.88979, -121.5963 49.89006, -121.59575 49.89049, -121.59534 49.89079, -121.59495 49.89111, -121.59443 49.89165, -121.59391 49.89222, -121.59336 49.89273, -121.59301 49.89301, -121.59269 49.89326, -121.59244 49.89349, -121.592 49.89391, -121.5918 49.8941, -121.59165 49.89431, -121.59148 49.89453, -121.59126 49.89474, -121.59096 49.89489, -121.59061 49.89501, -121.59024 49.89511, -121.58987 49.89524, -121.58956 49.89536, -121.58931 49.89546, -121.58909 49.89552, -121.5889 49.89551, -121.58878 49.89547, -121.58871 49.89539, -121.58864 49.89535, -121.58852 49.89535, -121.58841 49.89532, -121.58845 49.89589, -121.58829 49.89572, -121.58815 49.89552, -121.58798 49.89524, -121.58782 49.89487, -121.5877 49.89441, -121.58765 49.89389, -121.58775 49.89334, -121.58798 49.89278, -121.5883 49.89222, -121.58868 49.89167, -121.58915 49.89115, -121.58962 49.89067, -121.58994 49.8902, -121.58998 49.88974, -121.58986 49.88932, -121.58986 49.88893, -121.59005 49.88861, -121.59037 49.88834, -121.59105 49.88782, -121.59137 49.88754, -121.5917 49.88732, -121.59204 49.88721, -121.59234 49.8872, -121.59262 49.88724, -121.59292 49.88732, -121.59323 49.88742, -121.59355 49.88753, -121.59388 49.88768, -121.59419 49.88785, -121.59451 49.88802, -121.59486 49.8882, -121.59522 49.88835, -121.59557 49.88849, -121.5959 49.88862, -121.59621 49.88876, -121.59646 49.88892, -121.59663 49.88909, -121.59673 49.8893, -121.5967 49.88953))"
210,2023-07-29 10:30:57,2023072101,2023,423.4,Non-corrected airborne GPS,1689922800000,1689964066000,Out of Control,JA70003000,4234457.0586,11329.9098,385,3a76e45b-27d4-47a1-acab-e3c67b8a0e66,10228377.3125,17607.7813250472,https://wildfiresituation.nrs.gov.bc.ca/incidents?fireYear=2023&incidentNumber=V11337,"POLYGON ((-121.642071 49.987011, -121.641668 49.987223, -121.641659 49.987232, -121.641003 49.987568, -121.640137 49.987971, -121.639544 49.988221, -121.639084 49.988388, -121.638782 49.988459, -121.638321 49.988539, -121.637938 49.988525, -121.637746 49.988518, -121.637571 49.98849, -121.637468 49.988473, -121.637258 49.988439, -121.636854 49.9884, -121.636552 49.988452, -121.636389 49.988618, -121.636315 49.988873, -121.636306 49.989174, -121.636308 49.989188, -121.636344 49.989509, -121.636368 49.989863, -121.636245 49.990222, -121.635954 49.990561, -121.635505 49.990801, -121.635003 49.990886, -121.634556 49.990899, -121.634145 49.990903, -121.633793 49.990981, -121.633537 49.991154, -121.633284 49.991345, -121.633016 49.991528, -121.632726 49.991678, -121.632474 49.991767, -121.632305 49.991827, -121.632215 49.991875, -121.632179 49.991904, -121.632175 49.991926, -121.632196 49.99194, -121.632219 49.991953, -121.632219 49.991971, -121.632101 49.992018, -121.631859 49.992096, -121.631519 49.992193, -121.631119 49.992301, -121.630679 49.992417, -121.630216 49.99253, -121.629755 49.992636, -121.629315 49.992734, -121.62891 49.992827, -121.628505 49.99292, -121.628084 49.993011, -121.627646 49.993089, -121.627197 49.993141, -121.626767 49.993126, -121.626427 49.992979, -121.626129 49.992778, -121.625768 49.992599, -121.625285 49.992534, -121.624739 49.992571, -121.624178 49.99264, -121.6236 49.992723, -121.623019 49.992804, -121.62214 49.992893, -121.621571 49.992867, -121.621098 49.992701, -121.620839 49.992406, -121.620722 49.992075, -121.620715 49.991743, -121.620769 49.991415, -121.620806 49.991088, -121.620723 49.990751, -121.620489 49.990427, -121.620148 49.99013, -121.620061 49.99007, -121.619772 49.989874, -121.619427 49.989652, -121.619322 49.989546, -121.61925 49.98944, -121.61935 49.98917, -121.619658 49.989035, -121.619898 49.988974, -121.620413 49.988833, -121.620883 49.988666, -121.62127 49.98858, -121.621947 49.988504, -121.62252 49.98844, -121.62351 49.98813, -121.623694 49.987856, -121.623723 49.987713, -121.62371 49.987412, -121.62369 49.987107, -121.623604 49.986813, -121.623351 49.98657, -121.622999 49.986397, -121.622687 49.98622, -121.622663 49.986187, -121.622524 49.985995, -121.62244 49.985757, -121.622427 49.985506, -121.622467 49.985248, -121.622627 49.985027, -121.622922 49.984894, -121.623221 49.984779, -121.623386 49.984601, -121.623422 49.984379, -121.623504 49.984146, -121.623635 49.983887, -121.623869 49.983625, -121.624005 49.983502, -121.62406 49.98346, -121.624112 49.983406, -121.624151 49.983371, -121.624288 49.983225, -121.62436 49.98315, -121.624364 49.983143, -121.624379 49.983126, -121.624495 49.982913, -121.624493 49.98291, -121.62451 49.98288, -121.624456 49.982822, -121.624401 49.982764, -121.62422 49.982726, -121.624174 49.982728, -121.623843 49.982786, -121.623407 49.98295, -121.622887 49.983128, -121.622343 49.98325, -121.621798 49.983316, -121.621571 49.983319, -121.621273 49.983322, -121.620811 49.983269, -121.62037 49.983193, -121.619899 49.983099, -121.619416 49.982959, -121.618966 49.982768, -121.618627 49.982523, -121.618426 49.982263, -121.618422 49.982245, -121.618373 49.982013, -121.618481 49.98181, -121.618934 49.981771, -121.619141 49.981804, -121.619266 49.981812, -121.619626 49.98188, -121.619998 49.981895, -121.62017 49.981897, -121.620226 49.981904, -121.62061 49.98192, -121.620888 49.981898, -121.621101 49.981852, -121.621299 49.981825, -121.621547 49.981781, -121.622007 49.981506, -121.62211 49.981146, -121.621854 49.980854, -121.621461 49.980614, -121.621074 49.980394, -121.620725 49.980228, -121.620413 49.980118, -121.620138 49.980051, -121.619885 49.980004, -121.61966 49.979959, -121.619483 49.979909, -121.619364 49.979863, -121.619341 49.979853, -121.61905 49.97986, -121.618925 49.979871, -121.618924 49.979871, -121.61866 49.979754, -121.617856 49.979558, -121.617493 49.979482, -121.617413 49.979465, -121.617063 49.979339, -121.616947 49.979159, -121.617089 49.979023, -121.617125 49.978988, -121.6175 49.978876, -121.617506 49.978875, -121.617946 49.978801, -121.617981 49.978795, -121.618404 49.978727, -121.618785 49.978586, -121.619035 49.978357, -121.619176 49.978072, -121.619195 49.978024, -121.619361 49.977611, -121.61941 49.977488, -121.619471 49.97721, -121.619427 49.97696, -121.619293 49.976757, -121.619119 49.976604, -121.619018 49.976455, -121.619121 49.976309, -121.619362 49.976248, -121.619685 49.976272, -121.620017 49.976264, -121.620025 49.976262, -121.620346 49.976195, -121.620637 49.976079, -121.620921 49.975939, -121.621127 49.975755, -121.621293 49.975552, -121.621512 49.975366, -121.621793 49.975232, -121.622107 49.975131, -121.622449 49.975079, -121.622797 49.975062, -121.623129 49.975058, -121.623465 49.975056, -121.623739 49.975036, -121.623802 49.975031, -121.624108 49.974946, -121.624374 49.974825, -121.624692 49.974728, -121.625017 49.974669, -121.625248 49.974596, -121.625273 49.974427, -121.625079 49.974279, -121.624844 49.974225, -121.624585 49.974173, -121.624313 49.974127, -121.624025 49.974071, -121.623728 49.974009, -121.62341 49.973952, -121.62323 49.973921, -121.623089 49.973897, -121.622778 49.97384, -121.622491 49.973788, -121.622213 49.973733, -121.621964 49.973654, -121.621872 49.973581, -121.621818 49.973538, -121.621834 49.973494, -121.621827 49.973403, -121.621999 49.973309, -121.622147 49.973289, -121.622254 49.973275, -121.622258 49.973274, -121.623158 49.973151, -121.624035 49.973046, -121.6248 49.973, -121.625373 49.97295, -121.625525 49.972905, -121.625709 49.972851, -121.625891 49.97274, -121.626249 49.972552, -121.626489 49.972457, -121.626507 49.972442, -121.626689 49.972397, -121.626783 49.972374, -121.627167 49.972361, -121.627207 49.972366, -121.627554 49.972412, -121.627926 49.97245, -121.628304 49.972399, -121.628702 49.972301, -121.629147 49.972243, -121.629562 49.972284, -121.629593 49.972293, -121.62966 49.97231, -121.629677 49.97232, -121.629949 49.972409, -121.630365 49.972531, -121.630831 49.972579, -121.63134 49.972539, -121.631856 49.972453, -121.632386 49.97236, -121.632956 49.972326, -121.633526 49.972398, -121.634007 49.972621, -121.634347 49.972844, -121.634454 49.972914, -121.634986 49.97317, -121.635592 49.973353, -121.636208 49.973517, -121.636647 49.973706, -121.636762 49.973756, -121.63709 49.974104, -121.637199 49.974497, -121.63725 49.97491, -121.637443 49.975286, -121.637881 49.975511, -121.638393 49.975547, -121.638646 49.975472, -121.638843 49.975413, -121.638966 49.975334, -121.63921 49.97523, -121.63927 49.975139, -121.63969 49.9745, -121.63956 49.97367, -121.63918 49.97285, -121.63892 49.97207, -121.639 49.97138, -121.63935 49.97082, -121.63981 49.97035, -121.64036 49.96998, -121.64102 49.96972, -121.64173 49.9695, -121.642129 49.969348, -121.64215 49.96934, -121.64255 49.96916, -121.64294 49.96896, -121.64346 49.9686, -121.64373 49.96831, -121.643952 49.968054, -121.64399 49.96801, -121.64423 49.9677, -121.64445 49.96739, -121.64481 49.967, -121.64533 49.96676, -121.64597 49.96666, -121.6467 49.96662, -121.646878 49.96662, -121.647199 49.966612, -121.64796 49.966608, -121.648544 49.966636, -121.649068 49.966821, -121.649321 49.967089, -121.649316 49.967231, -121.649311 49.967371, -121.649213 49.967639, -121.649179 49.967909, -121.649169 49.968183, -121.64914 49.968454, -121.649195 49.968733, -121.649328 49.969013, -121.649536 49.969293, -121.649768 49.969582, -121.650044 49.969864, -121.650326 49.970134, -121.650587 49.970416, -121.650793 49.970711, -121.650887 49.971012, -121.650882 49.971122, -121.650825 49.971454, -121.650631 49.971921, -121.650546 49.972188, -121.650521 49.972359, -121.650517 49.972386, -121.650503 49.972573, -121.650557 49.972862, -121.650663 49.973129, -121.650997 49.97365, -121.65127 49.974068, -121.651514 49.974419, -121.651585 49.974513, -121.651739 49.974714, -121.651839 49.974843, -121.651938 49.975073, -121.651992 49.975198, -121.652035 49.975559, -121.652059 49.975916, -121.652103 49.976234, -121.652108 49.976271, -121.652234 49.976624, -121.652353 49.976983, -121.652394 49.977361, -121.652266 49.977747, -121.651964 49.978141, -121.651528 49.97855, -121.651098 49.978997, -121.6508 49.979527, -121.650494 49.980084, -121.650088 49.980643, -121.649788 49.981206, -121.649654 49.981499, -121.64951 49.981811, -121.649005 49.982204, -121.648938 49.982256, -121.64884 49.982332, -121.648194 49.982849, -121.647645 49.983427, -121.646553 49.984168, -121.645388 49.984854, -121.644276 49.985585, -121.643202 49.98634, -121.643084 49.98641, -121.642071 49.987011))"
211,2023-07-29 10:30:57,2023071501,2023,10.2,Hand sketch of any type,1689404400000,1689522444000,Being Held,JA70003000,101771.8335,1847.6295,388,d3541bbf-cef7-450d-a4d8-6c488be9a916,253330.1015625,2914.9332144404,https://wildfiresituation.nrs.gov.bc.ca/incidents?fireYear=2023&incidentNumber=V31300,"POLYGON ((-123.446169 50.696201, -123.446222 50.696149, -123.446286 50.696131, -123.446348 50.696112, -123.446384 50.696103, -123.446436 50.696095, -123.446632 50.696072, -123.446706 50.696076, -123.446751 50.696067, -123.446797 50.696059, -123.446906 50.696043, -123.44698 50.696025, -123.447116 50.696011, -123.44719 50.696005, -123.447256 50.695976, -123.447385 50.695962, -123.447463 50.695934, -123.447506 50.695904, -123.447668 50.695872, -123.447788 50.695847, -123.447875 50.695831, -123.447985 50.695817, -123.448029 50.695799, -123.448244 50.695783, -123.448421 50.695743, -123.448478 50.695715, -123.448544 50.695687, -123.448593 50.695638, -123.44862 50.695597, -123.448654 50.695568, -123.448688 50.695559, -123.448724 50.69554, -123.448769 50.695522, -123.448828 50.695505, -123.448896 50.695499, -123.448965 50.695494, -123.449037 50.695499, -123.449136 50.695528, -123.449214 50.695586, -123.449278 50.695653, -123.4493 50.695686, -123.449268 50.695746, -123.449247 50.695806, -123.449223 50.695856, -123.449144 50.695953, -123.449141 50.696004, -123.449149 50.696045, -123.449134 50.696106, -123.449145 50.696208, -123.449143 50.696309, -123.449164 50.69634, -123.44919 50.696432, -123.449186 50.696452, -123.449221 50.696563, -123.449306 50.696784, -123.449418 50.696954, -123.44957 50.697094, -123.449664 50.697135, -123.449737 50.697166, -123.449793 50.697215, -123.449807 50.697244, -123.449866 50.697293, -123.44997 50.697344, -123.450015 50.697364, -123.450049 50.697393, -123.450082 50.697423, -123.450128 50.697453, -123.450198 50.697483, -123.450273 50.697514, -123.45031 50.697524, -123.450371 50.697554, -123.450465 50.697583, -123.450553 50.697593, -123.450703 50.697613, -123.450719 50.697613, -123.450849 50.697624, -123.450957 50.697644, -123.451039 50.697654, -123.451124 50.697674, -123.45118 50.697693, -123.45123 50.697703, -123.451305 50.697722, -123.451368 50.697741, -123.451425 50.697742, -123.451477 50.697761, -123.45149 50.697797, -123.451453 50.697832, -123.451417 50.697867, -123.451381 50.697903, -123.451363 50.69792, -123.451335 50.697947, -123.451289 50.697991, -123.451249 50.698052, -123.451213 50.698079, -123.451187 50.698105, -123.45116 50.698158, -123.451144 50.698202, -123.451129 50.698264, -123.45111 50.698352, -123.451095 50.698413, -123.451099 50.698431, -123.451085 50.69851, -123.451083 50.698572, -123.451067 50.698644, -123.45104 50.698698, -123.451013 50.698752, -123.450986 50.698815, -123.450971 50.698878, -123.450956 50.698959, -123.450943 50.698995, -123.450939 50.699076, -123.450938 50.699103, -123.450935 50.699148, -123.450928 50.699229, -123.450946 50.699265, -123.450965 50.699292, -123.451005 50.699337, -123.45105 50.699345, -123.451094 50.699354, -123.451128 50.69938, -123.451185 50.699397, -123.451207 50.699405, -123.451231 50.699449, -123.451195 50.699467, -123.451121 50.699505, -123.451006 50.699569, -123.450968 50.69957, -123.450864 50.699583, -123.450765 50.699586, -123.450701 50.699597, -123.450615 50.699626, -123.4504 50.699652, -123.450358 50.699662, -123.450243 50.699684, -123.450173 50.699695, -123.450126 50.699705, -123.450009 50.699733, -123.449913 50.699761, -123.449903 50.699779, -123.449859 50.699798, -123.449803 50.699817, -123.449774 50.699828, -123.449643 50.699873, -123.449619 50.699891, -123.449621 50.699927, -123.449611 50.699951, -123.449598 50.699981, -123.449524 50.70013, -123.449507 50.700205, -123.449415 50.700312, -123.449321 50.700347, -123.449284 50.70035, -123.449151 50.700389, -123.449075 50.700404, -123.448969 50.700412, -123.4489 50.700417, -123.448769 50.700443, -123.448679 50.700458, -123.448518 50.700506, -123.448441 50.700529, -123.448317 50.700556, -123.448238 50.700561, -123.448135 50.700568, -123.448086 50.700524, -123.448049 50.700441, -123.448049 50.700422, -123.44804 50.700338, -123.448027 50.700292, -123.447996 50.700192, -123.448041 50.700152, -123.448125 50.700119, -123.448171 50.700097, -123.448361 50.700048, -123.448414 50.700036, -123.448543 50.700001, -123.448655 50.699976, -123.448816 50.69993, -123.448941 50.699895, -123.449047 50.69987, -123.449082 50.699849, -123.449179 50.699798, -123.449165 50.699762, -123.449056 50.699686, -123.449005 50.699661, -123.448939 50.699654, -123.448873 50.699648, -123.448823 50.699641, -123.448727 50.699626, -123.448678 50.699609, -123.448579 50.699595, -123.448481 50.69957, -123.448406 50.699544, -123.448327 50.699509, -123.448278 50.699491, -123.448234 50.699445, -123.448171 50.699399, -123.448146 50.699332, -123.448079 50.699267, -123.448034 50.6992, -123.44802 50.699171, -123.447983 50.699105, -123.447979 50.699066, -123.44799 50.699018, -123.447996 50.698921, -123.447997 50.698864, -123.448021 50.698815, -123.44805 50.698738, -123.448102 50.698661, -123.448164 50.698572, -123.448254 50.698513, -123.448308 50.698464, -123.448343 50.698444, -123.448412 50.698404, -123.448461 50.698365, -123.448575 50.698287, -123.448596 50.698249, -123.448568 50.698193, -123.448549 50.698155, -123.4485 50.698127, -123.448379 50.698098, -123.448318 50.698069, -123.448242 50.69806, -123.448147 50.698031, -123.448069 50.698001, -123.447966 50.697971, -123.447918 50.697961, -123.447818 50.697941, -123.447728 50.697911, -123.447664 50.6979, -123.447534 50.697869, -123.447426 50.697828, -123.447363 50.697817, -123.447317 50.697807, -123.447258 50.697796, -123.447229 50.697795, -123.447119 50.697763, -123.447021 50.697742, -123.446956 50.697731, -123.446869 50.69771, -123.446767 50.697678, -123.446676 50.697666, -123.446595 50.697655, -123.446489 50.697634, -123.446399 50.697623, -123.446302 50.697601, -123.446162 50.697569, -123.446067 50.697547, -123.445898 50.697493, -123.445864 50.69744, -123.445855 50.697399, -123.445852 50.697336, -123.445885 50.697243, -123.445909 50.69715, -123.44594 50.697046, -123.445973 50.697015, -123.445998 50.696974, -123.446064 50.696913, -123.446122 50.696841, -123.446148 50.696799, -123.446173 50.696758, -123.446279 50.696709, -123.44639 50.696681, -123.446466 50.696632, -123.446595 50.696584, -123.446726 50.696558, -123.446835 50.696552, -123.446754 50.696517, -123.446686 50.696493, -123.446609 50.696447, -123.446456 50.696344, -123.446356 50.696296, -123.446282 50.69626, -123.446169 50.696201))"
212,2023-07-29 10:30:57,2023071401,2023,554.0,Hand sketch of any type,1689318000000,1689552764000,Out of Control,JA70003000,5539843.2627,11118.0319,389,21e86631-311e-47bf-8be8-cabd4afbebac,15339483.3828125,18507.9628764073,https://wildfiresituation.nrs.gov.bc.ca/incidents?fireYear=2023&incidentNumber=R51712,"POLYGON ((-127.505731 53.088009, -127.519826 53.091808, -127.520918 53.09298, -127.522439 53.094612, -127.52297 53.095069, -127.526442 53.097513, -127.5272 53.09795, -127.531398 53.099939, -127.536161 53.101395, -127.541304 53.102265, -127.543765 53.102528, -127.544269 53.102646, -127.54694 53.10391, -127.551703 53.105367, -127.552383 53.105526, -127.55314 53.106178, -127.556615 53.108621, -127.549041 53.114332, -127.54783 53.114419, -127.544883 53.114631, -127.544881 53.114631, -127.542907 53.114421, -127.541678 53.114213, -127.53635 53.113964, -127.535689 53.113972, -127.534182 53.113103, -127.533496 53.11262, -127.529297 53.110632, -127.526759 53.109856, -127.525724 53.109458, -127.524822 53.108936, -127.520623 53.106948, -127.51836 53.106255, -127.515858 53.105293, -127.51414 53.104479, -127.509378 53.103021, -127.504235 53.10215, -127.502033 53.102046, -127.500509 53.101883, -127.500171 53.101803, -127.495114 53.100946, -127.494884 53.100317, -127.493232 53.097259, -127.49099 53.094852, -127.490871 53.094688, -127.491541 53.094058, -127.491793 53.093899, -127.495069 53.091396, -127.495557 53.091268, -127.500215 53.089695, -127.501514 53.08915, -127.503479 53.088632, -127.504448 53.088442, -127.505731 53.088009))"
213,2023-07-29 10:30:57,2023071401,2023,56.4,Hand sketch of any type,1689318000000,1689554202000,Out of Control,JA70003000,563693.8767,3364.2676,390,de29024c-571d-4ca7-a3ed-1708d1ef890f,1558365.15625,5593.9157319538,https://wildfiresituation.nrs.gov.bc.ca/incidents?fireYear=2023&incidentNumber=R51713,"POLYGON ((-127.520294 53.07079, -127.520117 53.069895, -127.518463 53.066838, -127.516557 53.064791, -127.516307 53.064447, -127.518022 53.063371, -127.51818 53.063289, -127.518796 53.062818, -127.520223 53.061922, -127.521705 53.062493, -127.521773 53.062533, -127.522538 53.063192, -127.523823 53.064572, -127.52524 53.065795, -127.52871 53.068237, -127.532905 53.070226, -127.533288 53.070373, -127.533124 53.070442, -127.529502 53.071666, -127.520294 53.07079))"
214,2023-07-29 10:30:57,2023071801,2023,7.6,Hand sketch of any type,1689663600000,1689705836000,Under Control,JA70003000,75699.3866,1051.9469,391,78c4c0f4-dc0e-4646-8521-6a13e0c263d4,240168.8671875,1873.54467806917,https://wildfiresituation.nrs.gov.bc.ca/incidents?fireYear=2023&incidentNumber=R51772,"POLYGON ((-129.00293 55.892551, -129.005971 55.893039, -129.006346 55.893273, -129.007094 55.894699, -129.007094 55.895371, -129.006675 55.895581, -129.006169 55.89565, -129.005498 55.895566, -129.004356 55.895336, -129.003575 55.895154, -129.002819 55.894958, -129.002546 55.894735, -129.002503 55.894165, -129.002327 55.893526, -129.00251 55.892907, -129.002594 55.892676, -129.00293 55.892551))"
215,2023-07-29 10:30:57,2023071402,2023,550.4,Non-corrected airborne GPS,1689318000000,1689701136000,Being Held,JA70003000,5503812.6917,12062.3844,392,842c3647-0d3a-48f3-be6a-86fbe40d4587,18861849.7578125,22334.2335353038,https://wildfiresituation.nrs.gov.bc.ca/incidents?fireYear=2023&incidentNumber=R90857,"POLYGON ((-129.01521 57.349617, -129.01715 57.349973, -129.018414 57.350238, -129.01964 57.350535, -129.020822 57.350861, -129.021948 57.351235, -129.023018 57.351655, -129.023352 57.351781, -129.024112 57.352067, -129.025289 57.35241, -129.026487 57.352717, -129.02715 57.352868, -129.027662 57.352984, -129.028821 57.353237, -129.029973 57.353464, -129.031108 57.353684, -129.032213 57.353908, -129.033305 57.354121, -129.034382 57.354337, -129.035425 57.354581, -129.036383 57.354911, -129.037159 57.355354, -129.037703 57.355901, -129.038028 57.356493, -129.038205 57.357091, -129.038283 57.357674, -129.038248 57.358235, -129.038003 57.358769, -129.037517 57.359248, -129.036853 57.359665, -129.036145 57.360039, -129.03551 57.360425, -129.035014 57.360863, -129.034732 57.361367, -129.034644 57.361908, -129.034625 57.36246, -129.034539 57.363004, -129.034276 57.363523, -129.033841 57.363996, -129.033338 57.364424, -129.032867 57.364833, -129.032571 57.365264, -129.032612 57.365729, -129.032988 57.366171, -129.033542 57.366551, -129.033758 57.366963, -129.033508 57.367359, -129.032787 57.367607, -129.031842 57.367668, -129.030882 57.367658, -129.029915 57.367645, -129.028949 57.367619, -129.027973 57.36751, -129.027031 57.367275, -129.026123 57.366958, -129.025228 57.366591, -129.024276 57.366228, -129.023239 57.36592, -129.022129 57.365686, -129.020955 57.365566, -129.019199 57.365616, -129.018088 57.365772, -129.016509 57.366115, -129.01554 57.366414, -129.01437 57.366996, -129.013763 57.36737, -129.01317 57.367672, -129.012508 57.367801, -129.011819 57.367745, -129.011154 57.367564, -129.01054 57.367308, -129.010052 57.366932, -129.009822 57.366441, -129.009856 57.365881, -129.010158 57.365337, -129.010667 57.364842, -129.011264 57.364382, -129.011901 57.363954, -129.012523 57.363537, -129.013112 57.363129, -129.013637 57.362718, -129.014073 57.362301, -129.014391 57.361867, -129.014418 57.361409, -129.014058 57.360966, -129.013341 57.360583, -129.012447 57.360262, -129.01148 57.359957, -129.010351 57.359756, -129.009201 57.359586, -129.008106 57.35931, -129.007072 57.35895, -129.006051 57.358563, -129.00499 57.358204, -129.003829 57.357943, -129.002638 57.357791, -129.001432 57.357734, -129.000229 57.357791, -128.999064 57.357944, -128.997937 57.358144, -128.996821 57.358336, -128.9957 57.358491, -128.994561 57.358604, -128.993409 57.358706, -128.992253 57.358746, -128.991113 57.358662, -128.99003 57.358435, -128.989003 57.3581, -128.988044 57.357629, -128.987001 57.35718, -128.985762 57.35694, -128.984515 57.356877, -128.984254 57.356887, -128.982091 57.357125, -128.981075 57.357157, -128.980068 57.357146, -128.979068 57.357145, -128.978091 57.357169, -128.977158 57.357236, -128.976294 57.357343, -128.975454 57.357395, -128.974596 57.35736, -128.974519 57.357356, -128.973716 57.357309, -128.972803 57.357231, -128.971824 57.357161, -128.970795 57.357136, -128.969725 57.357102, -128.968661 57.35694, -128.967663 57.356594, -128.966841 57.356079, -128.966289 57.355416, -128.965982 57.354667, -128.965892 57.354159, -128.965844 57.353886, -128.965832 57.353101, -128.965928 57.352324, -128.966156 57.351572, -128.96663 57.350871, -128.967447 57.350253, -128.968559 57.349763, -128.969852 57.349383, -128.971221 57.349063, -128.972607 57.348755, -128.973993 57.348449, -128.975386 57.348139, -128.976768 57.347821, -128.978125 57.347469, -128.978177 57.347453, -128.979434 57.347073, -128.980708 57.346655, -128.982019 57.346296, -128.983399 57.346051, -128.984821 57.345912, -128.986259 57.345894, -128.987708 57.345955, -128.988432 57.346029, -128.988441 57.34603, -128.989127 57.3461, -128.990513 57.346295, -128.991877 57.346497, -128.993239 57.346688, -128.994609 57.346877, -128.995984 57.347062, -128.997377 57.34721, -128.998771 57.347332, -129.000175 57.347462, -129.001569 57.347621, -129.002954 57.347796, -129.004338 57.347974, -129.00573 57.348146, -129.00585 57.348161, -129.007121 57.348319, -129.008517 57.348502, -129.010582 57.348812, -129.011931 57.34904, -129.013251 57.349273, -129.01521 57.349617))"
216,2023-07-29 10:30:57,2023071401,2023,14671.7,Hand sketch of any type,1689318000000,1689548463000,Being Held,JA70003000,146716923.089,71955.7878,393,edbd5dbd-bc0e-4e84-8611-15564def1af9,505725257.898438,133550.018242313,https://wildfiresituation.nrs.gov.bc.ca/incidents?fireYear=2023&incidentNumber=R90877,"POLYGON ((-127.685909 57.56766, -127.680087 57.566789, -127.679275 57.566712, -127.676055 57.566233, -127.67315 57.565964, -127.672266 57.564887, -127.669296 57.562059, -127.666967 57.560274, -127.663029 57.557811, -127.658273 57.555808, -127.652882 57.554342, -127.647063 57.55347, -127.644808 57.553257, -127.644202 57.552792, -127.640267 57.550328, -127.635513 57.548325, -127.634282 57.547903, -127.628771 57.546411, -127.626006 57.54584, -127.624156 57.542803, -127.624049 57.542673, -127.623987 57.54117, -127.624017 57.540962, -127.623293 57.537738, -127.621413 57.534652, -127.618451 57.531823, -127.616224 57.530427, -127.615148 57.529601, -127.614299 57.528562, -127.614286 57.528256, -127.613563 57.525032, -127.611685 57.521946, -127.611131 57.521268, -127.61142 57.520387, -127.612122 57.519037, -127.612582 57.515799, -127.611859 57.512575, -127.609982 57.509489, -127.607023 57.506659, -127.6054 57.505412, -127.604853 57.504742, -127.604289 57.503814, -127.603836 57.50307, -127.600878 57.50024, -127.599666 57.499479, -127.596952 57.497775, -127.592208 57.49577, -127.590471 57.495295, -127.58683 57.494301, -127.581023 57.493425, -127.577687 57.493287, -127.576152 57.493141, -127.574315 57.492966, -127.568302 57.492716, -127.566261 57.492739, -127.566214 57.491538, -127.566312 57.490859, -127.565594 57.487635, -127.563722 57.484548, -127.560769 57.481717, -127.556848 57.479251, -127.554414 57.478221, -127.547864 57.473855, -127.543945 57.471388, -127.539208 57.469381, -127.538801 57.469241, -127.538101 57.468701, -127.534183 57.466234, -127.529448 57.464226, -127.524077 57.462755, -127.518276 57.461876, -127.51227 57.461623, -127.510807 57.461639, -127.508074 57.461064, -127.507087 57.460914, -127.504818 57.460437, -127.504368 57.459883, -127.503241 57.458017, -127.500295 57.455185, -127.496381 57.452716, -127.495311 57.452262, -127.493739 57.451448, -127.494144 57.451221, -127.497593 57.449632, -127.498519 57.449112, -127.499703 57.448972, -127.50543 57.447967, -127.510682 57.446379, -127.512823 57.445392, -127.517662 57.445081, -127.523388 57.444076, -127.528639 57.442487, -127.533214 57.440376, -127.536761 57.437945, -127.53684 57.4379, -127.537312 57.437723, -127.541512 57.436451, -127.546085 57.43434, -127.549806 57.431787, -127.552532 57.428893, -127.554159 57.425767, -127.554623 57.42253, -127.553908 57.419306, -127.552041 57.41622, -127.549095 57.413389, -127.545182 57.410923, -127.543961 57.410405, -127.542425 57.409609, -127.543063 57.408727, -127.544689 57.405601, -127.545154 57.402364, -127.54444 57.39914, -127.542576 57.396054, -127.539632 57.393223, -127.535722 57.390757, -127.534133 57.389933, -127.534257 57.389556, -127.535451 57.387261, -127.535627 57.386727, -127.537974 57.385842, -127.542541 57.38373, -127.546257 57.381179, -127.548979 57.378284, -127.550604 57.375159, -127.551068 57.371922, -127.551052 57.371522, -127.551977 57.371001, -127.554407 57.369877, -127.555544 57.369095, -127.556974 57.36829, -127.557053 57.36826, -127.561617 57.366148, -127.565329 57.363596, -127.568049 57.360701, -127.56967 57.357575, -127.569858 57.356261, -127.570361 57.354725, -127.571399 57.352714, -127.571847 57.349441, -127.571091 57.346185, -127.570426 57.344608, -127.570556 57.344427, -127.572177 57.341301, -127.572503 57.339019, -127.57307 57.337284, -127.573402 57.336644, -127.573863 57.333407, -127.573851 57.33308, -127.579551 57.333318, -127.581438 57.333195, -127.586103 57.333141, -127.586861 57.333173, -127.59282 57.332785, -127.593656 57.332637, -127.59614 57.33234, -127.598217 57.332315, -127.600022 57.33239, -127.605982 57.332002, -127.60599 57.332001, -127.606721 57.33207, -127.60879 57.332505, -127.608971 57.332543, -127.611765 57.33312, -127.613077 57.334133, -127.616986 57.336597, -127.621709 57.338601, -127.624881 57.33947, -127.625059 57.340265, -127.625844 57.341561, -127.623304 57.344273, -127.621687 57.3474, -127.62123 57.350637, -127.62195 57.35386, -127.621996 57.353971, -127.621888 57.354304, -127.620629 57.356738, -127.620172 57.359975, -127.620892 57.363198, -127.622762 57.366283, -127.62571 57.369112, -127.627319 57.370352, -127.627523 57.370849, -127.628009 57.373019, -127.629091 57.375653, -127.629127 57.375813, -127.629178 57.375938, -127.631115 57.379103, -127.632346 57.380591, -127.632359 57.380901, -127.632002 57.38343, -127.632724 57.386653, -127.634596 57.389738, -127.636514 57.391576, -127.636929 57.392084, -127.637492 57.393452, -127.637586 57.393875, -127.637648 57.394026, -127.637083 57.394346, -127.633897 57.395822, -127.632487 57.396618, -127.631435 57.397016, -127.628473 57.397917, -127.623909 57.400031, -127.620197 57.402586, -127.61923 57.403405, -127.618218 57.403788, -127.615196 57.404706, -127.610631 57.40682, -127.606917 57.409374, -127.604197 57.41227, -127.602576 57.415397, -127.602116 57.418634, -127.602836 57.421857, -127.603069 57.422241, -127.603632 57.423612, -127.603536 57.423906, -127.603076 57.427143, -127.603092 57.427538, -127.603812 57.430762, -127.605684 57.433847, -127.608637 57.436677, -127.612557 57.439141, -127.615396 57.440342, -127.616251 57.440783, -127.616684 57.441117, -127.618872 57.443212, -127.620891 57.444481, -127.621832 57.445072, -127.622794 57.445676, -127.623863 57.446128, -127.627532 57.44768, -127.632905 57.449147, -127.638706 57.45002, -127.644712 57.450266, -127.650691 57.449876, -127.651417 57.449789, -127.65215 57.450352, -127.65375 57.451882, -127.657675 57.454344, -127.662832 57.457005, -127.667574 57.459008, -127.672951 57.460473, -127.680839 57.461541, -127.681206 57.46243, -127.683087 57.465514, -127.68372 57.466119, -127.684025 57.466491, -127.685157 57.468346, -127.685501 57.46918, -127.685975 57.470323, -127.687865 57.473418, -127.690844 57.476254, -127.694797 57.478721, -127.695327 57.478943, -127.69957 57.480723, -127.704979 57.482182, -127.710814 57.483043, -127.713669 57.483305, -127.713695 57.483913, -127.714427 57.487136, -127.716312 57.49022, -127.719236 57.493006, -127.719242 57.493014, -127.719297 57.493145, -127.721183 57.49623, -127.721189 57.496237, -127.721195 57.496386, -127.720793 57.499282, -127.721526 57.502505, -127.723413 57.505589, -127.725316 57.507906, -127.728285 57.510733, -127.72917 57.511411, -127.731428 57.51356, -127.733166 57.514646, -127.733546 57.514936, -127.737484 57.517397, -127.739703 57.51833, -127.737102 57.521105, -127.735942 57.52272, -127.734555 57.5242, -127.734276 57.524588, -127.732731 57.525172, -127.728157 57.527291, -127.724438 57.529849, -127.721789 57.532673, -127.721719 57.532749, -127.720103 57.535877, -127.719653 57.539116, -127.720379 57.542309, -127.720386 57.542339, -127.722275 57.545423, -127.725247 57.54825, -127.725826 57.548694, -127.726544 57.549376, -127.72939 57.551153, -127.72981 57.551474, -127.729194 57.551996, -127.727021 57.553489, -127.7243 57.556389, -127.722683 57.559518, -127.722474 57.561024, -127.722214 57.561823, -127.719832 57.56211, -127.714092 57.563125, -127.709792 57.564431, -127.706899 57.565118, -127.706145 57.565251, -127.701549 57.566646, -127.701224 57.566723, -127.698483 57.567052, -127.698091 57.567077, -127.69589 57.567341, -127.69381 57.567367, -127.68781 57.56776, -127.686909 57.567868, -127.685909 57.56766))"
217,2023-07-29 10:30:57,2023072701,2023,36502.1,Non-corrected airborne GPS,1690441200000,1690496346000,Out of Control,JA70003000,365020647.9826,100988.2584,394,6628e694-c866-4f16-8c5f-68c6128b6227,1421520303.17188,199266.219037122,https://wildfiresituation.nrs.gov.bc.ca/incidents?fireYear=2023&incidentNumber=R91162,"POLYGON ((-129.740317 59.566594, -129.740985 59.568468, -129.741206 59.569007, -129.741281 59.569832, -129.74108 59.570342, -129.74072 59.570804, -129.740251 59.571243, -129.739361 59.571881, -129.73861 59.572294, -129.737794 59.572703, -129.737115 59.573173, -129.736658 59.57372, -129.736311 59.574614, -129.735788 59.575501, -129.73501 59.57634, -129.734456 59.576874, -129.733976 59.57739, -129.733565 59.577908, -129.733066 59.578497, -129.732215 59.579442, -129.73099 59.580224, -129.729941 59.580675, -129.728203 59.581228, -129.726369 59.581644, -129.724452 59.581901, -129.722505 59.581996, -129.720579 59.581984, -129.719332 59.5819, -129.717953 59.581948, -129.717372 59.58222, -129.717281 59.582697, -129.717618 59.583215, -129.71815 59.583735, -129.718724 59.584266, -129.719232 59.584836, -129.719567 59.585427, -129.7197 59.586035, -129.71976 59.586641, -129.71983 59.587248, -129.719969 59.587845, -129.720169 59.588725, -129.720313 59.589334, -129.720593 59.59027, -129.720865 59.590901, -129.721237 59.591522, -129.721955 59.592422, -129.722423 59.593006, -129.722763 59.593588, -129.722766 59.594478, -129.722503 59.595049, -129.722365 59.595871, -129.722813 59.596363, -129.724196 59.596836, -129.725248 59.59707, -129.726571 59.597641, -129.727223 59.598457, -129.727257 59.599063, -129.726838 59.599963, -129.726335 59.600511, -129.725726 59.60106, -129.725206 59.601638, -129.724936 59.602251, -129.724998 59.603186, -129.725251 59.60379, -129.725636 59.604381, -129.726121 59.604954, -129.726699 59.605506, -129.72761 59.606325, -129.72854 59.607166, -129.7292 59.607732, -129.730249 59.608562, -129.730895 59.609121, -129.731337 59.609713, -129.731567 59.610333, -129.731717 59.611273, -129.732112 59.612132, -129.732677 59.612606, -129.733396 59.612992, -129.734244 59.613286, -129.735539 59.613741, -129.736328 59.614127, -129.737025 59.614596, -129.737659 59.615469, -129.737855 59.616093, -129.737931 59.616729, -129.737835 59.617696, -129.737505 59.618657, -129.737091 59.619281, -129.736294 59.62017, -129.735692 59.620739, -129.735086 59.6213, -129.73418 59.622138, -129.733633 59.622712, -129.73321 59.623303, -129.732959 59.623913, -129.732758 59.624851, -129.732387 59.625765, -129.73196 59.62635, -129.730991 59.627136, -129.73014 59.627585, -129.728758 59.628203, -129.727821 59.628608, -129.726925 59.629036, -129.725782 59.629747, -129.724984 59.630539, -129.724513 59.631084, -129.724024 59.631635, -129.723181 59.632435, -129.722524 59.632937, -129.721463 59.633686, -129.720741 59.634203, -129.72004 59.634714, -129.719325 59.635197, -129.718602 59.635671, -129.71757 59.636434, -129.716964 59.636974, -129.716183 59.637839, -129.715532 59.638777, -129.715111 59.639408, -129.714634 59.64003, -129.714078 59.640639, -129.713183 59.641538, -129.712565 59.642133, -129.71165 59.643013, -129.711066 59.643602, -129.710192 59.644457, -129.709167 59.645263, -129.708379 59.645777, -129.707549 59.64627, -129.706266 59.646976, -129.704924 59.647657, -129.703529 59.64832, -129.702587 59.648747, -129.701632 59.649151, -129.700601 59.649509, -129.698355 59.650154, -129.697284 59.650527, -129.696357 59.650981, -129.695572 59.651495, -129.694488 59.652313, -129.693792 59.652884, -129.693125 59.653483, -129.69247 59.654093, -129.691574 59.655033, -129.691021 59.655679, -129.690484 59.656322, -129.689951 59.656959, -129.688999 59.657844, -129.688177 59.658361, -129.686767 59.659022, -129.68579 59.659425, -129.684764 59.659817, -129.683696 59.660197, -129.682592 59.66058, -129.681491 59.66097, -129.680406 59.661363, -129.678832 59.661961, -129.677858 59.662401, -129.67699 59.662906, -129.676315 59.663482, -129.675797 59.664101, -129.675133 59.66504, -129.674706 59.665654, -129.674165 59.666237, -129.672916 59.666895, -129.671805 59.667104, -129.670593 59.667137, -129.669373 59.667081, -129.667499 59.667014, -129.666223 59.667071, -129.66497 59.667254, -129.663793 59.667555, -129.662115 59.668117, -129.660984 59.668488, -129.659232 59.668972, -129.658026 59.669273, -129.656176 59.669733, -129.654936 59.670038, -129.653044 59.670362, -129.651746 59.670462, -129.650478 59.670452, -129.6493 59.670315, -129.648319 59.670035, -129.647583 59.669611, -129.646724 59.668836, -129.64541 59.668183, -129.644198 59.668017, -129.642186 59.668124, -129.640095 59.66832, -129.637918 59.668139, -129.636578 59.667848, -129.634601 59.667461, -129.633243 59.667331, -129.631571 59.667594, -129.630351 59.667914, -129.629329 59.667667, -129.62797 59.667205, -129.627081 59.666561, -129.627166 59.665754, -129.619158 59.664454, -129.618648 59.664591, -129.617953 59.665024, -129.617685 59.665603, -129.618029 59.666508, -129.618496 59.667083, -129.618788 59.667675, -129.618632 59.668282, -129.618057 59.668841, -129.616478 59.669353, -129.615179 59.669545, -129.613857 59.669691, -129.612553 59.669859, -129.610624 59.670193, -129.608649 59.670493, -129.607265 59.670593, -129.605845 59.67057, -129.604513 59.670408, -129.602665 59.670022, -129.601434 59.669748, -129.600168 59.669481, -129.598899 59.669221, -129.597619 59.669009, -129.596456 59.66874, -129.595589 59.668321, -129.595186 59.66775, -129.59537 59.666836, -129.595792 59.665972, -129.595634 59.665387, -129.59502 59.664865, -129.593574 59.664286, -129.592358 59.664086, -129.591056 59.664046, -129.588526 59.66437, -129.587323 59.664656, -129.586098 59.664957, -129.584131 59.665208, -129.582793 59.665277, -129.581448 59.665343, -129.579404 59.665426, -129.577352 59.665358, -129.576047 59.665188, -129.574783 59.664987, -129.573537 59.664791, -129.57168 59.664526, -129.570423 59.664387, -129.569165 59.664319, -129.567308 59.664473, -129.565718 59.664971, -129.564869 59.665441, -129.564123 59.665956, -129.563393 59.666474, -129.562668 59.666995, -129.561948 59.667493, -129.560708 59.66808, -129.55959 59.668332, -129.558351 59.668493, -129.557047 59.668556, -129.555742 59.668616, -129.553858 59.668867, -129.552684 59.669188, -129.551609 59.669606, -129.550007 59.670135, -129.54889 59.670327, -129.547817 59.670511, -129.546866 59.670812, -129.54598 59.671569, -129.545691 59.67217, -129.545077 59.673051, -129.544323 59.673546, -129.542873 59.674223, -129.541852 59.674646, -129.540837 59.675053, -129.539848 59.675455, -129.538928 59.675843, -129.537651 59.676399, -129.536402 59.676838, -129.535553 59.677, -129.534289 59.677004, -129.533502 59.676871, -129.532767 59.676662, -129.531751 59.676272, -129.530541 59.676039, -129.529612 59.67606, -129.528673 59.676202, -129.527275 59.676441, -129.526344 59.676491, -129.525417 59.676483, -129.524006 59.676441, -129.522539 59.67647, -129.521561 59.676548, -129.520104 59.676686, -129.519112 59.676778, -129.518119 59.676861, -129.517139 59.676897, -129.515744 59.676768, -129.514489 59.676464, -129.513302 59.676097, -129.512142 59.675702, -129.511302 59.67544, -129.510371 59.675237, -129.509335 59.675124, -129.508269 59.675081, -129.506654 59.675296, -129.505307 59.67585, -129.504586 59.676358, -129.503601 59.677168, -129.502988 59.677713, -129.502122 59.678524, -129.501322 59.679332, -129.500653 59.680124, -129.500024 59.680873, -129.499444 59.68128, -129.498669 59.681535, -129.497753 59.68164, -129.496347 59.681738, -129.495043 59.682038, -129.494185 59.682316, -129.493304 59.682552, -129.491782 59.682701, -129.490194 59.682736, -129.488615 59.68299, -129.48721 59.683528, -129.486235 59.684335, -129.489166 59.689397, -129.487989 59.690008, -129.48658 59.690502, -129.485065 59.690878, -129.484072 59.691036, -129.483113 59.691148, -129.48213 59.691119, -129.480617 59.690823, -129.4796 59.690541, -129.478603 59.690238, -129.477616 59.689926, -129.476023 59.689567, -129.47454 59.68923, -129.473772 59.688861, -129.47276 59.688231, -129.471414 59.687793, -129.469819 59.687679, -129.468215 59.687868, -129.467219 59.688078, -129.465723 59.688396, -129.464324 59.688575, -129.463513 59.688467, -129.462562 59.687932, -129.461957 59.687512, -129.461231 59.687201, -129.459995 59.687131, -129.459365 59.6874, -129.458981 59.688189, -129.458892 59.689088, -129.458931 59.690015, -129.45893 59.690643, -129.458749 59.691262, -129.457869 59.692045, -129.456895 59.692372, -129.455734 59.692518, -129.453961 59.69255, -129.452187 59.692737, -129.450419 59.693008, -129.44927 59.693189, -129.448172 59.693389, -129.447113 59.693611, -129.445111 59.694345, -129.444555 59.694177, -129.44365 59.693833, -129.44337 59.69348, -129.443496 59.693058, -129.444569 59.69245, -129.445582 59.69209, -129.446639 59.691746, -129.448185 59.691179, -129.449586 59.690506, -129.450367 59.689991, -129.450988 59.689417, -129.451558 59.688457, -129.451742 59.687775, -129.45183 59.687075, -129.451799 59.686369, -129.451684 59.68567, -129.451368 59.684641, -129.451065 59.683969, -129.450734 59.683321, -129.450446 59.682674, -129.450355 59.682016, -129.450601 59.681371, -129.451403 59.680476, -129.452044 59.679895, -129.452696 59.679317, -129.453634 59.678492, -129.454247 59.677966, -129.454804 59.677444, -129.455302 59.676926, -129.455473 59.67618, -129.455084 59.675734, -129.454208 59.675413, -129.452724 59.675397, -129.38311 59.695323, -129.382145 59.696106, -129.381414 59.696933, -129.381055 59.697504, -129.380764 59.698081, -129.380475 59.698664, -129.380058 59.699214, -129.379439 59.699695, -129.378605 59.700079, -129.377634 59.700369, -129.376086 59.700716, -129.375076 59.700956, -129.374126 59.701227, -129.373208 59.701499, -129.372298 59.701769, -129.37138 59.702021, -129.370422 59.702218, -129.36896 59.702398, -129.367992 59.702444, -129.367015 59.702401, -129.366022 59.702301, -129.364995 59.702209, -129.363373 59.70224, -129.362281 59.702418, -129.361213 59.702689, -129.36016 59.702992, -129.358555 59.703435, -129.357456 59.703721, -129.355784 59.704155, -129.354657 59.704455, -129.353543 59.704775, -129.35246 59.705118, -129.351396 59.705483, -129.34982 59.706054, -129.348759 59.706446, -129.347692 59.706829, -129.346652 59.707206, -129.34564 59.707578, -129.344623 59.707925, -129.342874 59.7082, -129.341631 59.708118, -129.340483 59.707923, -129.339377 59.707743, -129.338247 59.707643, -129.336602 59.707452, -129.335827 59.707084, -129.335518 59.706243, -129.336137 59.705387, -129.33729 59.704637, -129.338226 59.704214, -129.339832 59.703702, -129.340999 59.70344, -129.342824 59.703144, -129.344044 59.702962, -129.345849 59.702698, -129.347491 59.702412, -129.34847 59.702161, -129.349597 59.701648, -129.350043 59.700966, -129.349858 59.700494, -129.34936 59.700066, -129.348595 59.699715, -129.347126 59.699308, -129.346029 59.699091, -129.344927 59.698875, -129.343382 59.698484, -129.342424 59.698181, -129.34149 59.697853, -129.339975 59.697431, -129.338246 59.697188, -129.336447 59.696973, -129.335257 59.69676, -129.334348 59.696599, -129.322261 59.68795, -129.321926 59.687715, -129.321231 59.687253, -129.319817 59.686368, -129.319039 59.685993, -129.318126 59.685737, -129.317068 59.685654, -129.315405 59.68564, -129.31429 59.685537, -129.313244 59.685314, -129.312317 59.684989, -129.31154 59.684567, -129.310908 59.684078, -129.310391 59.683557, -129.309685 59.682779, -129.309174 59.682319, -129.308553 59.681917, -129.307884 59.681512, -129.307473 59.681055, -129.307727 59.68035, -129.308985 59.679774, -129.310037 59.679463, -129.323022 59.667027, -129.322965 59.666746, -129.32287 59.66619, -129.322776 59.665652, -129.322709 59.665125, -129.32271 59.664616, -129.322661 59.664149, -129.322301 59.663763, -129.321175 59.663493, -129.320173 59.663572, -129.319163 59.663807, -129.318129 59.664043, -129.317036 59.664205, -129.315923 59.664298, -129.314795 59.664307, -129.313705 59.664238, -129.312742 59.664067, -129.311841 59.663504, -129.311716 59.662968, -129.31181 59.662404, -129.311778 59.66154, -129.311572 59.660971, -129.311074 59.660129, -129.31051 59.659284, -129.310341 59.658405, -129.310645 59.657562, -129.310969 59.657024, -129.311377 59.655973, -129.311216 59.655486, -129.310712 59.655093, -129.309899 59.65482, -129.308929 59.654723, -129.307434 59.654904, -129.306498 59.655213, -129.305307 59.655857, -129.304416 59.656649, -129.304069 59.657268, -129.303785 59.65826, -129.303642 59.658924, -129.30352 59.659588, -129.303358 59.66025, -129.302725 59.661141, -129.30189 59.661581, -129.300231 59.661967, -129.298488 59.662176, -129.296795 59.662368, -129.295683 59.662494, -129.293983 59.662569, -129.292503 59.662236, -129.291658 59.661508, -129.291545 59.66093, -129.291764 59.660318, -129.292236 59.659716, -129.292805 59.659128, -129.293488 59.658587, -129.294869 59.657998, -129.296027 59.657784, -129.297242 59.657609, -129.299004 59.657262, -129.300035 59.656911, -129.301268 59.656217, -129.302053 59.655373, -129.302357 59.654763, -129.302582 59.654145, -129.302993 59.653227, -129.303446 59.652626, -129.304432 59.651793, -129.305177 59.651251, -129.306046 59.650399, -129.306308 59.649746, -129.281798 59.64315, -129.27686 59.635188, -129.278665 59.634823, -129.27971 59.634512, -129.2806 59.633761, -129.280332 59.632848, -129.279781 59.632236, -129.279216 59.631632, -129.278367 59.630707, -129.277845 59.630078, -129.277381 59.629446, -129.276843 59.628476, -129.276634 59.627811, -129.276676 59.626816, -129.276877 59.626172, -129.277177 59.625218, -129.277444 59.624311, -129.27813 59.623558, -129.279685 59.623352, -129.280961 59.623547, -129.282786 59.624047, -129.284026 59.624361, -129.285958 59.62462, -129.287312 59.624621, -129.288655 59.624455, -129.289925 59.624158, -129.291142 59.623843, -129.293105 59.623515, -129.294338 59.623299, -129.296254 59.623069, -129.297551 59.622412, -129.298127 59.621884, -129.298396 59.620988, -129.298252 59.620341, -129.298089 59.619301, -129.29823 59.618066, -129.298227 59.617281, -129.298144 59.616507, -129.298366 59.615521, -129.298973 59.614769, -129.299787 59.614497, -129.300551 59.6145, -129.3014 59.614755, -129.302201 59.615094, -129.302983 59.615886, -129.303507 59.616409, -129.304302 59.616808, -129.305342 59.61699, -129.30643 59.616911, -129.307601 59.616306, -129.307882 59.615693, -129.308031 59.614689, -129.308102 59.614006, -129.308076 59.613013, -129.307624 59.612, -129.307135 59.611451, -129.32589 59.588686, -129.326127 59.588047, -129.326289 59.587047, -129.326093 59.586359, -129.325769 59.585658, -129.325486 59.584584, -129.325612 59.583873, -129.325999 59.583177, -129.326853 59.582218, -129.327532 59.581654, -129.328278 59.58115, -129.329058 59.580669, -129.329721 59.58016, -129.330047 59.579573, -129.329981 59.578948, -129.329532 59.578069, -129.329191 59.577229, -129.329438 59.576651, -129.330032 59.576121, -129.33083 59.575624, -129.331586 59.575094, -129.332252 59.574539, -129.333257 59.573689, -129.333957 59.573142, -129.335135 59.572362, -129.336001 59.571886, -129.33692 59.571447, -129.337878 59.571001, -129.339272 59.570285, -129.340141 59.569796, -129.340991 59.569311, -129.34227 59.568556, -129.343524 59.567775, -129.34433 59.567272, -129.345146 59.56679, -129.346462 59.566096, -129.347415 59.565652, -129.348394 59.565216, -129.349368 59.564787, -129.350833 59.564192, -129.351876 59.563788, -129.352855 59.563353, -129.353959 59.562561, -129.354377 59.56194, -129.354607 59.561272, -129.354713 59.560248, -129.354563 59.559233, -129.354062 59.558265, -129.353486 59.55766, -129.352766 59.557103, -129.351466 59.556374, -129.35047 59.555965, -129.349441 59.555604, -129.348427 59.555278, -129.347443 59.554985, -129.346191 59.554537, -129.345066 59.554125, -129.343804 59.5538, -129.342031 59.553572, -129.342131 59.552857, -129.342408 59.552386, -129.342992 59.551969, -129.344429 59.551638, -129.34553 59.551633, -129.346599 59.551737, -129.34761 59.551899, -129.348974 59.552223, -129.349871 59.552369, -129.35078 59.552371, -129.351709 59.552286, -129.353129 59.552094, -129.354086 59.551924, -129.355075 59.551724, -129.356112 59.551485, -129.357189 59.551234, -129.358423 59.550896, -129.359847 59.550508, -129.489266 59.553781, -129.490158 59.554082, -129.491116 59.554276, -129.492105 59.554348, -129.493505 59.554237, -129.49435 59.554037, -129.495151 59.553722, -129.495985 59.553383, -129.497293 59.552892, -129.498024 59.552479, -129.498534 59.551982, -129.498855 59.551438, -129.49922 59.550907, -129.499801 59.550499, -129.500605 59.550322, -129.501546 59.55032, -129.502521 59.550345, -129.503503 59.550323, -129.504435 59.550288, -129.505267 59.550258, -129.506311 59.550323, -129.50665 59.550567, -129.506867 59.550874, -129.507612 59.551254, -129.508519 59.551386, -129.510044 59.551319, -129.511043 59.551143, -129.512368 59.550719, -129.513488 59.550196, -129.514261 59.549853, -129.515572 59.54931, -129.516883 59.548645, -129.517946 59.547798, -129.518464 59.54716, -129.519507 59.546256, -129.521219 59.545674, -129.523139 59.545275, -129.524314 59.54492, -129.525312 59.544452, -129.526642 59.543653, -129.527554 59.543122, -129.529162 59.542472, -129.530395 59.54221, -129.532384 59.541994, -129.5343 59.5415, -129.535388 59.541002, -129.53637 59.540444, -129.537242 59.539836, -129.538038 59.539187, -129.538815 59.538523, -129.540088 59.537585, -129.54107 59.537108, -129.542936 59.536663, -129.544317 59.53652, -129.571538 59.5305, -129.570395 59.529738, -129.569504 59.529291, -129.568552 59.52887, -129.567547 59.528441, -129.565933 59.527837, -129.565074 59.527344, -129.564896 59.526641, -129.565361 59.526279, -129.566166 59.526024, -129.567197 59.525935, -129.568906 59.52599, -129.570083 59.52609, -129.571288 59.526161, -129.57305 59.526, -129.574057 59.525675, -129.575252 59.524933, -129.576324 59.524106, -129.577468 59.523324, -129.578896 59.522691, -129.579801 59.522244, -129.580454 59.521686, -129.58086 59.520705, -129.580887 59.520051, -129.580904 59.519413, -129.581021 59.518787, -129.581323 59.518182, -129.581818 59.517616, -129.582387 59.517074, -129.583183 59.516282, -129.583986 59.515576, -129.584831 59.515344, -129.586386 59.515364, -129.588039 59.515709, -129.589191 59.516005, -129.590409 59.516251, -129.591696 59.516373, -129.593005 59.516347, -129.59432 59.516197, -129.596169 59.515691, -129.597496 59.515401, -129.598806 59.515166, -129.600814 59.514768, -129.602223 59.514595, -129.604227 59.514615, -129.605445 59.514858, -129.6076 59.515649, -129.609053 59.516322, -129.610601 59.516871, -129.612389 59.517121, -129.613655 59.517072, -129.614919 59.516867, -129.616171 59.516607, -129.617442 59.516383, -129.618698 59.516179, -129.619503 59.51602, -129.625083 59.51341, -129.626114 59.512602, -129.627068 59.511788, -129.627934 59.510998, -129.628671 59.510209, -129.629139 59.509694, -129.629617 59.509178, -129.6301 59.508664, -129.630563 59.508159, -129.631035 59.507661, -129.63327 59.5062, -129.634228 59.505944, -129.635274 59.505777, -129.636998 59.505697, -129.638767 59.505791, -129.640525 59.506019, -129.641702 59.506186, -129.642895 59.506339, -129.644669 59.506549, -129.645816 59.506708, -129.646926 59.506895, -129.647996 59.507136, -129.649016 59.50743, -129.650008 59.50775, -129.650991 59.508078, -129.651947 59.508423, -129.653387 59.508967, -129.654347 59.509353, -129.655321 59.509738, -129.65679 59.510296, -129.657746 59.510663, -129.658631 59.511042, -129.659894 59.511606, -129.660703 59.511982, -129.661516 59.512346, -129.662772 59.512846, -129.664019 59.513321, -129.664829 59.513642, -129.665796 59.514219, -129.666487 59.514894, -129.666857 59.515383, -129.667289 59.516112, -129.667546 59.516572, -129.667787 59.517013, -129.692456 59.526069, -129.693005 59.526158, -129.694034 59.526448, -129.694989 59.526802, -129.696439 59.527314, -129.697977 59.52772, -129.699654 59.528027, -129.700808 59.528248, -129.701984 59.528492, -129.703165 59.528747, -129.704333 59.529001, -129.705476 59.529249, -129.707099 59.529672, -129.7086 59.530164, -129.71012 59.530596, -129.711141 59.530819, -129.71262 59.531124, -129.713973 59.531462, -129.715056 59.531943, -129.715737 59.532239, -129.716609 59.532362, -129.718139 59.532308, -129.719534 59.532469, -129.720273 59.53275, -129.720823 59.533127, -129.721482 59.533798, -129.722203 59.534462, -129.723261 59.534963, -129.724152 59.535083, -129.725131 59.53501, -129.726097 59.534787, -129.727481 59.534299, -129.728807 59.533776, -129.729692 59.533424, -129.730581 59.533084, -129.731942 59.532557, -129.732861 59.532208, -129.734222 59.53174, -129.735115 59.531512, -129.735988 59.531397, -129.736691 59.531463, -129.737243 59.531991, -129.736998 59.532512, -129.736075 59.533283, -129.735378 59.533779, -129.73465 59.534258, -129.733876 59.534698, -129.733152 59.535071, -129.729648 59.537821, -129.730463 59.538204, -129.731541 59.538442, -129.733469 59.538456, -129.735443 59.538576, -129.736641 59.538841, -129.737653 59.539264, -129.738424 59.539809, -129.739213 59.540731, -129.739505 59.541374, -129.739595 59.542348, -129.73979 59.543328, -129.740576 59.544265, -129.7414 59.544838, -129.742321 59.545371, -129.743076 59.546122, -129.742981 59.546609, -129.742672 59.547096, -129.742189 59.54752, -129.740819 59.547878, -129.738824 59.548005, -129.73486 59.548489, -129.735399 59.549058, -129.736027 59.549548, -129.737391 59.550178, -129.739099 59.55069, -129.740286 59.550987, -129.741457 59.551323, -129.742503 59.551762, -129.743135 59.552957, -129.742547 59.553539, -129.741521 59.553997, -129.740273 59.554356, -129.738317 59.554834, -129.737009 59.55514, -129.735075 59.555578, -129.733114 59.555993, -129.731736 59.556282, -129.73036 59.556585, -129.729064 59.556959, -129.727532 59.557757, -129.726881 59.558424, -129.726553 59.559144, -129.726493 59.559884, -129.726664 59.560622, -129.727042 59.561333, -129.728016 59.562332, -129.729493 59.563176, -129.730693 59.563632, -129.731973 59.56403, -129.73327 59.564422, -129.735171 59.565048, -129.73643 59.565491, -129.737949 59.565797, -129.739424 59.566054, -129.740317 59.566594))"
218,2023-07-29 10:30:57,2023072001,2023,2132.1,Non-corrected airborne GPS,1689836400000,1690318252000,Out of Control,JA70003000,21320716.7008,25485.0452,395,075bc883-b7b9-4835-a2e9-d02ca522c338,83640924.2421875,50545.2608585758,https://wildfiresituation.nrs.gov.bc.ca/incidents?fireYear=2023&incidentNumber=R91184,"POLYGON ((-134.28791 59.69535, -134.28923 59.69456, -134.28979 59.69474, -134.29074 59.69507, -134.29101 59.69573, -134.29088 59.69645, -134.29136 59.69715, -134.29253 59.69767, -134.29371 59.69818, -134.2946 59.69883, -134.29524 59.69954, -134.29572 59.70023, -134.29634 59.70093, -134.29742 59.70155, -134.29873 59.70211, -134.3 59.70275, -134.301 59.70353, -134.30162 59.7044, -134.30189 59.7053, -134.30203 59.7062, -134.30219 59.70712, -134.30279 59.70803, -134.30324 59.70893, -134.3032 59.70986, -134.30287 59.71077, -134.30242 59.71165, -134.30188 59.71254, -134.30129 59.71343, -134.30007 59.71523, -134.2997 59.71582, -134.29905 59.71663, -134.29828 59.71734, -134.29806 59.71783, -134.29846 59.71849, -134.2998 59.71887, -134.30136 59.7191, -134.3028 59.71958, -134.30398 59.7203, -134.30511 59.72109, -134.3065 59.72184, -134.30816 59.72248, -134.30988 59.72309, -134.31185 59.72344, -134.31398 59.7233, -134.31603 59.72297, -134.31805 59.72298, -134.31969 59.72343, -134.32051 59.72417, -134.32025 59.72493, -134.31912 59.72547, -134.31764 59.72585, -134.31619 59.72636, -134.31521 59.72716, -134.31477 59.72804, -134.31434 59.72887, -134.31369 59.72957, -134.31259 59.73001, -134.31117 59.73025, -134.30977 59.73068, -134.30862 59.73129, -134.30766 59.73192, -134.30684 59.73256, -134.30672 59.73332, -134.30751 59.734, -134.30827 59.73464, -134.30833 59.73535, -134.30778 59.73603, -134.30694 59.73662, -134.30603 59.73717, -134.30519 59.73773, -134.30443 59.73831, -134.30372 59.73892, -134.30308 59.73955, -134.30271 59.73998, -134.30226 59.74063, -134.30202 59.74107, -134.30176 59.74174, -134.30158 59.74241, -134.30136 59.74309, -134.30107 59.74377, -134.30071 59.74444, -134.3003 59.74508, -134.29987 59.74568, -134.29943 59.7462, -134.29889 59.74661, -134.29826 59.74692, -134.29767 59.74724, -134.29704 59.74757, -134.29639 59.74797, -134.29584 59.74844, -134.29534 59.74896, -134.29495 59.74952, -134.29454 59.75007, -134.29388 59.75055, -134.29303 59.75095, -134.29217 59.75131, -134.29134 59.75168, -134.29053 59.75203, -134.28972 59.75241, -134.28904 59.75287, -134.28889 59.75346, -134.28962 59.75404, -134.29061 59.75452, -134.29144 59.75504, -134.29196 59.75563, -134.29207 59.75626, -134.29173 59.75685, -134.291 59.75731, -134.28998 59.75767, -134.28923 59.7582, -134.28893 59.75889, -134.28871 59.75961, -134.2885 59.76035, -134.28823 59.76109, -134.28817 59.76159, -134.28825 59.76209, -134.28841 59.76284, -134.28847 59.76336, -134.28852 59.76414, -134.28853 59.76464, -134.28883 59.76538, -134.28998 59.76598, -134.29146 59.7664, -134.29305 59.76669, -134.29469 59.76689, -134.29624 59.7672, -134.29742 59.76778, -134.29792 59.76857, -134.29801 59.76939, -134.29807 59.77018, -134.2984 59.77095, -134.29902 59.77165, -134.29967 59.77233, -134.30015 59.77304, -134.30065 59.77373, -134.30133 59.77434, -134.30187 59.77493, -134.30215 59.77557, -134.30237 59.77623, -134.30276 59.77683, -134.30307 59.77741, -134.3031 59.77802, -134.303 59.77864, -134.30254 59.77924, -134.30173 59.77978, -134.30085 59.78027, -134.29967 59.78072, -134.29832 59.78108, -134.29672 59.78125, -134.29501 59.78117, -134.29334 59.78084, -134.29181 59.78032, -134.29043 59.77969, -134.28911 59.77904, -134.28774 59.7784, -134.28633 59.77779, -134.28494 59.77716, -134.28359 59.77646, -134.28225 59.77571, -134.28137 59.7752, -134.28045 59.77471, -134.279 59.77399, -134.27747 59.77333, -134.2759 59.77273, -134.27448 59.77204, -134.27339 59.77118, -134.27263 59.7702, -134.27195 59.7692, -134.27111 59.76821, -134.27013 59.76725, -134.26911 59.7663, -134.26818 59.76528, -134.26753 59.76414, -134.26701 59.76293, -134.26651 59.76164, -134.26601 59.76031, -134.26555 59.75892, -134.26513 59.75752, -134.26474 59.7561, -134.26434 59.75468, -134.26396 59.75326, -134.26357 59.75185, -134.26314 59.75044, -134.26265 59.74903, -134.26208 59.74763, -134.26148 59.74624, -134.26083 59.74487, -134.26015 59.74351, -134.25936 59.74216, -134.25851 59.74082, -134.25763 59.7395, -134.25675 59.73819, -134.2559 59.73688, -134.25511 59.73557, -134.2544 59.73425, -134.25381 59.73292, -134.25326 59.73158, -134.2527 59.73024, -134.25211 59.7289, -134.25154 59.72757, -134.25116 59.72669, -134.25057 59.72536, -134.25016 59.72448, -134.24973 59.7236, -134.24907 59.72229, -134.24846 59.721, -134.24792 59.71971, -134.2475 59.71843, -134.24719 59.71715, -134.24687 59.71589, -134.24646 59.71464, -134.24602 59.71341, -134.24563 59.71219, -134.24532 59.71098, -134.24503 59.70977, -134.24481 59.70857, -134.24462 59.70737, -134.24441 59.70618, -134.24415 59.70501, -134.2438 59.70387, -134.24345 59.70275, -134.24314 59.70168, -134.24297 59.70066, -134.24298 59.6997, -134.24337 59.69884, -134.24442 59.69824, -134.24595 59.69807, -134.24747 59.69833, -134.24882 59.69875, -134.24998 59.69919, -134.25138 59.69941, -134.25292 59.69908, -134.25433 59.69857, -134.25583 59.69825, -134.25743 59.69835, -134.2588 59.69886, -134.2601 59.69947, -134.26139 59.70005, -134.26267 59.70057, -134.26406 59.70093, -134.26555 59.70104, -134.26702 59.70105, -134.26831 59.70135, -134.26898 59.70171, -134.26955 59.7021, -134.27019 59.70249, -134.27163 59.70276, -134.27272 59.70267, -134.27413 59.70214, -134.27517 59.7014, -134.27613 59.70064, -134.27717 59.6999, -134.27835 59.69917, -134.27971 59.69846, -134.28129 59.69784, -134.28302 59.69729, -134.28476 59.69671, -134.28641 59.69607, -134.28791 59.69535))"
219,2023-07-29 10:30:57,2023071701,2023,329.6,Non-corrected airborne GPS,1689577200000,1689651107000,Out of Control,JA70003000,3295685.9308,8536.3743,396,01d7f102-2632-4bf4-9429-00f1007dd2ef,9451173.828125,14465.8629006093,https://wildfiresituation.nrs.gov.bc.ca/incidents?fireYear=2023&incidentNumber=R51245,"POLYGON ((-128.568179 53.848596, -128.567153 53.847414, -128.566826 53.846796, -128.56608 53.846392, -128.56509 53.84627, -128.564076 53.846244, -128.56309 53.846206, -128.562192 53.846045, -128.561446 53.845735, -128.561161 53.845133, -128.561689 53.844383, -128.562827 53.843769, -128.564301 53.843352, -128.565878 53.843003, -128.56753 53.842796, -128.569221 53.842719, -128.570929 53.84278, -128.572597 53.843003, -128.574192 53.843342, -128.57572 53.843733, -128.577252 53.84412, -128.578807 53.844452, -128.580447 53.844673, -128.582171 53.844658, -128.583923 53.844408, -128.585609 53.844054, -128.587255 53.843736, -128.58889 53.843501, -128.590515 53.843403, -128.592118 53.84343, -128.593719 53.843577, -128.595321 53.843786, -128.596921 53.844043, -128.59852 53.844266, -128.600102 53.844362, -128.601618 53.844463, -128.603064 53.844653, -128.604446 53.844972, -128.605711 53.845355, -128.606944 53.845752, -128.60819 53.846144, -128.609458 53.846482, -128.610717 53.846794, -128.611881 53.847178, -128.612887 53.847632, -128.613665 53.848231, -128.614256 53.848934, -128.614603 53.849695, -128.614698 53.850447, -128.614551 53.851169, -128.614181 53.851805, -128.613618 53.852302, -128.612839 53.852626, -128.611842 53.852727, -128.610701 53.852702, -128.609634 53.852847, -128.60867 53.853174, -128.607715 53.853425, -128.606754 53.853478, -128.605883 53.853452, -128.60513 53.853508, -128.604492 53.853635, -128.603829 53.853677, -128.603095 53.853661, -128.602322 53.853679, -128.601572 53.853736, -128.600837 53.853797, -128.600082 53.853815, -128.599336 53.853866, -128.598573 53.854075, -128.597741 53.85416, -128.596789 53.854143, -128.596438 53.854178, -128.595781 53.854244, -128.594869 53.854605, -128.594102 53.855065, -128.593417 53.855449, -128.592723 53.85561, -128.591977 53.855657, -128.591202 53.855738, -128.590433 53.855861, -128.589716 53.855949, -128.589055 53.855969, -128.588376 53.855897, -128.587557 53.855896, -128.586738 53.85623, -128.586307 53.85675, -128.585979 53.857127, -128.585402 53.857179, -128.584775 53.857176, -128.58417 53.857187, -128.583622 53.857231, -128.583141 53.857248, -128.58277 53.857166, -128.582435 53.857015, -128.582127 53.856831, -128.581816 53.856623, -128.5815 53.856391, -128.581243 53.856148, -128.581055 53.855912, -128.580826 53.855715, -128.580562 53.855556, -128.580296 53.855408, -128.580055 53.855238, -128.579825 53.85508, -128.579607 53.854974, -128.579362 53.854847, -128.579083 53.854725, -128.578918 53.854627, -128.578727 53.854453, -128.578446 53.854202, -128.575892 53.852144, -128.575352 53.851687, -128.574647 53.851314, -128.573964 53.850919, -128.573441 53.850382, -128.572989 53.849804, -128.572521 53.849239, -128.57189 53.848779, -128.571023 53.848521, -128.570057 53.848519, -128.569076 53.848655, -128.568179 53.848596))"
220,2023-07-29 10:30:57,2023071901,2023,84.0,Non-corrected airborne GPS,1689750000000,1689889148000,Being Held,JA70003000,839681.7253,4841.0335,397,4dbe1df3-ad1d-4204-a062-f93246fbff68,2565235.6015625,8460.19066853051,https://wildfiresituation.nrs.gov.bc.ca/incidents?fireYear=2023&incidentNumber=R51336,"POLYGON ((-128.715316 55.145543, -128.7162 55.145423, -128.716671 55.145253, -128.717276 55.145203, -128.717906 55.145119, -128.718468 55.144936, -128.718986 55.144732, -128.719462 55.144545, -128.719947 55.144371, -128.720497 55.144192, -128.721175 55.144113, -128.721903 55.144165, -128.722631 55.144211, -128.723342 55.144199, -128.72404 55.14411, -128.724743 55.143964, -128.725478 55.143724, -128.726183 55.143374, -128.726822 55.142973, -128.727499 55.142578, -128.728243 55.14239, -128.729194 55.142458, -128.730034 55.142682, -128.73092 55.14283, -128.731927 55.142757, -128.732803 55.142602, -128.733501 55.142384, -128.734014 55.141993, -128.7343 55.141506, -128.734488 55.140991, -128.734765 55.140588, -128.73537 55.140454, -128.735923 55.140644, -128.736083 55.14103, -128.73605 55.141473, -128.735953 55.141903, -128.735624 55.142294, -128.735137 55.142668, -128.734679 55.143045, -128.734305 55.143475, -128.733889 55.143933, -128.733405 55.144376, -128.732821 55.144729, -128.732217 55.145047, -128.731749 55.145442, -128.731379 55.145911, -128.731007 55.146411, -128.730651 55.146915, -128.730578 55.147456, -128.730817 55.147958, -128.731154 55.148474, -128.731402 55.148981, -128.731516 55.149514, -128.731567 55.150025, -128.731663 55.150498, -128.73189 55.150951, -128.731838 55.151381, -128.731369 55.151742, -128.730723 55.152032, -128.73014 55.152338, -128.729531 55.152636, -128.728841 55.152871, -128.728086 55.153036, -128.727255 55.153118, -128.726366 55.153194, -128.725529 55.153402, -128.724801 55.153782, -128.724204 55.154139, -128.723712 55.154325, -128.723166 55.154366, -128.722784 55.154279, -128.722542 55.154098, -128.722467 55.153837, -128.722482 55.153512, -128.722385 55.153169, -128.722339 55.152805, -128.722389 55.152453, -128.722252 55.15215, -128.722049 55.151829, -128.72192 55.151461, -128.721929 55.15101, -128.722107 55.150487, -128.722291 55.149939, -128.722228 55.149405, -128.721994 55.148988, -128.721711 55.148665, -128.72148 55.148341, -128.720916 55.148116, -128.719977 55.148094, -128.71918 55.147997, -128.71862 55.147688, -128.71828 55.147266, -128.718093 55.146821, -128.717936 55.146409, -128.717334 55.146147, -128.716421 55.146172, -128.715659 55.146, -128.715478 55.145759, -128.715316 55.145543))"
221,2023-07-29 10:30:57,2023071401,2023,253.0,Hand sketch of any type,1689318000000,1689550786000,Out of Control,JA70003000,2530332.2886,8136.5533,398,059282cd-3c1f-41df-a4e0-e78d0fa20fd9,7049455.4453125,13573.7090173488,https://wildfiresituation.nrs.gov.bc.ca/incidents?fireYear=2023&incidentNumber=R51402,"POLYGON ((-127.843849 53.249125, -127.841687 53.248626, -127.84123 53.248488, -127.839247 53.24816, -127.837832 53.247834, -127.838089 53.247434, -127.839728 53.245476, -127.840351 53.244504, -127.841206 53.243693, -127.843612 53.240819, -127.843632 53.240788, -127.845057 53.237687, -127.845446 53.234479, -127.844785 53.231287, -127.843099 53.228234, -127.842418 53.227316, -127.842067 53.226381, -127.840365 53.223306, -127.839294 53.221865, -127.840201 53.22045, -127.840284 53.220351, -127.84085 53.219469, -127.841 53.219554, -127.845227 53.221531, -127.850017 53.222974, -127.854021 53.223636, -127.854513 53.22375, -127.856189 53.226782, -127.858836 53.229579, -127.859506 53.230044, -127.860724 53.231079, -127.860564 53.231635, -127.859513 53.233924, -127.859406 53.234812, -127.859361 53.234968, -127.859339 53.235047, -127.858888 53.236665, -127.858353 53.237499, -127.857306 53.23978, -127.857064 53.240157, -127.856627 53.240433, -127.855119 53.241595, -127.854131 53.242219, -127.85284 53.242766, -127.848784 53.244869, -127.845489 53.247407, -127.844829 53.248194, -127.843849 53.249125))"
222,2023-07-29 10:30:57,2023061601,2023,230.7,Non-corrected airborne GPS,1686898800000,1687029927000,Being Held,JA70003000,2306704.3203,7715.0148,399,35020666-de46-4aba-8fdb-70d3230ec798,5662593.4921875,12088.1671855075,https://wildfiresituation.nrs.gov.bc.ca/incidents?fireYear=2023&incidentNumber=V80527,"POLYGON ((-126.030399 50.370062, -126.030325 50.370068, -126.03126 50.369479, -126.032413 50.369537, -126.032824 50.369861, -126.032468 50.370495, -126.033148 50.370791, -126.033828 50.370646, -126.034539 50.369612, -126.033826 50.369075, -126.033275 50.367958, -126.031569 50.366249, -126.030868 50.366029, -126.030351 50.366456, -126.029833 50.366353, -126.02939 50.365898, -126.028019 50.365106, -126.026142 50.364617, -126.025009 50.36359, -126.024059 50.363521, -126.023337 50.363714, -126.022225 50.363184, -126.021458 50.361088, -126.021954 50.360916, -126.024856 50.360019, -126.026851 50.359819, -126.028372 50.35966, -126.030508 50.360052, -126.032741 50.360651, -126.034759 50.361092, -126.036582 50.361518, -126.037121 50.361373, -126.038253 50.360491, -126.040336 50.361034, -126.041716 50.360724, -126.042634 50.361288, -126.043131 50.362267, -126.044555 50.362501, -126.045462 50.363155, -126.046002 50.364058, -126.04747 50.364719, -126.047676 50.365485, -126.048399 50.366036, -126.048982 50.36678, -126.049587 50.367476, -126.049804 50.36822, -126.049437 50.368462, -126.049298 50.36891, -126.049018 50.369641, -126.048199 50.370744, -126.047793 50.37182, -126.048149 50.37233, -126.048992 50.373647, -126.048583 50.37464, -126.048499 50.376184, -126.048047 50.377466, -126.047551 50.378225, -126.046505 50.378425, -126.044908 50.378695, -126.044228 50.378915, -126.043127 50.378316, -126.042058 50.377731, -126.040871 50.377931, -126.039835 50.378, -126.038929 50.377946, -126.037904 50.377725, -126.036673 50.376582, -126.035938 50.37521, -126.034878 50.372729, -126.032817 50.372074, -126.030863 50.371206, -126.030302 50.370428, -126.030399 50.370062))"
223,2023-07-29 10:30:57,2023072201,2023,64.4,Non-corrected airborne GPS,1690009200000,1690130922000,Out of Control,JA70003000,643639.1526,3475.3277,400,0d897660-6d86-426f-a054-43ff46cd11a3,1587917.1875,5459.5712085618,https://wildfiresituation.nrs.gov.bc.ca/incidents?fireYear=2023&incidentNumber=V81802,"POLYGON ((-125.379983 50.490261, -125.379158 50.489921, -125.379428 50.489071, -125.379547 50.488822, -125.379927 50.488289, -125.380405 50.487777, -125.380962 50.487299, -125.381584 50.486842, -125.382235 50.486407, -125.382896 50.486, -125.383566 50.485611, -125.384229 50.485235, -125.384861 50.484858, -125.385746 50.484295, -125.386571 50.48376, -125.387305 50.483263, -125.38794 50.482754, -125.388504 50.48225, -125.389096 50.481811, -125.389734 50.481433, -125.390172 50.48123, -125.390624 50.48109, -125.3911 50.480994, -125.391589 50.480976, -125.392066 50.481054, -125.392511 50.481234, -125.392884 50.481504, -125.393182 50.481845, -125.393406 50.482237, -125.393553 50.482648, -125.393617 50.483073, -125.393609 50.483498, -125.393547 50.483909, -125.393441 50.484302, -125.393303 50.484679, -125.393156 50.485042, -125.392979 50.485376, -125.392765 50.485682, -125.392534 50.485967, -125.3923 50.486239, -125.392065 50.486507, -125.391841 50.486772, -125.391612 50.487031, -125.39138 50.487283, -125.391137 50.487524, -125.390874 50.487745, -125.390598 50.487955, -125.390313 50.48814, -125.38999 50.488279, -125.389662 50.488396, -125.389341 50.488502, -125.389044 50.488612, -125.388771 50.488745, -125.388549 50.488908, -125.388373 50.489093, -125.388234 50.489287, -125.388124 50.489482, -125.388045 50.489681, -125.387953 50.489857, -125.387819 50.489991, -125.387643 50.490077, -125.387458 50.490138, -125.387281 50.490195, -125.387108 50.490258, -125.386932 50.490311, -125.386737 50.490337, -125.386512 50.490345, -125.386264 50.490368, -125.386011 50.49042, -125.385752 50.490499, -125.385515 50.490622, -125.385309 50.490783, -125.385128 50.490966, -125.384987 50.491167, -125.384869 50.491371, -125.384739 50.49157, -125.384583 50.491765, -125.384391 50.491952, -125.384176 50.492121, -125.383936 50.492264, -125.38367 50.492398, -125.383292 50.492555, -125.383021 50.492624, -125.382713 50.492612, -125.382387 50.492498, -125.382075 50.492282, -125.381797 50.492022, -125.38153 50.491753, -125.381252 50.491502, -125.380943 50.49128, -125.380632 50.49109, -125.380383 50.490903, -125.380207 50.490706, -125.380084 50.490492, -125.379983 50.490261))"
224,2023-07-29 10:30:57,2023072301,2023,29.4,Non-corrected airborne GPS,1690095600000,1690138078000,Under Control,JA70003000,293604.9319,2169.6968,401,fc703fa7-3d47-43a3-870c-f7c70e24ecad,698445.609375,3344.85148792674,https://wildfiresituation.nrs.gov.bc.ca/incidents?fireYear=2023&incidentNumber=V81938,"POLYGON ((-126.105827 49.610016, -126.10553 49.609962, -126.105081 49.609986, -126.104672 49.610159, -126.104282 49.610212, -126.104099 49.609988, -126.104318 49.609645, -126.104532 49.609298, -126.104665 49.608963, -126.104933 49.608652, -126.105145 49.608384, -126.105323 49.608097, -126.105419 49.607833, -126.105481 49.607603, -126.105522 49.607398, -126.105628 49.607057, -126.105824 49.606732, -126.106071 49.606377, -126.106527 49.606043, -126.107214 49.605784, -126.10809 49.605643, -126.109049 49.605577, -126.109599 49.605559, -126.109979 49.605547, -126.110852 49.605626, -126.111674 49.605828, -126.112376 49.606158, -126.113034 49.60652, -126.113783 49.606825, -126.114577 49.607059, -126.115063 49.607176, -126.115085 49.607183, -126.115163 49.607301, -126.11518 49.607532, -126.115029 49.607737, -126.115001 49.607771, -126.114935 49.607883, -126.114844 49.607954, -126.114718 49.608018, -126.114603 49.608093, -126.114547 49.608169, -126.114476 49.608243, -126.114364 49.608317, -126.114274 49.6084, -126.114174 49.608501, -126.114042 49.608631, -126.113978 49.608776, -126.11395 49.608924, -126.113916 49.609035, -126.113906 49.609071, -126.113793 49.609212, -126.113689 49.609347, -126.11362 49.609388, -126.113497 49.60946, -126.113191 49.609534, -126.112793 49.609575, -126.112377 49.609615, -126.111878 49.609664, -126.111315 49.609756, -126.110763 49.609867, -126.110207 49.610002, -126.109718 49.610145, -126.109276 49.610256, -126.108895 49.610324, -126.108514 49.610319, -126.10812 49.610261, -126.107747 49.61021, -126.107494 49.61016, -126.107081 49.610078, -126.107031 49.610077, -126.106605 49.610063, -126.106295 49.610062, -126.105827 49.610016))"
225,2023-07-29 10:30:57,2023071401,2023,99.9,Non-corrected airborne GPS,1689318000000,1689623298000,Out of Control,JA70003000,998673.4325,5532.1224,404,1b0caf7c-8bd1-48a4-9e69-7d44c3708ab6,2729832.2734375,9151.08879843185,https://wildfiresituation.nrs.gov.bc.ca/incidents?fireYear=2023&incidentNumber=VA1167,"POLYGON ((-125.757418 52.824193, -125.756368 52.823974, -125.755294 52.823748, -125.75417 52.823564, -125.753026 52.823434, -125.751881 52.823347, -125.75074 52.823289, -125.749634 52.823221, -125.748563 52.823061, -125.747501 52.822844, -125.746396 52.822652, -125.745252 52.822514, -125.744109 52.822356, -125.742996 52.822155, -125.741903 52.821931, -125.74086 52.821644, -125.739918 52.821272, -125.739166 52.820823, -125.73866 52.820315, -125.73846 52.819799, -125.738546 52.81931, -125.738854 52.818871, -125.739331 52.818492, -125.739997 52.818201, -125.740815 52.818002, -125.74173 52.817907, -125.742683 52.817964, -125.743629 52.81812, -125.744546 52.818171, -125.745325 52.818012, -125.745976 52.817733, -125.746672 52.817531, -125.747397 52.817538, -125.748039 52.817736, -125.748662 52.818035, -125.74936 52.818402, -125.750116 52.818817, -125.750952 52.819235, -125.751958 52.819516, -125.753081 52.819581, -125.754195 52.819422, -125.755186 52.819074, -125.756069 52.818714, -125.756973 52.818476, -125.757911 52.81842, -125.758771 52.818604, -125.75947 52.818979, -125.760107 52.819426, -125.760862 52.81978, -125.761718 52.819988, -125.762603 52.820051, -125.763463 52.820125, -125.764209 52.820341, -125.764698 52.820692, -125.764964 52.821119, -125.765166 52.821584, -125.765424 52.822066, -125.765838 52.822529, -125.766464 52.822936, -125.767308 52.823256, -125.768313 52.823506, -125.769336 52.823743, -125.770217 52.824074, -125.770868 52.824528, -125.771258 52.825056, -125.771478 52.825615, -125.771593 52.826175, -125.771654 52.826737, -125.77219 52.82695, -125.771851 52.826973, -125.771512 52.826997, -125.770843 52.826952, -125.770233 52.826823, -125.7695 52.826513, -125.769122 52.826258, -125.768724 52.826003, -125.768234 52.825764, -125.767703 52.825484, -125.767114 52.825184, -125.766411 52.824948, -125.765576 52.824788, -125.764664 52.824658, -125.763705 52.82454, -125.762694 52.824462, -125.761651 52.824435, -125.760591 52.824445, -125.75953 52.824441, -125.758469 52.824356, -125.757817 52.824255, -125.757418 52.824193))"
226,2023-07-29 10:30:57,2023071901,2023,52.9,Digitized other,1689750000000,1689874876000,Being Held,JA70003000,529362.9769,4080.7785,405,9249cfa3-bb5d-4c36-a185-e70393e4daad,1414956.2890625,6672.50553739228,https://wildfiresituation.nrs.gov.bc.ca/incidents?fireYear=2023&incidentNumber=VA1306,"POLYGON ((-126.08156 52.325895, -126.081598 52.325868, -126.081745 52.325791, -126.081765 52.325786, -126.081906 52.325747, -126.082003 52.325722, -126.082124 52.325691, -126.08227 52.325653, -126.08237 52.325627, -126.082561 52.32555, -126.082696 52.325513, -126.082773 52.325493, -126.08287 52.325488, -126.082991 52.325457, -126.08316 52.325415, -126.083282 52.325403, -126.08338 52.325398, -126.083551 52.325375, -126.0836 52.325363, -126.083797 52.325372, -126.083896 52.325347, -126.084048 52.325328, -126.08421 52.325304, -126.084366 52.325303, -126.084471 52.325276, -126.08467 52.325305, -126.084883 52.325314, -126.084978 52.325311, -126.085109 52.325337, -126.085268 52.32534, -126.085375 52.325318, -126.085469 52.325296, -126.085572 52.325271, -126.085691 52.325223, -126.085833 52.325171, -126.085998 52.325128, -126.0861 52.325068, -126.086184 52.325051, -126.086285 52.325032, -126.08638 52.325014, -126.086511 52.324987, -126.086609 52.324963, -126.086658 52.324952, -126.086788 52.324845, -126.086865 52.324827, -126.087 52.324793, -126.087078 52.324754, -126.087198 52.324686, -126.087294 52.324624, -126.087347 52.324536, -126.087346 52.324461, -126.087373 52.324319, -126.087367 52.324281, -126.087416 52.324149, -126.08741 52.32401, -126.087407 52.323971, -126.087481 52.323852, -126.087628 52.323695, -126.087701 52.323637, -126.087751 52.323625, -126.087892 52.323547, -126.088034 52.323508, -126.088186 52.323492, -126.088304 52.323485, -126.088452 52.323512, -126.088555 52.323507, -126.088684 52.323496, -126.088757 52.323499, -126.088874 52.323514, -126.08899 52.323529, -126.089083 52.32355, -126.089173 52.323592, -126.089237 52.32366, -126.089302 52.323725, -126.089325 52.323724, -126.089371 52.323714, -126.089492 52.323686, -126.089572 52.323789, -126.089615 52.323878, -126.089678 52.323958, -126.089727 52.323999, -126.089818 52.324099, -126.089824 52.32421, -126.089852 52.324353, -126.089853 52.324372, -126.089746 52.324645, -126.089738 52.324869, -126.089753 52.324964, -126.089745 52.325083, -126.089728 52.325241, -126.089666 52.325408, -126.089598 52.325557, -126.089458 52.325777, -126.089354 52.325911, -126.089254 52.325988, -126.08916 52.326083, -126.089152 52.326141, -126.089144 52.326199, -126.089035 52.32624, -126.088844 52.326394, -126.088673 52.326507, -126.088369 52.326654, -126.088175 52.326776, -126.088089 52.326792, -126.087959 52.326817, -126.087924 52.326842, -126.087762 52.326891, -126.087656 52.326911, -126.087558 52.326948, -126.087516 52.326956, -126.087342 52.327025, -126.087159 52.327101, -126.087083 52.327171, -126.086943 52.327219, -126.086859 52.327273, -126.086732 52.327355, -126.086614 52.327398, -126.086496 52.327442, -126.086372 52.327522, -126.086231 52.32757, -126.086141 52.327607, -126.085966 52.327645, -126.085809 52.32768, -126.085654 52.327714, -126.085551 52.327736, -126.085473 52.327754, -126.085344 52.327782, -126.0852 52.327779, -126.085028 52.327781, -126.084725 52.327833, -126.084569 52.327868, -126.084467 52.327857, -126.084311 52.327892, -126.084184 52.327921, -126.08399 52.327948, -126.0839 52.327952, -126.083736 52.327938, -126.083556 52.327946, -126.083446 52.32792, -126.083268 52.327928, -126.083061 52.327943, -126.083004 52.327957, -126.082877 52.327986, -126.082714 52.328058, -126.082627 52.328113, -126.082464 52.328167, -126.082376 52.328222, -126.08229 52.328277, -126.082075 52.32843, -126.081981 52.328487, -126.081844 52.328567, -126.081747 52.328604, -126.081634 52.328628, -126.081505 52.328658, -126.081408 52.32868, -126.081287 52.328708, -126.081087 52.328786, -126.081001 52.328822, -126.080973 52.328911, -126.081056 52.329041, -126.08111 52.329111, -126.081142 52.329153, -126.081183 52.32921, -126.081288 52.329269, -126.081418 52.329337, -126.08147 52.329358, -126.081586 52.329381, -126.08176 52.329444, -126.081806 52.329467, -126.081941 52.329538, -126.082036 52.329587, -126.0822 52.32967, -126.082246 52.329729, -126.082258 52.329761, -126.082368 52.329877, -126.08241 52.329937, -126.08244 52.330035, -126.082467 52.330115, -126.082552 52.330302, -126.08257 52.330332, -126.082616 52.330407, -126.08265 52.330535, -126.0827 52.330609, -126.08275 52.330698, -126.082753 52.330731, -126.082751 52.330882, -126.082743 52.330951, -126.082729 52.331088, -126.082655 52.331219, -126.082513 52.331296, -126.082457 52.331373, -126.082344 52.331411, -126.082281 52.331439, -126.082085 52.331476, -126.081987 52.331494, -126.081875 52.331514, -126.081756 52.331536, -126.081625 52.331544, -126.081472 52.331573, -126.081313 52.331604, -126.081178 52.33163, -126.080868 52.331657, -126.080732 52.331683, -126.080614 52.33169, -126.080441 52.331708, -126.080378 52.331704, -126.080234 52.331699, -126.08003 52.331673, -126.079837 52.331661, -126.079562 52.331631, -126.079498 52.331626, -126.079352 52.331605, -126.079264 52.331571, -126.079181 52.331536, -126.079017 52.331482, -126.078958 52.331459, -126.078895 52.331404, -126.078825 52.331384, -126.078732 52.331335, -126.078565 52.331251, -126.078419 52.331231, -126.078315 52.331202, -126.078162 52.331184, -126.078034 52.331161, -126.077938 52.331165, -126.077813 52.331189, -126.07773 52.331206, -126.077614 52.331261, -126.077593 52.331265, -126.077407 52.331318, -126.077296 52.331374, -126.07716 52.331402, -126.077002 52.331451, -126.076818 52.331487, -126.076597 52.33153, -126.0765 52.331548, -126.076404 52.331566, -126.076266 52.331593, -126.076145 52.331616, -126.076004 52.331644, -126.075939 52.331657, -126.075807 52.331668, -126.075655 52.331667, -126.075513 52.331679, -126.075432 52.331662, -126.075372 52.331674, -126.075208 52.331658, -126.075163 52.331651, -126.075027 52.331678, -126.074846 52.331652, -126.074737 52.331675, -126.074525 52.331707, -126.074435 52.331726, -126.074329 52.331748, -126.074222 52.331771, -126.074156 52.331786, -126.074033 52.331812, -126.073867 52.331831, -126.07378 52.331833, -126.07362 52.331821, -126.073514 52.331844, -126.073421 52.33185, -126.073313 52.331873, -126.073178 52.331888, -126.073026 52.331893, -126.072912 52.331906, -126.072785 52.331908, -126.072683 52.331889, -126.072575 52.331901, -126.072466 52.331837, -126.072446 52.331797, -126.072404 52.331687, -126.072389 52.331645, -126.072374 52.331603, -126.07233 52.331478, -126.072288 52.331412, -126.072286 52.331336, -126.072282 52.331261, -126.072264 52.3311, -126.072211 52.330977, -126.072198 52.330906, -126.072197 52.330862, -126.072163 52.330752, -126.07213 52.330685, -126.07209 52.330606, -126.072041 52.330486, -126.072012 52.330434, -126.071981 52.330295, -126.071968 52.330268, -126.071941 52.330215, -126.071932 52.330114, -126.071906 52.330062, -126.071892 52.330035, -126.07187 52.329908, -126.071867 52.32982, -126.071848 52.329708, -126.071827 52.329669, -126.071825 52.329564, -126.071857 52.329491, -126.07186 52.329383, -126.071851 52.329371, -126.071822 52.329292, -126.071801 52.329225, -126.071749 52.329153, -126.071667 52.329014, -126.071644 52.32896, -126.071678 52.328873, -126.071645 52.328808, -126.071633 52.328736, -126.071628 52.328661, -126.071647 52.328593, -126.071639 52.328502, -126.071632 52.328365, -126.071654 52.328251, -126.071704 52.328205, -126.071799 52.328117, -126.071851 52.328087, -126.071938 52.328003, -126.072036 52.327947, -126.072079 52.327905, -126.072186 52.327861, -126.072264 52.32781, -126.072335 52.327747, -126.072428 52.327722, -126.072485 52.327707, -126.072572 52.327668, -126.072699 52.327618, -126.072749 52.32759, -126.07289 52.32752, -126.072979 52.327481, -126.073068 52.327442, -126.073097 52.327419, -126.073166 52.327357, -126.073207 52.327317, -126.07328 52.327165, -126.073299 52.327132, -126.07331 52.327056, -126.073322 52.327009, -126.073294 52.326945, -126.073323 52.326865, -126.073362 52.326768, -126.073381 52.326734, -126.073429 52.326678, -126.073518 52.326638, -126.073647 52.326587, -126.073686 52.326575, -126.073728 52.326534, -126.073808 52.326482, -126.073975 52.32642, -126.074092 52.326341, -126.074193 52.326311, -126.074315 52.326275, -126.074413 52.326277, -126.074536 52.326241, -126.074701 52.326222, -126.074752 52.326222, -126.074911 52.326208, -126.074962 52.326208, -126.075058 52.326194, -126.075228 52.326203, -126.075336 52.32623, -126.075488 52.326256, -126.075634 52.326316, -126.075677 52.326364, -126.075754 52.326416, -126.075785 52.326548, -126.075771 52.326568, -126.075692 52.326655, -126.075542 52.326793, -126.075466 52.326877, -126.07544 52.326916, -126.075439 52.326994, -126.075394 52.327084, -126.075379 52.3272, -126.075411 52.327253, -126.075435 52.327294, -126.075522 52.327317, -126.075658 52.327296, -126.075721 52.327279, -126.075849 52.327292, -126.075934 52.32727, -126.076106 52.327223, -126.076273 52.32721, -126.076453 52.327208, -126.076546 52.327182, -126.076615 52.327163, -126.076808 52.327125, -126.076971 52.327079, -126.077144 52.327046, -126.077275 52.327025, -126.077418 52.327015, -126.077467 52.327001, -126.077639 52.326952, -126.077793 52.326924, -126.077898 52.326911, -126.07805 52.326886, -126.078185 52.326882, -126.078311 52.326864, -126.07847 52.326854, -126.078561 52.326781, -126.07883 52.326624, -126.079001 52.326609, -126.079052 52.326594, -126.07923 52.326544, -126.07939 52.326466, -126.079514 52.326464, -126.079566 52.326449, -126.079694 52.326413, -126.079819 52.326379, -126.080018 52.326324, -126.080143 52.32629, -126.08023 52.326283, -126.080486 52.326264, -126.080621 52.326264, -126.080747 52.326248, -126.080792 52.326237, -126.080947 52.326219, -126.081069 52.326192, -126.081192 52.326127, -126.081294 52.326067, -126.081417 52.325964, -126.081499 52.325927, -126.08156 52.325895))"
227,2023-07-29 10:30:57,2023072601,2023,1590.1,Non-corrected airborne GPS,1690354800000,1690482578000,Out of Control,JA70003000,15901153.1594,21086.2355,406,2edfc5d5-9fcc-45c3-9857-718df0e9080f,43441335.2421875,34851.5558649728,https://wildfiresituation.nrs.gov.bc.ca/incidents?fireYear=2023&incidentNumber=VA1335,"POLYGON ((-126.67568 52.83127, -126.67364 52.83191, -126.67147 52.83231, -126.66927 52.83245, -126.6671 52.83236, -126.66504 52.83214, -126.66311 52.83182, -126.66122 52.83154, -126.65936 52.83138, -126.6575 52.83137, -126.65569 52.83148, -126.6555 52.831491, -126.654 52.83158, -126.65239 52.83166, -126.65135 52.83165, -126.64984 52.8316, -126.64887 52.83157, -126.64747 52.83155, -126.64613 52.83139, -126.645449 52.831495, -126.644298 52.831672, -126.642203 52.83209, -126.640611 52.831805, -126.639038 52.831424, -126.637463 52.831539, -126.636384 52.831389, -126.634396 52.830346, -126.633082 52.829325, -126.632164 52.826904, -126.63153 52.825757, -126.630278 52.824723, -126.628676 52.82397, -126.6272 52.821974, -126.625739 52.81977, -126.624527 52.818343, -126.623422 52.816843, -126.62325 52.81661, -126.62263 52.81573, -126.62207 52.81485, -126.62159 52.81396, -126.62109 52.8131, -126.62046 52.81231, -126.61962 52.8116, -126.61923 52.811388, -126.61861 52.81105, -126.6175 52.81061, -126.61626 52.81023, -126.61493 52.8099, -126.61356 52.80974, -126.61224 52.80966, -126.61105 52.80946, -126.6104 52.80918, -126.60979 52.80858, -126.60963 52.8081, -126.6095 52.80733, -126.60937 52.80682, -126.6092 52.80632, -126.609447 52.805599, -126.609935 52.805012, -126.609956 52.80423, -126.60935 52.80371, -126.60835 52.80284, -126.607397 52.802038, -126.60734 52.80199, -126.60635 52.80118, -126.6057 52.80066, -126.60468 52.79996, -126.60397 52.79954, -126.60283 52.79902, -126.6016 52.79862, -126.60035 52.79826, -126.59915 52.79793, -126.59804 52.79761, -126.59703 52.79727, -126.59609 52.79691, -126.59532 52.79653, -126.59476 52.7961, -126.59428 52.79566, -126.594175 52.795547, -126.59385 52.7952, -126.59351 52.79468, -126.5933 52.79409, -126.59308 52.79343, -126.59258 52.7927, -126.59184 52.792, -126.59082 52.79139, -126.58968 52.79085, -126.58837 52.79045, -126.58696 52.79024, -126.5855 52.79029, -126.58408 52.79051, -126.58272 52.79061, -126.58149 52.79042, -126.5805 52.78992, -126.57971 52.78919, -126.57919 52.78833, -126.57906 52.78736, -126.57938 52.78632, -126.58011 52.78533, -126.58127 52.78455, -126.58286 52.78402, -126.58465 52.78371, -126.58657 52.78359, -126.58853 52.78362, -126.59049 52.78379, -126.59242 52.78414, -126.59425 52.7847, -126.59594 52.78541, -126.59701 52.7859, -126.59807 52.78639, -126.59966 52.78708, -126.60132 52.78769, -126.60306 52.78817, -126.60479 52.78858, -126.60654 52.7889, -126.60829 52.78914, -126.61175 52.78958, -126.61342 52.7899, -126.615 52.79034, -126.61641 52.79095, -126.61761 52.7917, -126.61879 52.79244, -126.62002 52.79312, -126.6212 52.79378, -126.62229 52.79448, -126.6233 52.79515, -126.62423 52.79577, -126.62507 52.79635, -126.62587 52.79693, -126.62685 52.79743, -126.627305 52.797546, -126.62811 52.79775, -126.62958 52.79785, -126.63107 52.79777, -126.63255 52.79765, -126.63407 52.79751, -126.635595 52.797348, -126.63567 52.79734, -126.63736 52.79712, -126.63916 52.79686, -126.64101 52.79654, -126.64282 52.79608, -126.64447 52.7954, -126.64573 52.79448, -126.64661 52.79346, -126.647704 52.792753, -126.64987 52.791876, -126.651438 52.791167, -126.652496 52.790488, -126.653727 52.789788, -126.65506 52.78939, -126.65697 52.7898, -126.657641 52.79033, -126.657093 52.791473, -126.656225 52.792298, -126.656269 52.792966, -126.656894 52.79436, -126.657722 52.795967, -126.658865 52.797702, -126.659649 52.799176, -126.660623 52.800732, -126.660908 52.801979, -126.661369 52.803281, -126.663199 52.805586, -126.66409 52.806576, -126.665409 52.80801, -126.665523 52.808218, -126.666213 52.809477, -126.666837 52.810667, -126.667215 52.811279, -126.667983 52.812519, -126.668152 52.813614, -126.668314 52.814883, -126.668565 52.816742, -126.669378 52.818219, -126.669663 52.818737, -126.671116 52.820039, -126.673329 52.8214, -126.673679 52.821615, -126.675775 52.822354, -126.67726 52.8231, -126.67853 52.8243, -126.67946 52.82553, -126.67987 52.82684, -126.67973 52.82815, -126.67891 52.82937, -126.67749 52.83042, -126.67568 52.83127))"
228,2023-07-29 10:30:57,2023072701,2023,11826.4,Non-corrected airborne GPS,1690441200000,1690604242000,Out of Control,JA70003000,118264211.8433,59978.4867,407,8b97ee59-a590-4ef3-af6d-a96c55bac224,326750742.335938,99756.4754466159,https://wildfiresituation.nrs.gov.bc.ca/incidents?fireYear=2023&incidentNumber=VA1381,"POLYGON ((-125.98655 53.086146, -125.985469 53.085403, -125.984618 53.084549, -125.983991 53.083638, -125.983586 53.082688, -125.983412 53.081732, -125.983502 53.080769, -125.983851 53.079838, -125.984477 53.078968, -125.985341 53.078162, -125.986312 53.077392, -125.987317 53.076637, -125.988361 53.075892, -125.98944 53.075167, -125.990588 53.074472, -125.991826 53.07382, -125.99316 53.073227, -125.99455 53.072655, -125.995959 53.07209, -125.997357 53.071508, -125.998707 53.070878, -125.999991 53.070191, -126.001156 53.069425, -126.002174 53.068589, -126.003032 53.067686, -126.003803 53.066756, -126.004522 53.065808, -126.004878 53.06533, -126.005225 53.064863, -126.005973 53.06395, -126.006843 53.063101, -126.007893 53.062342, -126.009113 53.061683, -126.010441 53.061101, -126.01181 53.060562, -126.013911 53.059821, -126.015305 53.059352, -126.016681 53.058875, -126.01803 53.058381, -126.019339 53.057863, -126.020617 53.057312, -126.02184 53.056717, -126.023004 53.056079, -126.024083 53.055382, -126.025067 53.05462, -126.025934 53.053795, -126.026675 53.052915, -126.027289 53.052, -126.027627 53.051355, -126.027785 53.051054, -126.028143 53.050086, -126.028393 53.049102, -126.02861 53.048113, -126.028925 53.047125, -126.029387 53.046153, -126.030045 53.045232, -126.030925 53.044391, -126.032031 53.043666, -126.033338 53.043079, -126.034794 53.042633, -126.036325 53.042302, -126.037882 53.04204, -126.039445 53.041801, -126.041001 53.041555, -126.042549 53.04128, -126.044075 53.040964, -126.045565 53.040602, -126.047021 53.040195, -126.048459 53.039757, -126.0499 53.039319, -126.051339 53.038877, -126.053484 53.038217, -126.054911 53.037777, -126.056336 53.037335, -126.057749 53.03688, -126.05916 53.036413, -126.060561 53.035926, -126.061955 53.03543, -126.063351 53.034938, -126.064737 53.034448, -126.066125 53.033964, -126.067513 53.033481, -126.06888 53.032985, -126.070872 53.032199, -126.072156 53.031636, -126.073413 53.031053, -126.074645 53.030443, -126.075851 53.02981, -126.077032 53.029154, -126.07819 53.028477, -126.079332 53.027791, -126.080431 53.027081, -126.081495 53.026349, -126.082512 53.025598, -126.083482 53.024826, -126.084416 53.024042, -126.085346 53.023258, -126.086267 53.022478, -126.08719 53.021697, -126.088143 53.020926, -126.08913 53.020166, -126.090178 53.019431, -126.091303 53.018742, -126.092502 53.018101, -126.093764 53.017502, -126.095088 53.016961, -126.096479 53.016491, -126.097928 53.016103, -126.099438 53.015826, -126.100994 53.015673, -126.102569 53.015633, -126.104142 53.0157, -126.105696 53.015881, -126.107221 53.016154, -126.108693 53.016508, -126.110135 53.016917, -126.110488 53.017017, -126.111579 53.017328, -126.113036 53.017722, -126.114517 53.018085, -126.116017 53.018411, -126.118268 53.018859, -126.119773 53.01912, -126.121286 53.019343, -126.122819 53.019494, -126.124363 53.019567, -126.125914 53.01956, -126.127472 53.019519, -126.129036 53.019444, -126.130594 53.019325, -126.132142 53.019175, -126.133701 53.019037, -126.135264 53.018917, -126.136829 53.018818, -126.138411 53.018725, -126.14081 53.018624, -126.14242 53.018595, -126.144027 53.018602, -126.145634 53.018641, -126.147243 53.018699, -126.14885 53.018761, -126.150469 53.018813, -126.1521 53.018873, -126.154568 53.018945, -126.156217 53.018971, -126.157866 53.018976, -126.159513 53.018969, -126.161149 53.018924, -126.162763 53.018837, -126.164347 53.018714, -126.165902 53.018599, -126.167451 53.01855, -126.168997 53.018597, -126.170531 53.018715, -126.172057 53.0189, -126.173569 53.019141, -126.175081 53.019401, -126.176593 53.019663, -126.178093 53.01993, -126.179584 53.020215, -126.181075 53.020519, -126.182569 53.020836, -126.184061 53.021171, -126.185548 53.02152, -126.187022 53.021888, -126.188477 53.022277, -126.189383 53.02253, -126.189927 53.022681, -126.191385 53.023085, -126.19285 53.023502, -126.194302 53.023951, -126.195761 53.024416, -126.197224 53.024882, -126.198704 53.025335, -126.2002 53.025773, -126.201711 53.026188, -126.203251 53.026583, -126.204809 53.026963, -126.20638 53.027333, -126.20795 53.027705, -126.209521 53.028077, -126.211917 53.028615, -126.213539 53.028944, -126.215178 53.029261, -126.216834 53.02956, -126.218498 53.029818, -126.22016 53.030054, -126.221814 53.030291, -126.223486 53.030517, -126.225152 53.030712, -126.226821 53.030872, -126.228476 53.030963, -126.2301 53.031002, -126.231686 53.031025, -126.233241 53.031134, -126.234741 53.031393, -126.236191 53.031741, -126.237599 53.032151, -126.23895 53.03261, -126.240249 53.033107, -126.241493 53.033629, -126.242686 53.034175, -126.243793 53.034768, -126.244791 53.035427, -126.24606 53.036518, -126.24678 53.037304, -126.247455 53.038107, -126.248134 53.03893, -126.248802 53.039758, -126.249492 53.040577, -126.250213 53.041379, -126.250918 53.042174, -126.251618 53.042975, -126.252325 53.043767, -126.253039 53.044531, -126.253056 53.044549, -126.253916 53.045281, -126.254967 53.045907, -126.256207 53.046379, -126.257616 53.046624, -126.2591 53.046634, -126.260578 53.046457, -126.262016 53.046133, -126.263436 53.045779, -126.264869 53.045454, -126.266304 53.045149, -126.267744 53.04487, -126.26919 53.044606, -126.270627 53.044372, -126.27206 53.044188, -126.273492 53.044043, -126.274898 53.043916, -126.276295 53.043798, -126.27768 53.043697, -126.279048 53.043616, -126.280383 53.043539, -126.281691 53.043443, -126.282962 53.043311, -126.284179 53.043138, -126.285326 53.042886, -126.286853 53.042269, -126.287728 53.041733, -126.288526 53.041156, -126.289313 53.040567, -126.289363 53.04053, -126.289488 53.040492, -126.289519 53.040414, -126.290109 53.039975, -126.290906 53.039384, -126.291719 53.038792, -126.292558 53.038204, -126.293404 53.037616, -126.294253 53.037033, -126.295098 53.036449, -126.295937 53.035865, -126.296775 53.035284, -126.2976 53.034704, -126.298405 53.034133, -126.299063 53.033695, -126.299225 53.033587, -126.3001 53.033077, -126.301432 53.032352, -126.302294 53.031865, -126.303137 53.031366, -126.303985 53.030865, -126.304817 53.030355, -126.305604 53.029825, -126.306362 53.029282, -126.307104 53.028751, -126.307834 53.028245, -126.308532 53.027768, -126.309518 53.027107, -126.310222 53.026732, -126.311002 53.026452, -126.31187 53.026278, -126.312815 53.026205, -126.313813 53.026243, -126.314848 53.026375, -126.315899 53.02655, -126.316929 53.026766, -126.317921 53.027002, -126.318863 53.027267, -126.319748 53.0276, -126.320571 53.027991, -126.321342 53.028427, -126.322087 53.028873, -126.322839 53.02931, -126.323587 53.029753, -126.324331 53.030204, -126.325075 53.030641, -126.325837 53.031061, -126.32663 53.031456, -126.32748 53.031811, -126.328361 53.032137, -126.32923 53.032443, -126.330031 53.03275, -126.331014 53.033243, -126.331576 53.033546, -126.33217 53.033693, -126.332766 53.033611, -126.333274 53.03341, -126.333782 53.033228, -126.33467 53.033096, -126.335351 53.033079, -126.336082 53.033082, -126.33684 53.033056, -126.337579 53.032968, -126.338246 53.032772, -126.339121 53.03237, -126.33983 53.032203, -126.340659 53.03221, -126.341535 53.032321, -126.342455 53.032431, -126.343419 53.032467, -126.344403 53.0324, -126.345414 53.032269, -126.346458 53.032157, -126.347535 53.032143, -126.348621 53.032247, -126.35026 53.032438, -126.351348 53.032568, -126.352413 53.032727, -126.353422 53.032963, -126.354328 53.0333, -126.354599 53.033449, -126.355118 53.033735, -126.355842 53.034224, -126.35633 53.034557, -126.356572 53.034723, -126.357331 53.035217, -126.358494 53.035955, -126.35928 53.036448, -126.360077 53.036935, -126.360283 53.037058, -126.360585 53.037589, -126.360824 53.038482, -126.360837 53.039386, -126.360619 53.040269, -126.360187 53.04111, -126.35968 53.041684, -126.3595 53.041887, -126.358523 53.042561, -126.35726 53.043093, -126.355877 53.043527, -126.354461 53.043944, -126.353086 53.044402, -126.351799 53.044926, -126.350663 53.04552, -126.349591 53.046126, -126.348492 53.046699, -126.347355 53.047244, -126.346228 53.047796, -126.345571 53.048152, -126.345161 53.048374, -126.34414 53.048969, -126.343159 53.04958, -126.342237 53.050214, -126.341395 53.050884, -126.340599 53.051567, -126.339811 53.052249, -126.338984 53.052909, -126.338075 53.053534, -126.337085 53.054129, -126.336051 53.054699, -126.334951 53.055221, -126.333747 53.055679, -126.332431 53.056058, -126.331071 53.056387, -126.32969 53.056704, -126.327605 53.057189, -126.325525 53.057741, -126.324449 53.058035, -126.323438 53.058312, -126.322035 53.058697, -126.320621 53.059092, -126.319209 53.059503, -126.317115 53.060148, -126.31572 53.060583, -126.314352 53.061048, -126.312995 53.061531, -126.311626 53.062005, -126.310237 53.062461, -126.308837 53.062892, -126.307394 53.063302, -126.305921 53.063682, -126.304417 53.064031, -126.302892 53.064353, -126.301353 53.064655, -126.299826 53.064952, -126.29831 53.06525, -126.296812 53.065536, -126.295321 53.065814, -126.29383 53.066067, -126.292317 53.06627, -126.290796 53.066436, -126.289263 53.066594, -126.287726 53.066763, -126.286188 53.066954, -126.284653 53.067179, -126.283133 53.067445, -126.281611 53.067723, -126.281324 53.067778, -126.280098 53.068015, -126.278607 53.068334, -126.277126 53.068657, -126.275629 53.06895, -126.274121 53.069215, -126.2726 53.069447, -126.271073 53.069661, -126.269546 53.069853, -126.268017 53.070007, -126.266496 53.070108, -126.264986 53.070129, -126.263501 53.070047, -126.262037 53.069871, -126.260605 53.069618, -126.259195 53.069311, -126.257802 53.068975, -126.256422 53.068629, -126.255038 53.068289, -126.254751 53.068223, -126.253651 53.067968, -126.252259 53.067658, -126.250849 53.067379, -126.24942 53.067164, -126.247976 53.067022, -126.246533 53.066937, -126.245078 53.066903, -126.24362 53.066889, -126.242124 53.066825, -126.2406 53.066713, -126.239051 53.066602, -126.237484 53.066512, -126.235094 53.066458, -126.232667 53.066526, -126.230227 53.066679, -126.227817 53.066912, -126.226231 53.067099, -126.224679 53.067336, -126.222413 53.067797, -126.220935 53.068164, -126.219531 53.06863, -126.218257 53.069222, -126.21714 53.069932, -126.216162 53.070723, -126.215298 53.071554, -126.214548 53.07241, -126.213881 53.073273, -126.213208 53.074118, -126.212446 53.074928, -126.211544 53.075673, -126.210443 53.076312, -126.209157 53.076814, -126.207768 53.077225, -126.206321 53.077581, -126.204836 53.077899, -126.203318 53.078189, -126.201772 53.078454, -126.200209 53.078675, -126.198636 53.078818, -126.197064 53.078876, -126.196422 53.078857, -126.195482 53.078828, -126.193925 53.078662, -126.192424 53.078369, -126.19098 53.077966, -126.189575 53.077507, -126.188177 53.077038, -126.186782 53.076568, -126.185406 53.076085, -126.184055 53.075584, -126.182718 53.075076, -126.181394 53.074558, -126.180063 53.074031, -126.178702 53.07352, -126.177279 53.073055, -126.175778 53.072672, -126.174223 53.072384, -126.172625 53.072216, -126.171006 53.072191, -126.169406 53.072325, -126.167867 53.072633, -126.166436 53.073108, -126.165136 53.073718, -126.163934 53.074398, -126.162795 53.075105, -126.161739 53.07585, -126.160764 53.076624, -126.159784 53.077388, -126.158749 53.078122, -126.157614 53.078797, -126.156379 53.07941, -126.155089 53.079972, -126.153731 53.080476, -126.152353 53.080956, -126.15029 53.081676, -126.148927 53.082156, -126.14686 53.08285, -126.144724 53.08348, -126.14325 53.083853, -126.141734 53.084162, -126.139389 53.084476, -126.137781 53.084582, -126.136157 53.084626, -126.134533 53.084619, -126.132917 53.084559, -126.131302 53.084489, -126.129684 53.084435, -126.128059 53.084394, -126.126435 53.084367, -126.124805 53.084335, -126.123167 53.08427, -126.121523 53.084196, -126.119862 53.084109, -126.118192 53.084029, -126.116522 53.083959, -126.114854 53.083894, -126.113179 53.083811, -126.111486 53.083715, -126.109785 53.083638, -126.108081 53.083578, -126.106364 53.083524, -126.103786 53.083456, -126.102074 53.083423, -126.100379 53.083403, -126.098705 53.083399, -126.097048 53.083407, -126.095412 53.083425, -126.093785 53.083451, -126.092163 53.083483, -126.090539 53.083513, -126.088915 53.083504, -126.087291 53.08345, -126.085672 53.083385, -126.084054 53.083334, -126.081623 53.083299, -126.080006 53.083309, -126.078377 53.08335, -126.076743 53.083455, -126.075126 53.083614, -126.072741 53.083941, -126.070371 53.084355, -126.068811 53.084669, -126.067263 53.085026, -126.065725 53.085424, -126.064302 53.08582, -126.064203 53.085847, -126.062688 53.08628, -126.061164 53.086714, -126.059638 53.087153, -126.058115 53.087596, -126.056621 53.08805, -126.055153 53.088509, -126.053689 53.088968, -126.051507 53.089639, -126.050048 53.090089, -126.048597 53.090541, -126.047136 53.090989, -126.04566 53.091424, -126.044173 53.091858, -126.04267 53.092297, -126.041163 53.092742, -126.038912 53.093407, -126.037402 53.09384, -126.035871 53.094243, -126.034323 53.094608, -126.032747 53.09491, -126.031141 53.095152, -126.029521 53.095356, -126.027898 53.095534, -126.026266 53.095682, -126.024626 53.09579, -126.022981 53.095864, -126.021342 53.095907, -126.019717 53.095886, -126.018109 53.095789, -126.016529 53.095596, -126.014974 53.095308, -126.013445 53.094957, -126.011947 53.094551, -126.01045 53.094123, -126.008962 53.093668, -126.007483 53.093212, -126.006002 53.092756, -126.003811 53.09206, -126.002999 53.09179, -126.002367 53.09158, -126.000914 53.091104, -125.999455 53.090629, -125.997988 53.090154, -125.99653 53.089679, -125.995064 53.089214, -125.993591 53.088756, -125.992104 53.088301, -125.990618 53.087834, -125.989172 53.087334, -125.987805 53.086778, -125.98655 53.086146))"
229,2023-07-29 10:30:57,2023072102,2023,4616.4,Non-corrected airborne GPS,1689922800000,1690045943000,Out of Control,JA70003000,46164075.9213,40404.1877,408,f7dc324d-9d28-41ed-b105-248a46e30e9b,123261342.734375,66019.6266860555,https://wildfiresituation.nrs.gov.bc.ca/incidents?fireYear=2023&incidentNumber=VA1456,"POLYGON ((-125.609288 52.351162, -125.610122 52.350141, -125.611105 52.349201, -125.612249 52.348319, -125.61311 52.347316, -125.613669 52.346185, -125.61415 52.344975, -125.614559 52.343739, -125.615013 52.342531, -125.615432 52.341322, -125.615821 52.340096, -125.616297 52.338887, -125.616997 52.337681, -125.618074 52.33649, -125.619309 52.335301, -125.620604 52.334079, -125.621785 52.332779, -125.622642 52.331358, -125.623085 52.329936, -125.623364 52.328519, -125.623938 52.327142, -125.624973 52.325849, -125.626373 52.3247, -125.627949 52.323587, -125.629239 52.322377, -125.630119 52.321076, -125.630622 52.319732, -125.631001 52.318373, -125.631326 52.317025, -125.631617 52.3157, -125.631914 52.314392, -125.632288 52.313143, -125.632986 52.311942, -125.634133 52.310868, -125.635692 52.309937, -125.637434 52.309108, -125.639207 52.308295, -125.640939 52.307487, -125.642692 52.306711, -125.644556 52.306028, -125.646467 52.305386, -125.648334 52.304753, -125.650193 52.304108, -125.6514 52.303681, -125.653216 52.30303, -125.655002 52.302387, -125.65619 52.301949, -125.657982 52.301283, -125.659137 52.300834, -125.660811 52.300162, -125.662459 52.299495, -125.664049 52.298799, -125.665641 52.298085, -125.667192 52.297368, -125.668776 52.296655, -125.670318 52.295905, -125.671806 52.295118, -125.67322 52.294278, -125.674577 52.293418, -125.675907 52.292561, -125.677283 52.291689, -125.678663 52.290798, -125.680006 52.289831, -125.68121 52.288747, -125.68229 52.287565, -125.683115 52.286296, -125.683655 52.284954, -125.684003 52.283596, -125.684082 52.282229, -125.684099 52.280899, -125.684395 52.279588, -125.685102 52.278307, -125.685988 52.277052, -125.686796 52.275749, -125.687346 52.274387, -125.68772 52.273007, -125.688101 52.271678, -125.688524 52.270406, -125.688888 52.269169, -125.689115 52.267953, -125.68924 52.266745, -125.689323 52.265563, -125.689438 52.26443, -125.689687 52.263342, -125.69008 52.262306, -125.690496 52.261315, -125.690879 52.260351, -125.69125 52.259401, -125.691625 52.258513, -125.692123 52.257708, -125.692766 52.256971, -125.693557 52.256314, -125.694522 52.255739, -125.695604 52.255204, -125.696708 52.254663, -125.697844 52.254064, -125.698993 52.253513, -125.700154 52.253023, -125.701344 52.252597, -125.702628 52.252261, -125.704004 52.252123, -125.705419 52.252171, -125.70693 52.252384, -125.70843 52.252713, -125.709908 52.253189, -125.711321 52.253803, -125.712659 52.254513, -125.713958 52.255261, -125.715264 52.256022, -125.716576 52.2568, -125.71787 52.257627, -125.719098 52.258493, -125.720275 52.259382, -125.721389 52.260329, -125.722439 52.261276, -125.723475 52.262255, -125.724551 52.263212, -125.725674 52.264193, -125.72687 52.265213, -125.728085 52.266217, -125.72936 52.267248, -125.730755 52.268239, -125.732249 52.269155, -125.733809 52.269995, -125.735401 52.270775, -125.736952 52.271566, -125.738471 52.272366, -125.740016 52.27311, -125.741533 52.273826, -125.74299 52.274596, -125.744352 52.275417, -125.745482 52.276363, -125.746391 52.277404, -125.74714 52.278515, -125.747843 52.279652, -125.748521 52.280813, -125.749249 52.281969, -125.749983 52.283133, -125.750657 52.284332, -125.751133 52.285581, -125.751394 52.286873, -125.751512 52.288183, -125.751496 52.289503, -125.751398 52.290807, -125.751277 52.292093, -125.751128 52.293337, -125.750977 52.294556, -125.750854 52.295756, -125.750768 52.296933, -125.750739 52.298096, -125.750716 52.299209, -125.750696 52.300308, -125.750234 52.301369, -125.749311 52.302374, -125.748041 52.303282, -125.746423 52.304037, -125.744592 52.304634, -125.742638 52.305138, -125.740613 52.305547, -125.738677 52.306079, -125.736888 52.306768, -125.735159 52.30751, -125.733447 52.308279, -125.731767 52.309074, -125.730131 52.309895, -125.72855 52.310734, -125.727102 52.311566, -125.725935 52.312419, -125.725128 52.313314, -125.724677 52.314199, -125.724726 52.315092, -125.72519 52.315976, -125.72583 52.316883, -125.726346 52.317903, -125.726481 52.318966, -125.726088 52.320043, -125.725119 52.321081, -125.723908 52.322113, -125.722768 52.323217, -125.721806 52.324372, -125.721343 52.325628, -125.721331 52.326903, -125.721576 52.328146, -125.721931 52.329358, -125.722283 52.330557, -125.722625 52.331741, -125.722914 52.332884, -125.723107 52.333965, -125.722883 52.334977, -125.722074 52.335869, -125.721371 52.336433, -125.720166 52.337237, -125.71883 52.337993, -125.717313 52.33865, -125.715595 52.339195, -125.713779 52.339614, -125.711845 52.339886, -125.709891 52.340129, -125.707976 52.340354, -125.70613 52.340621, -125.704406 52.340917, -125.702791 52.341258, -125.70134 52.341518, -125.699907 52.341446, -125.698539 52.340946, -125.697599 52.340104, -125.697086 52.339065, -125.696757 52.337964, -125.69644 52.336859, -125.696242 52.335742, -125.696227 52.334625, -125.696367 52.333486, -125.696693 52.332338, -125.69713 52.331228, -125.697771 52.330204, -125.698714 52.329291, -125.699902 52.328487, -125.701025 52.32768, -125.701867 52.326773, -125.702257 52.325711, -125.702147 52.324619, -125.701596 52.32357, -125.701018 52.322548, -125.70058 52.321535, -125.700165 52.320554, -125.699271 52.319795, -125.697987 52.31944, -125.696601 52.319476, -125.695344 52.319872, -125.694284 52.320505, -125.693051 52.321033, -125.691565 52.3212, -125.690027 52.321041, -125.68855 52.32078, -125.687123 52.320564, -125.685769 52.320537, -125.684546 52.320749, -125.683616 52.321284, -125.683105 52.322131, -125.68297 52.323173, -125.682885 52.324312, -125.682666 52.325468, -125.682327 52.326605, -125.681667 52.327658, -125.680762 52.328652, -125.679818 52.329533, -125.678728 52.330324, -125.677611 52.330882, -125.676417 52.331065, -125.675316 52.330762, -125.674544 52.330103, -125.67402 52.329322, -125.673489 52.328504, -125.672963 52.327614, -125.672314 52.326668, -125.671534 52.325773, -125.670528 52.324974, -125.669306 52.324405, -125.667885 52.324078, -125.666413 52.324052, -125.665032 52.32435, -125.663881 52.324915, -125.662882 52.325589, -125.66184 52.326235, -125.660667 52.326798, -125.659369 52.327272, -125.658033 52.327658, -125.656931 52.328191, -125.656223 52.328928, -125.655799 52.329752, -125.655431 52.330546, -125.655057 52.331277, -125.654702 52.331925, -125.654415 52.332522, -125.653694 52.332861, -125.65266 52.333064, -125.651755 52.333467, -125.651333 52.334164, -125.65118 52.334953, -125.650864 52.335726, -125.650348 52.336423, -125.649733 52.337024, -125.648824 52.337427, -125.647755 52.337721, -125.646875 52.338219, -125.646259 52.338896, -125.645576 52.339574, -125.644762 52.340183, -125.643948 52.340785, -125.643246 52.341411, -125.642608 52.342033, -125.641732 52.342507, -125.640739 52.34292, -125.639675 52.343338, -125.638583 52.343804, -125.637633 52.344375, -125.636962 52.345096, -125.636416 52.345844, -125.635827 52.34654, -125.635092 52.34713, -125.634107 52.347519, -125.632924 52.347705, -125.631758 52.347893, -125.630808 52.348288, -125.630124 52.348893, -125.629563 52.349543, -125.628881 52.350098, -125.628121 52.350579, -125.627745 52.351186, -125.627841 52.351901, -125.627984 52.352648, -125.627739 52.353406, -125.627102 52.354039, -125.626001 52.354423, -125.624659 52.354473, -125.62326 52.354347, -125.621818 52.35435, -125.620468 52.354685, -125.619237 52.355241, -125.618032 52.355803, -125.616759 52.356332, -125.61526 52.356636, -125.613638 52.356749, -125.612021 52.35687, -125.610483 52.35708, -125.609006 52.357349, -125.607475 52.357586, -125.606543 52.35789, -125.605767 52.358018, -125.60437 52.358186, -125.603171 52.358015, -125.602371 52.357486, -125.602372 52.356685, -125.603229 52.355819, -125.604464 52.354991, -125.60583 52.35413, -125.607112 52.353195, -125.60828 52.352192, -125.608624 52.351841, -125.609288 52.351162))"
230,2023-07-29 10:30:57,2023072201,2023,1260.2,Non-corrected airborne GPS,1690009200000,1690087922000,Out of Control,JA70003000,12601866.8948,18226.7194,409,2cdfd2ce-2250-4b15-9302-e45d18b2af81,33306996.640625,29624.0173870252,https://wildfiresituation.nrs.gov.bc.ca/incidents?fireYear=2023&incidentNumber=VA1462,"POLYGON ((-125.71666 52.112713, -125.715857 52.113602, -125.714695 52.114349, -125.71293 52.114682, -125.710959 52.114456, -125.709111 52.11367, -125.707541 52.112509, -125.706186 52.111189, -125.704897 52.109867, -125.703797 52.10851, -125.702873 52.107128, -125.702382 52.105646, -125.702317 52.104172, -125.702529 52.102774, -125.702868 52.101389, -125.703259 52.100023, -125.703664 52.09863, -125.703989 52.09722, -125.704231 52.095812, -125.704402 52.094395, -125.704557 52.092975, -125.704812 52.091672, -125.704821 52.090303, -125.704501 52.089028, -125.703751 52.087909, -125.702591 52.086984, -125.701483 52.086076, -125.700636 52.085051, -125.700086 52.083891, -125.699945 52.082611, -125.700067 52.08127, -125.700218 52.079898, -125.700426 52.078514, -125.700679 52.077127, -125.701069 52.075749, -125.701693 52.074398, -125.702509 52.073051, -125.703406 52.071706, -125.704321 52.07035, -125.705225 52.068992, -125.706132 52.067646, -125.707038 52.066309, -125.707937 52.064994, -125.708824 52.063704, -125.709649 52.062434, -125.710423 52.061163, -125.711161 52.059892, -125.711839 52.058625, -125.712332 52.057059, -125.712926 52.055749, -125.713683 52.054529, -125.714702 52.053455, -125.716088 52.052587, -125.717746 52.051894, -125.719595 52.051357, -125.721542 52.050975, -125.723564 52.050661, -125.72561 52.05033, -125.72762 52.049943, -125.729626 52.049508, -125.731645 52.049029, -125.733653 52.048657, -125.735553 52.048233, -125.737474 52.047756, -125.739315 52.047393, -125.741022 52.047226, -125.742526 52.047371, -125.743825 52.047906, -125.744992 52.048533, -125.745989 52.049227, -125.746778 52.049942, -125.747288 52.050699, -125.747391 52.051562, -125.747048 52.052414, -125.746492 52.053266, -125.745776 52.054144, -125.744843 52.055043, -125.743929 52.055998, -125.743408 52.057017, -125.743443 52.058021, -125.743977 52.058928, -125.744761 52.059676, -125.745579 52.06034, -125.746018 52.061035, -125.745945 52.061709, -125.745587 52.062354, -125.745187 52.062965, -125.744717 52.063569, -125.74427 52.06417, -125.743827 52.064707, -125.743417 52.065238, -125.74294 52.065739, -125.742291 52.066115, -125.741414 52.066312, -125.740313 52.066379, -125.73911 52.06641, -125.737919 52.066604, -125.736971 52.067069, -125.73631 52.06774, -125.735782 52.068445, -125.73516 52.069162, -125.734412 52.069826, -125.733747 52.070507, -125.733275 52.071217, -125.732938 52.0719, -125.732634 52.072509, -125.732362 52.073076, -125.732198 52.073582, -125.732137 52.074027, -125.73227 52.074424, -125.732457 52.074769, -125.732597 52.075103, -125.732737 52.075452, -125.732819 52.075806, -125.73288 52.076152, -125.732899 52.076477, -125.732891 52.076817, -125.73287 52.077164, -125.732822 52.077527, -125.732757 52.07788, -125.732705 52.07822, -125.732641 52.078494, -125.732574 52.078748, -125.732486 52.078983, -125.732379 52.079211, -125.73228 52.079441, -125.732168 52.079677, -125.732069 52.079928, -125.732017 52.08018, -125.731948 52.080457, -125.731826 52.080763, -125.731674 52.081099, -125.731554 52.081343, -125.731364 52.081705, -125.731184 52.082059, -125.731026 52.082411, -125.730884 52.082762, -125.730709 52.083117, -125.730497 52.083477, -125.730269 52.083799, -125.730055 52.084098, -125.729901 52.084384, -125.729736 52.08468, -125.729516 52.085, -125.729288 52.085353, -125.729034 52.085698, -125.728742 52.086076, -125.728384 52.086458, -125.727971 52.086876, -125.727404 52.087327, -125.726638 52.087797, -125.725688 52.088298, -125.724646 52.088838, -125.723492 52.089333, -125.722444 52.089935, -125.721477 52.090573, -125.720696 52.091331, -125.720224 52.092183, -125.720012 52.093106, -125.719942 52.094071, -125.719996 52.095064, -125.720132 52.096098, -125.720343 52.097143, -125.720711 52.098189, -125.721147 52.099283, -125.721518 52.100412, -125.721914 52.101493, -125.722496 52.102496, -125.723284 52.103423, -125.723836 52.104343, -125.723761 52.105329, -125.723235 52.106312, -125.722418 52.107247, -125.721436 52.108169, -125.720429 52.10912, -125.719875 52.109775, -125.71666 52.112713))"
231,2023-07-29 10:30:57,2023072601,2023,661.7,Non-corrected airborne GPS,1690354800000,1690481936000,Out of Control,JA70003000,6616501.8594,12329.057,410,53b71801-9b2c-4d60-9457-5fd2b86c14f4,17989098.9375,20333.77684447,https://wildfiresituation.nrs.gov.bc.ca/incidents?fireYear=2023&incidentNumber=VA1638,"POLYGON ((-126.49066 52.69225, -126.49225 52.69307, -126.49374 52.69394, -126.49519 52.69485, -126.49661 52.69576, -126.49794 52.69672, -126.49902 52.69772, -126.5 52.69872, -126.50096 52.69968, -126.50179 52.70062, -126.5024 52.70157, -126.50277 52.70253, -126.503 52.70345, -126.50313 52.70434, -126.50307 52.70518, -126.50273 52.70595, -126.50221 52.70663, -126.50148 52.70717, -126.5006 52.70755, -126.49964 52.70781, -126.49871 52.70802, -126.49784 52.7082, -126.49715 52.70855, -126.49672 52.70898, -126.49616 52.70928, -126.49533 52.70942, -126.49439 52.70953, -126.49376 52.70963, -126.49282 52.70976, -126.49213 52.70979, -126.49102 52.70971, -126.48987 52.70956, -126.48872 52.7095, -126.4876 52.70966, -126.48663 52.70998, -126.48581 52.71045, -126.48481 52.71145, -126.48429 52.7118, -126.48368 52.71209, -126.48314 52.71244, -126.48272 52.71284, -126.48235 52.71324, -126.48189 52.71357, -126.48123 52.71382, -126.48055 52.71408, -126.48001 52.71446, -126.47953 52.71484, -126.47899 52.71518, -126.47836 52.71549, -126.47763 52.71576, -126.47676 52.71592, -126.47581 52.7159, -126.47484 52.71571, -126.47395 52.71535, -126.4732 52.71485, -126.47255 52.71439, -126.47202 52.71403, -126.4715 52.71379, -126.47086 52.71368, -126.4701 52.71378, -126.4693 52.71411, -126.46851 52.71457, -126.46768 52.71506, -126.46678 52.71546, -126.46575 52.71571, -126.46461 52.71578, -126.464145 52.71578, -126.46117 52.71578, -126.460457 52.715751, -126.45968 52.71572, -126.45813 52.71555, -126.4566 52.71522, -126.45527 52.71467, -126.4546 52.71416, -126.454671 52.713071, -126.455302 52.711952, -126.455834 52.709512, -126.456173 52.707823, -126.455173 52.706737, -126.453805 52.706472, -126.451251 52.706264, -126.449547 52.707055, -126.448236 52.707302, -126.446978 52.707441, -126.446116 52.70735, -126.44539 52.70709, -126.44451 52.70677, -126.44342 52.7067, -126.44226 52.70694, -126.441405 52.707123, -126.440519 52.707228, -126.440135 52.707189, -126.43957 52.70703, -126.43877 52.70653, -126.43839 52.70581, -126.43838 52.70503, -126.43858 52.70425, -126.4389 52.70354, -126.43936 52.70295, -126.44005 52.70255, -126.44087 52.70235, -126.44173 52.70228, -126.44258 52.70238, -126.44341 52.70263, -126.44428 52.70292, -126.44528 52.70321, -126.44651 52.70322, -126.44785 52.70296, -126.44927 52.70263, -126.45082 52.70232, -126.45246 52.70206, -126.45422 52.70183, -126.45611 52.70164, -126.458144 52.70198, -126.460043 52.702191, -126.46162 52.701801, -126.46347 52.70044, -126.46518 52.69958, -126.46667 52.69851, -126.46812 52.69738, -126.46953 52.69627, -126.47095 52.69518, -126.4724 52.69417, -126.47392 52.69327, -126.47556 52.69251, -126.47727 52.69188, -126.4791 52.69139, -126.48105 52.69102, -126.48308 52.69079, -126.48514 52.69075, -126.48714 52.69094, -126.48899 52.6915, -126.49066 52.69225))"
232,2023-07-29 10:30:57,2023072701,2023,55.2,Non-corrected airborne GPS,1690441200000,1690601737000,Being Held,JA70003000,552499.1134,2911.4118,411,c13962a2-ac22-46cb-873a-bd2d139534b5,1533640.15625,4848.79180890042,https://wildfiresituation.nrs.gov.bc.ca/incidents?fireYear=2023&incidentNumber=VA1664,"POLYGON ((-127.076266 53.158691, -127.075647 53.158656, -127.074896 53.158751, -127.074136 53.159021, -127.073445 53.159353, -127.07286 53.159648, -127.072336 53.159873, -127.071773 53.160019, -127.071135 53.160083, -127.07042 53.160032, -127.069639 53.15986, -127.068869 53.159489, -127.068228 53.158909, -127.067838 53.1582, -127.067737 53.157669, -127.067761 53.157102, -127.067836 53.156502, -127.067882 53.155874, -127.068234 53.154246, -127.068583 53.153127, -127.069172 53.152089, -127.069949 53.151211, -127.070857 53.150579, -127.071933 53.150313, -127.073042 53.150397, -127.074046 53.150625, -127.074915 53.150905, -127.0751 53.150993, -127.075599 53.151231, -127.076081 53.151604, -127.076385 53.152067, -127.076624 53.152557, -127.076968 53.153024, -127.077387 53.153445, -127.077745 53.153839, -127.077912 53.15418, -127.077942 53.154241, -127.07781 53.154645, -127.077574 53.154861, -127.077438 53.154985, -127.077057 53.155317, -127.07683 53.155702, -127.076735 53.15609, -127.076706 53.156461, -127.076727 53.156827, -127.076801 53.157182, -127.076927 53.157553, -127.077006 53.157704, -127.077105 53.157895, -127.077245 53.158204, -127.077241 53.158474, -127.077053 53.158663, -127.076709 53.158724, -127.076266 53.158691))"
233,2023-07-29 10:30:57,2023072201,2023,3359.2,Non-corrected airborne GPS,1690009200000,1690082453000,Fire of Note,JA70003000,33592447.9641,44103.0056,412,29c553de-e4b9-4d49-a1bd-05aa73e0d9ce,90528204.1953125,72414.1255733709,https://wildfiresituation.nrs.gov.bc.ca/incidents?fireYear=2023&incidentNumber=VA1735,"POLYGON ((-125.85371 52.488594, -125.854027 52.487578, -125.854619 52.486636, -125.855067 52.48569, -125.855668 52.484981, -125.856635 52.484767, -125.857624 52.484575, -125.858269 52.484311, -125.858827 52.483924, -125.859268 52.483442, -125.859773 52.483002, -125.860431 52.482823, -125.861089 52.482894, -125.861607 52.483199, -125.862599 52.483551, -125.86353 52.48404, -125.863841 52.484696, -125.864349 52.48537, -125.865448 52.485811, -125.866351 52.486452, -125.867258 52.487066, -125.868545 52.487203, -125.869824 52.486935, -125.871097 52.487078, -125.8722 52.487569, -125.873055 52.488174, -125.874012 52.488656, -125.874744 52.4891, -125.875625 52.489165, -125.87678 52.489111, -125.878135 52.48929, -125.879548 52.489619, -125.880954 52.490035, -125.88225 52.490533, -125.883293 52.491191, -125.88438 52.491837, -125.885655 52.492243, -125.886812 52.492539, -125.887589 52.493073, -125.88797 52.493789, -125.888287 52.494401, -125.889161 52.494737, -125.890286 52.49514, -125.891282 52.49581, -125.892282 52.4965, -125.89345 52.497065, -125.894735 52.497599, -125.896117 52.498056, -125.897496 52.498425, -125.898756 52.498751, -125.899287 52.499176, -125.899183 52.499489, -125.898807 52.49995, -125.89837 52.500363, -125.89801 52.500787, -125.897724 52.501063, -125.897338 52.501283, -125.896654 52.501487, -125.896215 52.501847, -125.896487 52.502344, -125.897365 52.502491, -125.898352 52.502249, -125.899282 52.501851, -125.900072 52.501438, -125.900946 52.501491, -125.901939 52.501661, -125.903113 52.501613, -125.904334 52.501451, -125.905463 52.501531, -125.906321 52.501956, -125.907203 52.50245, -125.908288 52.502898, -125.909524 52.503048, -125.910695 52.503154, -125.911775 52.503421, -125.912485 52.503765, -125.912704 52.504215, -125.91313 52.504664, -125.913443 52.505227, -125.913361 52.50585, -125.91298 52.506448, -125.912373 52.50693, -125.911733 52.50727, -125.911497 52.50763, -125.911175 52.50794, -125.910517 52.508031, -125.910018 52.508311, -125.909849 52.508822, -125.909828 52.509413, -125.910007 52.509927, -125.910438 52.510288, -125.910833 52.510717, -125.91129 52.511176, -125.911964 52.511527, -125.91248 52.511624, -125.913238 52.511727, -125.913918 52.512015, -125.914405 52.512521, -125.91459 52.513163, -125.914561 52.513837, -125.914449 52.514489, -125.914345 52.51508, -125.914258 52.515609, -125.914249 52.51614, -125.914162 52.516678, -125.913924 52.5172, -125.913447 52.517507, -125.912872 52.517566, -125.912324 52.517773, -125.911954 52.518309, -125.911963 52.519039, -125.911849 52.519797, -125.911957 52.520577, -125.912609 52.521339, -125.913385 52.522182, -125.913751 52.523124, -125.913353 52.523941, -125.912451 52.524489, -125.911719 52.525123, -125.911418 52.525939, -125.911391 52.526829, -125.911234 52.527577, -125.910547 52.527835, -125.909866 52.527526, -125.909189 52.526985, -125.908174 52.526889, -125.90757 52.527341, -125.906957 52.527834, -125.906169 52.528263, -125.905386 52.528695, -125.904951 52.529138, -125.905212 52.52953, -125.905853 52.529722, -125.906235 52.530077, -125.905885 52.530568, -125.905221 52.53109, -125.905008 52.531716, -125.90521 52.532376, -125.905692 52.532917, -125.90648 52.533079, -125.907143 52.533411, -125.90728 52.533984, -125.907021 52.534587, -125.907125 52.535122, -125.907377 52.535559, -125.907039 52.535951, -125.906299 52.536107, -125.905515 52.536305, -125.905072 52.536759, -125.904806 52.537302, -125.904818 52.537995, -125.904798 52.538813, -125.904874 52.539663, -125.904774 52.540442, -125.904743 52.541132, -125.904759 52.541854, -125.904443 52.542624, -125.903984 52.543431, -125.903852 52.543941, -125.903757 52.544311, -125.90353 52.545195, -125.903437 52.545968, -125.903958 52.546516, -125.904602 52.547017, -125.905148 52.547558, -125.905461 52.548141, -125.905269 52.548801, -125.904637 52.549451, -125.90382 52.550087, -125.902742 52.550426, -125.901546 52.550336, -125.900231 52.550135, -125.898813 52.549957, -125.897323 52.549936, -125.895777 52.550012, -125.894145 52.55014, -125.892467 52.550318, -125.890778 52.550419, -125.889138 52.550463, -125.887618 52.550653, -125.886214 52.551007, -125.884855 52.551336, -125.883471 52.551414, -125.882035 52.551505, -125.880681 52.551832, -125.879555 52.552404, -125.878442 52.5529, -125.877177 52.553148, -125.875801 52.553327, -125.874496 52.553717, -125.873257 52.554169, -125.871941 52.554417, -125.870824 52.554712, -125.869808 52.554899, -125.868754 52.554889, -125.867579 52.55479, -125.86628 52.554634, -125.864941 52.554349, -125.864811 52.554307, -125.863615 52.553913, -125.86245 52.553352, -125.861875 52.552711, -125.862355 52.552187, -125.86353 52.551991, -125.864403 52.551902, -125.86499 52.551842, -125.866267 52.551452, -125.866545 52.550817, -125.865819 52.550408, -125.865367 52.54993, -125.86576 52.549373, -125.866727 52.548854, -125.867884 52.548295, -125.868603 52.547521, -125.868833 52.54662, -125.869405 52.545743, -125.870583 52.545191, -125.872062 52.545244, -125.873592 52.545603, -125.875277 52.54594, -125.87708 52.54615, -125.878849 52.546161, -125.879646 52.545969, -125.88025 52.545824, -125.880746 52.545244, -125.880235 52.544839, -125.879575 52.544495, -125.879732 52.543998, -125.880656 52.543586, -125.881735 52.54334, -125.882296 52.543033, -125.882073 52.542635, -125.881187 52.542216, -125.880202 52.541638, -125.879832 52.540885, -125.88001 52.540133, -125.880891 52.539584, -125.882036 52.539127, -125.883239 52.538604, -125.884466 52.538026, -125.88575 52.537428, -125.887068 52.536797, -125.888486 52.536178, -125.889887 52.53556, -125.890966 52.53491, -125.892075 52.534678, -125.893203 52.534736, -125.894378 52.534649, -125.895431 52.534254, -125.895698 52.533556, -125.895233 52.532815, -125.895031 52.532004, -125.895088 52.53119, -125.895223 52.530401, -125.894966 52.529683, -125.894003 52.529311, -125.892642 52.529389, -125.891081 52.529671, -125.889401 52.52981, -125.887688 52.529813, -125.885989 52.529999, -125.8844 52.530356, -125.882974 52.530699, -125.881678 52.530757, -125.880607 52.530466, -125.879676 52.529966, -125.878682 52.529492, -125.878272 52.528834, -125.87875 52.528101, -125.87931 52.527355, -125.879041 52.526637, -125.878397 52.525942, -125.877705 52.525186, -125.876583 52.524581, -125.875121 52.524211, -125.873465 52.52407, -125.871721 52.524151, -125.870025 52.524482, -125.868365 52.52499, -125.866675 52.525412, -125.865096 52.525249, -125.863782 52.524852, -125.862368 52.524755, -125.860909 52.525005, -125.859526 52.525602, -125.858419 52.526487, -125.857588 52.527465, -125.856738 52.52834, -125.855704 52.528744, -125.854958 52.528455, -125.854579 52.527836, -125.853754 52.527215, -125.852382 52.527031, -125.851182 52.52755, -125.850366 52.528403, -125.849326 52.528983, -125.848301 52.52884, -125.848128 52.528195, -125.848474 52.527358, -125.849029 52.526409, -125.849563 52.525373, -125.849934 52.524311, -125.850551 52.523321, -125.851499 52.522469, -125.852399 52.52166, -125.852643 52.520916, -125.852877 52.520349, -125.851778 52.52111, -125.850511 52.521646, -125.849249 52.521602, -125.848422 52.521441, -125.84752 52.52134, -125.846386 52.521014, -125.845418 52.520595, -125.844412 52.520076, -125.843754 52.519395, -125.843287 52.518578, -125.842861 52.517679, -125.842494 52.516726, -125.84255 52.515738, -125.842842 52.514755, -125.842921 52.513752, -125.842395 52.512815, -125.841301 52.512068, -125.839919 52.51149, -125.8383 52.511188, -125.836576 52.51129, -125.834908 52.511737, -125.833253 52.512331, -125.831516 52.512909, -125.829956 52.513557, -125.828861 52.514399, -125.828543 52.515355, -125.828117 52.516171, -125.827021 52.516514, -125.826008 52.516601, -125.825584 52.516995, -125.825657 52.517162, -125.825506 52.517242, -125.825502 52.517241, -125.825511 52.517827, -125.825386 52.518759, -125.824723 52.519645, -125.823651 52.520321, -125.8231 52.520553, -125.822474 52.520816, -125.821576 52.521513, -125.820563 52.522187, -125.819257 52.522595, -125.818112 52.522385, -125.818003 52.521786, -125.818822 52.52121, -125.819258 52.520558, -125.818888 52.519897, -125.817759 52.519576, -125.8169 52.519448, -125.816109 52.51893, -125.815654 52.51826, -125.814922 52.51766, -125.814418 52.516986, -125.814377 52.516191, -125.814291 52.515364, -125.813552 52.514644, -125.812193 52.51418, -125.810518 52.513959, -125.80875 52.513773, -125.806978 52.513552, -125.805265 52.513287, -125.803558 52.513065, -125.801844 52.512984, -125.800181 52.513137, -125.798573 52.513489, -125.796969 52.513726, -125.795607 52.513622, -125.795168 52.513115, -125.795759 52.512625, -125.796314 52.512096, -125.79689 52.511508, -125.797859 52.510955, -125.799201 52.510601, -125.800459 52.510306, -125.801118 52.50982, -125.801045 52.509263, -125.80122 52.508717, -125.801656 52.508124, -125.802373 52.507507, -125.80328 52.507013, -125.80364 52.506512, -125.803399 52.505965, -125.802914 52.505303, -125.802039 52.50469, -125.800727 52.504323, -125.799224 52.504107, -125.797664 52.504069, -125.796105 52.504366, -125.794561 52.504775, -125.792965 52.505079, -125.791554 52.505015, -125.790977 52.504501, -125.791481 52.503919, -125.7925 52.503347, -125.793792 52.502762, -125.795206 52.502145, -125.796593 52.501455, -125.797886 52.500667, -125.799157 52.499875, -125.800596 52.499236, -125.802197 52.498836, -125.803597 52.498367, -125.804377 52.497631, -125.804733 52.496789, -125.804787 52.495894, -125.804585 52.494959, -125.803769 52.494164, -125.802808 52.493452, -125.802386 52.492623, -125.802611 52.491785, -125.803532 52.491127, -125.804958 52.490752, -125.806625 52.49046, -125.808356 52.490126, -125.809801 52.489522, -125.810807 52.488717, -125.811936 52.487949, -125.813395 52.487369, -125.814561 52.486657, -125.814934 52.485731, -125.814401 52.484836, -125.813197 52.48417, -125.811615 52.483949, -125.810045 52.484292, -125.808549 52.484927, -125.807012 52.485639, -125.805368 52.486382, -125.80359 52.487029, -125.802009 52.487745, -125.800689 52.48855, -125.799285 52.48933, -125.797701 52.490034, -125.79595 52.490642, -125.794117 52.491211, -125.792288 52.491765, -125.790536 52.492266, -125.788939 52.492538, -125.787827 52.492314, -125.787693 52.491756, -125.788107 52.491083, -125.788675 52.490296, -125.789395 52.489461, -125.790471 52.48873, -125.791796 52.488137, -125.793124 52.487541, -125.794517 52.486925, -125.795992 52.486286, -125.797342 52.48555, -125.798568 52.48476, -125.799995 52.484108, -125.801675 52.483631, -125.803435 52.483169, -125.805206 52.482668, -125.806915 52.482112, -125.808391 52.481432, -125.809849 52.480807, -125.811432 52.480405, -125.812945 52.480185, -125.814214 52.479839, -125.81548 52.479534, -125.816858 52.479405, -125.818288 52.479275, -125.819758 52.479074, -125.821345 52.478953, -125.822994 52.478842, -125.824466 52.478578, -125.825662 52.478335, -125.826754 52.478331, -125.827534 52.478649, -125.828116 52.478999, -125.828913 52.479233, -125.829959 52.479351, -125.831185 52.479441, -125.832493 52.479384, -125.833765 52.479355, -125.834686 52.479727, -125.835299 52.480336, -125.836082 52.480981, -125.837218 52.481508, -125.838457 52.482104, -125.839542 52.482898, -125.840472 52.483764, -125.841503 52.484554, -125.842804 52.485068, -125.844143 52.485048, -125.845391 52.484867, -125.846729 52.484936, -125.848201 52.485104, -125.848609 52.485166, -125.849722 52.485333, -125.850973 52.485902, -125.85371 52.488594))"
234,2023-07-29 10:30:57,2023071501,2023,2.5,Hand sketch of any type,1689404400000,1689523109000,Out of Control,JA70003000,24635.4512,1431.0121,413,c6f258a1-901a-46e8-94f4-bae6304a6ded,61351.0625,2258.94787534785,https://wildfiresituation.nrs.gov.bc.ca/incidents?fireYear=2023&incidentNumber=V31726,"POLYGON ((-123.31512 50.707527, -123.315194 50.707471, -123.315228 50.707503, -123.31526 50.707548, -123.315276 50.70757, -123.315508 50.707746, -123.315698 50.707939, -123.315915 50.708228, -123.315966 50.70829, -123.315977 50.708349, -123.316034 50.708375, -123.316051 50.708393, -123.316161 50.708473, -123.316171 50.708542, -123.316219 50.708631, -123.316235 50.70866, -123.316246 50.708721, -123.316259 50.708772, -123.316248 50.708856, -123.316239 50.708916, -123.316232 50.708963, -123.316204 50.70902, -123.316159 50.709046, -123.316146 50.709135, -123.316139 50.709187, -123.316153 50.709233, -123.316138 50.709335, -123.316151 50.709394, -123.316169 50.709414, -123.31618 50.709482, -123.316215 50.709524, -123.316242 50.709631, -123.31625 50.709729, -123.31597 50.709639, -123.315839 50.709528, -123.315785 50.709467, -123.31573 50.709417, -123.315672 50.709382, -123.31568 50.709331, -123.31569 50.709268, -123.315661 50.709184, -123.315667 50.709145, -123.315679 50.709074, -123.315686 50.709025, -123.315698 50.70895, -123.315711 50.708868, -123.315726 50.708774, -123.315741 50.708682, -123.315755 50.70859, -123.315716 50.708577, -123.315588 50.708604, -123.315502 50.709003, -123.315544 50.709129, -123.315556 50.709188, -123.315545 50.709259, -123.315495 50.709308, -123.315332 50.709536, -123.315281 50.709585, -123.315274 50.709631, -123.31527 50.709656, -123.315261 50.709704, -123.315241 50.709826, -123.315229 50.7099, -123.315198 50.709956, -123.315153 50.709967, -123.315016 50.710014, -123.314902 50.710051, -123.314787 50.710089, -123.314694 50.710124, -123.31458 50.710149, -123.314493 50.710148, -123.314488 50.710056, -123.314447 50.710041, -123.314467 50.709929, -123.314458 50.709863, -123.314449 50.709791, -123.314418 50.709721, -123.314421 50.709701, -123.314371 50.70962, -123.314341 50.709548, -123.314352 50.709491, -123.314351 50.709384, -123.314361 50.709335, -123.314387 50.709205, -123.314419 50.709149, -123.314474 50.709088, -123.31452 50.709068, -123.314616 50.709006, -123.314689 50.708957, -123.314807 50.708901, -123.314881 50.708846, -123.314982 50.708756, -123.315111 50.708628, -123.315189 50.708541, -123.315217 50.708495, -123.315266 50.708315, -123.315275 50.708261, -123.315286 50.708195, -123.315272 50.708157, -123.315156 50.707993, -123.315145 50.707944, -123.315113 50.707896, -123.315092 50.707793, -123.315062 50.70773, -123.315072 50.70768, -123.315038 50.707643, -123.315021 50.707624, -123.314898 50.707648, -123.314837 50.707662, -123.31479 50.707703, -123.314747 50.707924, -123.314747 50.707952, -123.314746 50.708031, -123.314771 50.708103, -123.314775 50.708188, -123.314763 50.708246, -123.31475 50.708313, -123.314737 50.708378, -123.314723 50.708454, -123.314698 50.708576, -123.314636 50.708685, -123.314627 50.708733, -123.314593 50.708803, -123.314528 50.708819, -123.314398 50.708758, -123.314325 50.708726, -123.314243 50.708725, -123.314172 50.708767, -123.314106 50.708789, -123.314054 50.708841, -123.314005 50.708881, -123.313949 50.708946, -123.313927 50.708954, -123.313867 50.709039, -123.313819 50.709069, -123.313766 50.709122, -123.313673 50.709081, -123.313646 50.709018, -123.313635 50.708974, -123.313653 50.708898, -123.313664 50.708848, -123.31384 50.708358, -123.313914 50.708303, -123.31404 50.708192, -123.314134 50.708131, -123.314339 50.708107, -123.31443 50.708137, -123.31447 50.708137, -123.314533 50.708116, -123.314578 50.708083, -123.314587 50.708037, -123.314601 50.707967, -123.314602 50.707964, -123.314607 50.707939, -123.314613 50.707909, -123.314625 50.707851, -123.314651 50.707816, -123.314653 50.707804, -123.314699 50.70777, -123.314747 50.707724, -123.314757 50.707715, -123.314782 50.707693, -123.314794 50.707682, -123.314819 50.707651, -123.314823 50.70763, -123.314891 50.707585, -123.314989 50.70758, -123.315037 50.707559, -123.315076 50.707533, -123.31512 50.707527))"
235,2023-07-29 10:30:57,2023071801,2023,42.4,Digitized other,1689663600000,1689791490000,Out of Control,JA70003000,424101.2126,3482.5218,417,43f12963-5dfb-42c0-9d18-3a40214b4512,1077239.0078125,5550.17820674932,https://wildfiresituation.nrs.gov.bc.ca/incidents?fireYear=2023&incidentNumber=V51696,"POLYGON ((-125.01617 51.174393, -125.015753 51.174435, -125.015248 51.174486, -125.014648 51.174533, -125.014198 51.174515, -125.013984 51.174305, -125.013994 51.174163, -125.014079 51.174053, -125.01422 51.173965, -125.014529 51.173822, -125.014782 51.17369, -125.015184 51.173602, -125.015957 51.173491, -125.016392 51.173396, -125.016795 51.173232, -125.017093 51.17304, -125.017769 51.17264, -125.018497 51.172236, -125.018924 51.171747, -125.019086 51.171377, -125.019095 51.171074, -125.019019 51.170753, -125.01888 51.170499, -125.018777 51.170267, -125.018746 51.170063, -125.018721 51.169848, -125.018737 51.169478, -125.018702 51.169253, -125.018615 51.16915, -125.0185 51.169035, -125.018265 51.168905, -125.017954 51.168798, -125.017593 51.168703, -125.017156 51.168644, -125.016647 51.168604, -125.015734 51.168628, -125.015459 51.168613, -125.015261 51.168546, -125.015129 51.168477, -125.01509 51.168394, -125.015067 51.168228, -125.015082 51.168088, -125.01513 51.167921, -125.015178 51.167703, -125.015223 51.167532, -125.01525 51.167381, -125.015281 51.167224, -125.01532 51.16709, -125.015382 51.166911, -125.015478 51.166739, -125.015603 51.16653, -125.015795 51.1663, -125.015975 51.166179, -125.016188 51.166052, -125.016434 51.165988, -125.016739 51.165939, -125.017086 51.16594, -125.017498 51.165991, -125.018059 51.16611, -125.018484 51.166214, -125.018967 51.16635, -125.019409 51.166521, -125.019867 51.16674, -125.020206 51.166951, -125.020422 51.167154, -125.020669 51.167499, -125.020784 51.167745, -125.020933 51.167999, -125.021079 51.168159, -125.021252 51.168256, -125.021659 51.168429, -125.022055 51.168574, -125.022401 51.168756, -125.022818 51.168948, -125.023236 51.169162, -125.023701 51.169334, -125.024132 51.169511, -125.024675 51.169717, -125.025236 51.169944, -125.025688 51.170142, -125.026261 51.170347, -125.026699 51.170525, -125.027212 51.170772, -125.027572 51.170979, -125.027665 51.171103, -125.027776 51.171298, -125.027761 51.171469, -125.027681 51.171674, -125.027529 51.171814, -125.027021 51.172139, -125.026743 51.172256, -125.026411 51.17239, -125.0257 51.172593, -125.025103 51.17281, -125.024776 51.172945, -125.023958 51.173325, -125.023483 51.173606, -125.022606 51.173998, -125.022206 51.174087, -125.021328 51.17403, -125.020777 51.174058, -125.020153 51.174057, -125.019314 51.174126, -125.01846 51.174248, -125.017738 51.174355, -125.017146 51.174385, -125.016789 51.174382, -125.01648 51.174387, -125.01617 51.174393))"
236,2023-07-29 10:30:57,2023061601,2023,231.0,Non-corrected ground GPS,1686898800000,1686956970000,Under Control,JA70003000,2310340.903,8908.4964,419,7ba3e7aa-3251-4053-b53b-14f9d98f2258,5423444.65625,13652.0335168,https://wildfiresituation.nrs.gov.bc.ca/incidents?fireYear=2023&incidentNumber=V70600,"POLYGON ((-124.62062 49.285931, -124.620638 49.285954, -124.62065 49.285998, -124.620658 49.286026, -124.620663 49.286108, -124.620688 49.286123, -124.620707 49.286138, -124.620732 49.286152, -124.620763 49.286157, -124.620788 49.286169, -124.620801 49.28619, -124.62084 49.28619, -124.620856 49.286213, -124.620886 49.286237, -124.620888 49.286257, -124.620859 49.286264, -124.620867 49.286298, -124.620858 49.286325, -124.62087 49.286363, -124.620877 49.286381, -124.620891 49.286413, -124.620904 49.286429, -124.620908 49.28645, -124.620929 49.286463, -124.620955 49.286481, -124.620985 49.286509, -124.620996 49.286542, -124.62102 49.286582, -124.621051 49.286597, -124.621101 49.286617, -124.621117 49.286635, -124.62115 49.286641, -124.621159 49.286667, -124.621144 49.286689, -124.621151 49.286711, -124.62116 49.286738, -124.621167 49.286762, -124.621186 49.286791, -124.621185 49.286822, -124.62118 49.286849, -124.621177 49.286876, -124.621145 49.286905, -124.621121 49.286926, -124.6211 49.286948, -124.621097 49.286974, -124.621108 49.286991, -124.621134 49.28701, -124.621146 49.287035, -124.621162 49.287078, -124.621193 49.287083, -124.621205 49.287112, -124.621194 49.28713, -124.621194 49.287172, -124.621198 49.287225, -124.621212 49.287264, -124.621213 49.287288, -124.62122 49.287327, -124.621211 49.287379, -124.621208 49.287406, -124.621202 49.287428, -124.621174 49.287439, -124.621148 49.287462, -124.621121 49.287481, -124.621101 49.2875, -124.621077 49.287517, -124.621042 49.287521, -124.620995 49.287532, -124.62097 49.287548, -124.620942 49.287548, -124.620904 49.28753, -124.620883 49.287513, -124.620849 49.287518, -124.620813 49.287514, -124.620758 49.287556, -124.62073 49.287567, -124.620721 49.287588, -124.620602 49.287658, -124.620594 49.287688, -124.620525 49.287745, -124.620487 49.287761, -124.620446 49.287778, -124.620396 49.287765, -124.620239 49.287832, -124.620213 49.287857, -124.620185 49.287881, -124.620175 49.287902, -124.620152 49.287914, -124.620113 49.287916, -124.620077 49.28793, -124.620036 49.287918, -124.619994 49.287936, -124.619948 49.28794, -124.619911 49.287941, -124.61988 49.287942, -124.61985 49.287948, -124.619834 49.287967, -124.619825 49.287995, -124.619819 49.288058, -124.619811 49.288107, -124.619798 49.288132, -124.619807 49.288175, -124.619803 49.288199, -124.619777 49.28821, -124.619749 49.288209, -124.619722 49.288199, -124.619684 49.288178, -124.619631 49.288167, -124.619575 49.288155, -124.619516 49.288154, -124.619453 49.288137, -124.619398 49.288129, -124.619349 49.28815, -124.619303 49.288145, -124.619256 49.288124, -124.619199 49.288106, -124.619137 49.288113, -124.619084 49.288118, -124.619031 49.288127, -124.618987 49.288134, -124.618941 49.288151, -124.618895 49.288169, -124.618852 49.288158, -124.61878 49.288132, -124.618727 49.288122, -124.618657 49.288092, -124.618579 49.28806, -124.618509 49.288066, -124.618456 49.288051, -124.618416 49.28805, -124.61837 49.288066, -124.618327 49.288068, -124.618268 49.288064, -124.618241 49.288079, -124.618171 49.288076, -124.618127 49.288086, -124.618089 49.288091, -124.618029 49.288088, -124.618 49.288088, -124.617951 49.288086, -124.61791 49.288086, -124.617861 49.288077, -124.617796 49.288056, -124.617758 49.288044, -124.617691 49.288038, -124.617633 49.288026, -124.617596 49.288027, -124.617552 49.288009, -124.617505 49.288013, -124.617452 49.288007, -124.617439 49.288007, -124.617403 49.28801, -124.617354 49.288014, -124.617296 49.288013, -124.61726 49.288009, -124.617215 49.288003, -124.617175 49.288004, -124.61711 49.287991, -124.61711 49.287986, -124.617107 49.287946, -124.617097 49.287921, -124.617056 49.287902, -124.617026 49.287873, -124.616983 49.287869, -124.616965 49.287845, -124.616938 49.287819, -124.616903 49.287819, -124.616865 49.287781, -124.616832 49.287762, -124.616802 49.287757, -124.616764 49.28775, -124.616722 49.287745, -124.616695 49.287762, -124.616672 49.287782, -124.616608 49.287793, -124.616575 49.287792, -124.616532 49.28779, -124.616475 49.287802, -124.616389 49.287809, -124.616357 49.287817, -124.61632 49.287833, -124.616293 49.287833, -124.616184 49.287887, -124.616146 49.287879, -124.616101 49.287878, -124.61608 49.287903, -124.616052 49.287921, -124.616024 49.287939, -124.615984 49.28794, -124.615945 49.287936, -124.615916 49.287924, -124.615894 49.287913, -124.615864 49.28793, -124.615831 49.287924, -124.615793 49.287922, -124.615753 49.287929, -124.615725 49.287926, -124.615685 49.287931, -124.615644 49.287939, -124.615623 49.287959, -124.615574 49.287954, -124.615552 49.287924, -124.615503 49.287928, -124.615497 49.287946, -124.61542 49.28797, -124.615395 49.287979, -124.615359 49.287974, -124.615314 49.287972, -124.615277 49.287967, -124.615244 49.287964, -124.615214 49.287986, -124.615185 49.287989, -124.615153 49.287998, -124.615116 49.288007, -124.615093 49.288029, -124.615057 49.288036, -124.615023 49.288022, -124.61498 49.288035, -124.614959 49.288046, -124.614916 49.28804, -124.614893 49.288022, -124.614864 49.288039, -124.614826 49.288042, -124.614759 49.288065, -124.614718 49.288069, -124.614655 49.288046, -124.614631 49.288033, -124.614598 49.288009, -124.614563 49.287999, -124.614524 49.287977, -124.614493 49.287994, -124.614318 49.28836, -124.613658 49.288449, -124.612593 49.288579, -124.611892 49.288684, -124.611055 49.288969, -124.610416 49.28896, -124.609527 49.288785, -124.608501 49.288812, -124.608144 49.288588, -124.607657 49.288488, -124.606995 49.288135, -124.606504 49.28805, -124.606462 49.287957, -124.60617 49.28802, -124.605839 49.287892, -124.605474 49.287944, -124.604299 49.287872, -124.603394 49.287517, -124.602666 49.28706, -124.602103 49.286929, -124.601523 49.286874, -124.600696 49.286844, -124.60012 49.286935, -124.600108 49.286917, -124.600115 49.286899, -124.600099 49.286876, -124.600099 49.286858, -124.600051 49.286835, -124.600054 49.286804, -124.600033 49.28679, -124.599997 49.286783, -124.599964 49.286776, -124.599938 49.286767, -124.599909 49.286766, -124.599866 49.286746, -124.599843 49.286732, -124.599828 49.286704, -124.599814 49.286684, -124.59982 49.28666, -124.599795 49.28665, -124.599771 49.286625, -124.599736 49.286617, -124.599713 49.286588, -124.599682 49.286575, -124.599671 49.286549, -124.599639 49.286532, -124.59961 49.286529, -124.599624 49.286508, -124.599591 49.286506, -124.599569 49.286487, -124.599526 49.286462, -124.5995 49.286479, -124.599468 49.286476, -124.599426 49.286481, -124.599543 49.286382, -124.59956 49.286353, -124.599541 49.286335, -124.599516 49.286329, -124.599514 49.286307, -124.599489 49.286293, -124.599489 49.286272, -124.59946 49.286248, -124.599423 49.28623, -124.5994 49.286208, -124.599363 49.286211, -124.599262 49.28613, -124.599238 49.28611, -124.599224 49.286085, -124.599201 49.286058, -124.599191 49.286031, -124.599203 49.286004, -124.599181 49.28599, -124.599147 49.285995, -124.599138 49.285976, -124.599109 49.285973, -124.599086 49.285955, -124.599068 49.28593, -124.599045 49.285899, -124.599012 49.28589, -124.598982 49.285891, -124.598897 49.285822, -124.598893 49.285794, -124.598867 49.285764, -124.598844 49.28575, -124.598816 49.285718, -124.598795 49.285695, -124.598804 49.285652, -124.598773 49.285636, -124.598763 49.285619, -124.598751 49.285596, -124.598644 49.285663, -124.598604 49.285695, -124.598571 49.285686, -124.598526 49.285588, -124.598484 49.285576, -124.598454 49.285551, -124.598426 49.285558, -124.598408 49.285534, -124.598379 49.285527, -124.598348 49.28554, -124.598304 49.285507, -124.598288 49.285522, -124.598295 49.28555, -124.598264 49.285562, -124.598243 49.285547, -124.598206 49.285528, -124.598185 49.285516, -124.598179 49.285517, -124.598165 49.285499, -124.598132 49.285486, -124.598123 49.285476, -124.598125 49.28545, -124.598098 49.285441, -124.59806 49.28542, -124.598046 49.285398, -124.598059 49.285375, -124.598056 49.285355, -124.598074 49.285338, -124.598097 49.285323, -124.598083 49.285305, -124.598079 49.285267, -124.598087 49.285268, -124.598131 49.285245, -124.598148 49.285231, -124.598155 49.285209, -124.598186 49.285195, -124.59818 49.285161, -124.598168 49.285126, -124.598215 49.285094, -124.598208 49.285066, -124.598226 49.285051, -124.598253 49.285034, -124.598244 49.285011, -124.598222 49.284998, -124.598195 49.285002, -124.598181 49.284978, -124.598176 49.284954, -124.598211 49.284939, -124.598249 49.284945, -124.598286 49.284926, -124.59833 49.284907, -124.598316 49.284889, -124.598312 49.284855, -124.598314 49.28483, -124.598321 49.2848, -124.598344 49.284785, -124.59841 49.284762, -124.598429 49.284747, -124.598433 49.284711, -124.598386 49.284722, -124.598363 49.284733, -124.598337 49.28474, -124.598297 49.284743, -124.598264 49.284724, -124.598253 49.284693, -124.598233 49.284674, -124.598211 49.284673, -124.598182 49.284651, -124.598221 49.284619, -124.598282 49.284613, -124.598257 49.284594, -124.598223 49.284575, -124.598224 49.284555, -124.598249 49.284546, -124.598293 49.284542, -124.598324 49.28452, -124.598354 49.284508, -124.598374 49.284483, -124.598409 49.284472, -124.598436 49.284455, -124.598443 49.284432, -124.598432 49.28439, -124.598427 49.284369, -124.598451 49.284349, -124.598536 49.284305, -124.598525 49.284281, -124.598499 49.284263, -124.598474 49.284254, -124.598417 49.284259, -124.598403 49.284262, -124.598381 49.284298, -124.598382 49.284337, -124.598338 49.284351, -124.598319 49.284334, -124.598288 49.284343, -124.598259 49.284345, -124.598229 49.284333, -124.598197 49.284329, -124.598171 49.284314, -124.598141 49.2843, -124.598126 49.284282, -124.598114 49.284265, -124.598094 49.284249, -124.598073 49.284232, -124.598052 49.284215, -124.598049 49.284185, -124.598072 49.284165, -124.598091 49.284142, -124.598065 49.284129, -124.598054 49.284104, -124.598027 49.284083, -124.598021 49.28406, -124.598006 49.284041, -124.598014 49.28402, -124.598006 49.283994, -124.597999 49.283973, -124.598058 49.283968, -124.598044 49.283949, -124.598058 49.283933, -124.59808 49.283908, -124.598101 49.283895, -124.59811 49.283872, -124.598126 49.283849, -124.598133 49.283825, -124.598148 49.283802, -124.598126 49.283784, -124.598123 49.283746, -124.598126 49.283718, -124.598119 49.283691, -124.598129 49.283673, -124.598141 49.283647, -124.598134 49.283625, -124.598125 49.283602, -124.598136 49.28358, -124.598145 49.283559, -124.598178 49.283563, -124.598202 49.283547, -124.59821 49.283542, -124.598203 49.283517, -124.59821 49.2835, -124.598199 49.283481, -124.598205 49.283462, -124.598169 49.283439, -124.598185 49.283416, -124.598168 49.283385, -124.598194 49.283391, -124.598216 49.283374, -124.598225 49.283344, -124.598233 49.283318, -124.598223 49.2833, -124.598237 49.283269, -124.598271 49.283253, -124.598267 49.283229, -124.598294 49.283214, -124.59828 49.283152, -124.598243 49.283126, -124.598229 49.283111, -124.598223 49.283085, -124.598158 49.283047, -124.598155 49.283025, -124.598187 49.283011, -124.598192 49.282993, -124.598219 49.282926, -124.598204 49.282889, -124.598213 49.282871, -124.598214 49.282837, -124.598185 49.282789, -124.598187 49.282771, -124.598187 49.282733, -124.598256 49.282723, -124.598304 49.282183, -124.598204 49.281704, -124.59806 49.28122, -124.59815 49.2808, -124.59826 49.28039, -124.59842 49.28, -124.59852 49.279762, -124.59858 49.27962, -124.59877 49.27926, -124.59897 49.27891, -124.5992 49.27858, -124.59933 49.27824, -124.59932 49.27793, -124.59918 49.27768, -124.599 49.27748, -124.59861 49.277164, -124.59847 49.27705, -124.59836 49.27687, -124.598165 49.276649, -124.598353 49.276624, -124.598429 49.276572, -124.598467 49.276517, -124.598515 49.276507, -124.598566 49.276534, -124.598625 49.276507, -124.598684 49.276496, -124.598706 49.276462, -124.598637 49.276349, -124.598625 49.276274, -124.598656 49.276232, -124.598719 49.276211, -124.598741 49.276184, -124.598707 49.276123, -124.59863 49.276082, -124.598544 49.276095, -124.598483 49.276053, -124.598493 49.276017, -124.598589 49.275957, -124.598735 49.275902, -124.598753 49.275839, -124.59869 49.275777, -124.598688 49.275638, -124.598741 49.275531, -124.598749 49.275444, -124.598703 49.275333, -124.598767 49.275254, -124.598916 49.275098, -124.599009 49.275052, -124.598982 49.274913, -124.598908 49.274877, -124.598821 49.274951, -124.598741 49.274993, -124.598679 49.274971, -124.598641 49.274874, -124.598593 49.274737, -124.59846 49.274574, -124.598385 49.274546, -124.598385 49.27449, -124.59844 49.27443, -124.59831 49.274295, -124.598276 49.274148, -124.59824 49.274068, -124.5983 49.27401, -124.598246 49.273972, -124.598206 49.273942, -124.598217 49.27388, -124.598232 49.273838, -124.598215 49.273816, -124.598253 49.273764, -124.598282 49.273729, -124.598284 49.27368, -124.598308 49.273604, -124.59829 49.273566, -124.598246 49.273469, -124.598209 49.273437, -124.598211 49.273372, -124.59825 49.273336, -124.598262 49.273316, -124.598231 49.273303, -124.598183 49.273331, -124.598124 49.273311, -124.598119 49.273273, -124.598154 49.273233, -124.598237 49.273191, -124.598272 49.273125, -124.598322 49.273064, -124.598411 49.273054, -124.598546 49.272991, -124.598648 49.272929, -124.598688 49.272922, -124.598744 49.272945, -124.598778 49.27298, -124.598897 49.272926, -124.598898 49.272931, -124.598965 49.272904, -124.599069 49.272892, -124.599122 49.272899, -124.599167 49.272875, -124.599128 49.272825, -124.599124 49.272772, -124.599157 49.272712, -124.599217 49.272677, -124.599178 49.272636, -124.599198 49.272583, -124.599094 49.272523, -124.599023 49.272521, -124.598989 49.272528, -124.598962 49.272549, -124.598877 49.272524, -124.598845 49.272499, -124.598688 49.272445, -124.598483 49.272483, -124.598505 49.272578, -124.59838 49.272621, -124.598071 49.27275, -124.598016 49.272816, -124.59798 49.272842, -124.597909 49.272865, -124.597884 49.272898, -124.597891 49.272951, -124.597897 49.272999, -124.597742 49.273033, -124.59767 49.273107, -124.59764 49.273125, -124.597522 49.273149, -124.597462 49.273145, -124.597389 49.273123, -124.597298 49.273061, -124.597289 49.272934, -124.597315 49.272867, -124.597328 49.272854, -124.597399 49.272786, -124.59743 49.272716, -124.597542 49.272671, -124.597596 49.272635, -124.597594 49.272583, -124.597503 49.272551, -124.597352 49.272537, -124.597259 49.272529, -124.597166 49.272543, -124.597112 49.272518, -124.597108 49.272478, -124.597129 49.272449, -124.597135 49.272369, -124.597163 49.272278, -124.597164 49.27225, -124.597164 49.272236, -124.597184 49.272192, -124.597197 49.272086, -124.597229 49.271987, -124.597262 49.271953, -124.597277 49.271917, -124.597239 49.2719, -124.597155 49.271892, -124.597132 49.271901, -124.597073 49.271885, -124.59699 49.271821, -124.596976 49.271803, -124.596944 49.271761, -124.596927 49.271727, -124.596925 49.271694, -124.596949 49.271662, -124.597008 49.271638, -124.597066 49.271595, -124.597147 49.271569, -124.597254 49.271497, -124.597291 49.271492, -124.597331 49.271486, -124.597479 49.27144, -124.597568 49.271391, -124.597642 49.271317, -124.597677 49.271301, -124.597811 49.271275, -124.597847 49.27126, -124.597941 49.271145, -124.597979 49.271115, -124.598099 49.271057, -124.598229 49.270939, -124.598247 49.270912, -124.59827 49.270841, -124.598441 49.270743, -124.598504 49.270698, -124.598554 49.270645, -124.598841 49.270568, -124.598874 49.270543, -124.59889 49.27051, -124.599047 49.270388, -124.599078 49.270331, -124.599079 49.270289, -124.599143 49.270259, -124.599167 49.270231, -124.599192 49.270156, -124.599268 49.27013, -124.599332 49.270091, -124.599348 49.27006, -124.599376 49.270048, -124.599396 49.269991, -124.599438 49.269964, -124.59953 49.269938, -124.599592 49.269901, -124.599679 49.269826, -124.599833 49.269771, -124.599854 49.269773, -124.599914 49.269745, -124.600031 49.269668, -124.600073 49.269626, -124.600133 49.269579, -124.600159 49.269558, -124.60027 49.26953, -124.600309 49.269531, -124.600424 49.269466, -124.600432 49.269433, -124.600482 49.26939, -124.600615 49.269346, -124.600671 49.269306, -124.600705 49.269306, -124.600739 49.269331, -124.600777 49.269415, -124.600807 49.269459, -124.600846 49.269489, -124.600889 49.269542, -124.600954 49.269578, -124.600999 49.269677, -124.600981 49.269748, -124.600983 49.269822, -124.60096 49.269852, -124.6009 49.269891, -124.600926 49.270058, -124.601099 49.270155, -124.601147 49.270203, -124.601251 49.27026, -124.601309 49.27028, -124.601426 49.270279, -124.601534 49.2703, -124.601636 49.270347, -124.601722 49.270328, -124.601801 49.270351, -124.601842 49.27035, -124.601862 49.270327, -124.601876 49.270251, -124.601987 49.27011, -124.601958 49.270083, -124.601893 49.26998, -124.601889 49.26995, -124.601737 49.269792, -124.601673 49.269752, -124.601616 49.269633, -124.601632 49.2696, -124.601725 49.269587, -124.601751 49.269544, -124.601733 49.269505, -124.601878 49.269416, -124.60196 49.269405, -124.601962 49.269406, -124.601983 49.269412, -124.602045 49.269403, -124.602273 49.26943, -124.602369 49.269463, -124.602609 49.269478, -124.60288 49.269578, -124.602941 49.269585, -124.603008 49.269622, -124.603047 49.269644, -124.60318 49.269673, -124.603287 49.269717, -124.60377 49.269871, -124.603936 49.26989, -124.604059 49.269878, -124.604168 49.269895, -124.604297 49.269898, -124.60437 49.269885, -124.60459 49.269905, -124.604686 49.269889, -124.604865 49.269892, -124.604916 49.269903, -124.605047 49.269896, -124.605272 49.269854, -124.6053 49.269845, -124.605477 49.269785, -124.605576 49.269783, -124.605642 49.269755, -124.605893 49.269722, -124.605997 49.269692, -124.606215 49.269677, -124.60632 49.269641, -124.606401 49.26963, -124.606449 49.269637, -124.606573 49.269625, -124.606639 49.269629, -124.606692 49.269606, -124.606769 49.269606, -124.606915 49.269527, -124.607092 49.269524, -124.607239 49.26949, -124.607268 49.269472, -124.607243 49.269432, -124.60769 49.26957, -124.60797 49.26963, -124.608001 49.269652, -124.608257 49.26972, -124.608203 49.269796, -124.608051 49.27001, -124.608032 49.270039, -124.608018 49.270072, -124.607946 49.270223, -124.607857 49.27039, -124.607839 49.270421, -124.60775 49.27055, -124.60771 49.27061, -124.607659 49.270736, -124.607627 49.270813, -124.607612 49.270871, -124.607584 49.27102, -124.60752 49.27123, -124.60753 49.2714, -124.60771 49.27153, -124.60792 49.27164, -124.60798 49.27179, -124.60788 49.27194, -124.60758 49.27221, -124.6074 49.27252, -124.60742 49.27269, -124.6075 49.27284, -124.60753 49.273, -124.60744 49.27314, -124.60713 49.27342, -124.60715 49.27358, -124.60733 49.27374, -124.60763 49.27384, -124.607643 49.273843, -124.607625 49.273778, -124.60766 49.273777, -124.607707 49.273772, -124.607742 49.273775, -124.607792 49.273773, -124.607824 49.27376, -124.607878 49.273751, -124.607898 49.273738, -124.607927 49.273729, -124.607956 49.273702, -124.607984 49.273697, -124.608012 49.273682, -124.608029 49.273667, -124.608051 49.273656, -124.608077 49.273645, -124.60811 49.273634, -124.60813 49.273617, -124.60816 49.273597, -124.608186 49.273573, -124.608197 49.273555, -124.608216 49.273533, -124.608237 49.273518, -124.60825 49.273492, -124.608284 49.273473, -124.608314 49.273459, -124.608358 49.273443, -124.608382 49.273454, -124.608416 49.273485, -124.608443 49.273502, -124.608474 49.273523, -124.608493 49.273538, -124.608501 49.273563, -124.608524 49.273574, -124.608518 49.273596, -124.608533 49.273619, -124.608527 49.27364, -124.608527 49.273669, -124.608533 49.273689, -124.608548 49.27371, -124.608567 49.273724, -124.60858 49.273741, -124.608589 49.27377, -124.608615 49.273791, -124.608631 49.273812, -124.608615 49.273834, -124.608624 49.27386, -124.608646 49.273886, -124.60868 49.273901, -124.608712 49.273907, -124.608756 49.273907, -124.608792 49.273904, -124.608826 49.273908, -124.608868 49.273908, -124.608905 49.273917, -124.608904 49.273938, -124.60891 49.273959, -124.608936 49.273968, -124.608967 49.273977, -124.609016 49.273978, -124.609049 49.273986, -124.609076 49.273996, -124.609115 49.274015, -124.609124 49.274037, -124.609142 49.274065, -124.609171 49.27409, -124.609178 49.274109, -124.609176 49.27412, -124.609175 49.274129, -124.609151 49.274143, -124.609165 49.274169, -124.609176 49.274188, -124.609195 49.274204, -124.609198 49.274229, -124.609212 49.274248, -124.609227 49.274264, -124.60924 49.274288, -124.609259 49.274311, -124.609265 49.274338, -124.609271 49.27436, -124.609291 49.274374, -124.609311 49.274393, -124.609354 49.274414, -124.609393 49.274433, -124.609423 49.274448, -124.609462 49.274446, -124.609489 49.274442, -124.609522 49.274433, -124.609558 49.274427, -124.609587 49.274426, -124.609593 49.274426, -124.609622 49.274424, -124.609671 49.274432, -124.609702 49.274434, -124.609735 49.274441, -124.609767 49.274458, -124.609797 49.274471, -124.609826 49.274479, -124.609854 49.274486, -124.609882 49.274501, -124.60989 49.274521, -124.609908 49.274545, -124.609908 49.274573, -124.609892 49.274591, -124.609879 49.27461, -124.609873 49.27462, -124.609949 49.274672, -124.610102 49.274764, -124.610204 49.274826, -124.610204 49.274838, -124.610215 49.27486, -124.610216 49.27488, -124.610219 49.274899, -124.610239 49.274918, -124.610265 49.274928, -124.610306 49.274934, -124.610328 49.27492, -124.610362 49.27492, -124.610391 49.274923, -124.610419 49.27493, -124.610426 49.274953, -124.610454 49.274951, -124.610478 49.274967, -124.610489 49.274985, -124.610468 49.274997, -124.610498 49.275006, -124.610525 49.275014, -124.610534 49.275033, -124.610562 49.275047, -124.610568 49.275066, -124.610592 49.275076, -124.610618 49.27509, -124.610642 49.275106, -124.610671 49.275114, -124.610679 49.275135, -124.610691 49.275153, -124.610713 49.275177, -124.610738 49.275186, -124.610748 49.275211, -124.610733 49.275234, -124.610712 49.275247, -124.610696 49.275269, -124.610693 49.275296, -124.610711 49.275311, -124.610736 49.275287, -124.610754 49.275272, -124.610776 49.275259, -124.610785 49.275238, -124.610803 49.275223, -124.610825 49.27521, -124.610844 49.275224, -124.610873 49.275215, -124.610875 49.275187, -124.61086 49.275165, -124.610852 49.275147, -124.610878 49.275133, -124.610898 49.275114, -124.610924 49.275094, -124.610937 49.275073, -124.610915 49.275061, -124.610921 49.275041, -124.61091 49.275014, -124.610895 49.274999, -124.610894 49.274998, -124.61088 49.27498, -124.610864 49.274939, -124.610848 49.274922, -124.610867 49.274905, -124.610868 49.274886, -124.610851 49.274868, -124.610849 49.27485, -124.610838 49.274832, -124.610826 49.274808, -124.610824 49.274787, -124.610824 49.274759, -124.610835 49.274737, -124.61083 49.274715, -124.610845 49.274695, -124.61084 49.274663, -124.610884 49.274645, -124.610883 49.274615, -124.610916 49.274595, -124.610946 49.274598, -124.610983 49.274602, -124.611017 49.274606, -124.611048 49.274603, -124.611081 49.274613, -124.611123 49.274628, -124.611149 49.274634, -124.611182 49.274634, -124.611221 49.274652, -124.611237 49.274671, -124.61125 49.274691, -124.611273 49.274712, -124.611297 49.274738, -124.611331 49.274741, -124.611336 49.274763, -124.611368 49.274779, -124.611401 49.274792, -124.611442 49.274784, -124.611553 49.274793, -124.611597 49.274855, -124.611556 49.27489, -124.611526 49.274906, -124.61151 49.274926, -124.6115 49.274955, -124.611481 49.274982, -124.611458 49.275006, -124.611454 49.275026, -124.611451 49.27503, -124.611434 49.275046, -124.611444 49.275065, -124.611439 49.275083, -124.611427 49.275105, -124.611403 49.275115, -124.611377 49.275126, -124.611351 49.275156, -124.611331 49.275181, -124.611334 49.275204, -124.611355 49.275218, -124.611395 49.275217, -124.611416 49.275229, -124.611433 49.27525, -124.611429 49.275279, -124.611433 49.275303, -124.611428 49.275322, -124.611435 49.27534, -124.611398 49.275349, -124.611367 49.275355, -124.611327 49.275355, -124.611309 49.27537, -124.6113 49.275392, -124.611299 49.275413, -124.611269 49.275424, -124.611243 49.275419, -124.611219 49.275428, -124.611246 49.27544, -124.611267 49.275453, -124.611283 49.275478, -124.611298 49.275494, -124.61132 49.275509, -124.61136 49.275519, -124.611375 49.275538, -124.611405 49.275544, -124.611418 49.275561, -124.611395 49.275579, -124.611406 49.2756, -124.611391 49.275625, -124.611376 49.27565, -124.611368 49.275671, -124.611362 49.275698, -124.61137 49.275722, -124.611352 49.275741, -124.611347 49.275764, -124.611336 49.275784, -124.611328 49.275803, -124.611324 49.275821, -124.611338 49.275842, -124.611351 49.275861, -124.61135 49.275879, -124.611341 49.275905, -124.61138 49.275903, -124.611406 49.27591, -124.611433 49.27592, -124.611467 49.275925, -124.611469 49.275945, -124.611482 49.275971, -124.611508 49.275983, -124.611535 49.276001, -124.611593 49.276051, -124.611599 49.27616, -124.61156 49.276206, -124.611533 49.276276, -124.611451 49.276314, -124.61144 49.276356, -124.611471 49.276393, -124.611533 49.276465, -124.61156 49.276476, -124.611557 49.276532, -124.611597 49.276537, -124.611604 49.276598, -124.611696 49.276663, -124.611723 49.276743, -124.611709 49.27678, -124.6118 49.276813, -124.611836 49.27682, -124.611855 49.276838, -124.611889 49.276832, -124.611912 49.276843, -124.611944 49.276841, -124.611977 49.276852, -124.61199 49.276869, -124.612005 49.276884, -124.611998 49.276907, -124.612004 49.276932, -124.611994 49.27695, -124.612004 49.276977, -124.61201 49.276998, -124.612003 49.277024, -124.611998 49.277049, -124.611983 49.277064, -124.611969 49.277082, -124.611975 49.277107, -124.611974 49.27711, -124.611963 49.277171, -124.612032 49.277209, -124.612042 49.277209, -124.612068 49.277195, -124.612097 49.277202, -124.612125 49.277212, -124.612143 49.277225, -124.612159 49.277245, -124.612185 49.277262, -124.612203 49.277284, -124.612207 49.277303, -124.6122 49.277327, -124.612209 49.277349, -124.612199 49.277373, -124.612181 49.27739, -124.612175 49.277409, -124.612207 49.27742, -124.612202 49.277438, -124.612209 49.277457, -124.612231 49.277476, -124.612259 49.277487, -124.612282 49.277499, -124.612274 49.277517, -124.61228 49.277538, -124.612304 49.277555, -124.612327 49.27757, -124.612322 49.277599, -124.612316 49.277622, -124.61234 49.277638, -124.612358 49.277661, -124.612345 49.277683, -124.612351 49.277703, -124.612353 49.277734, -124.61236 49.277754, -124.612341 49.27778, -124.612329 49.277797, -124.612328 49.277805, -124.612261 49.277833, -124.612211 49.277886, -124.612312 49.277986, -124.61233 49.278026, -124.61229 49.27808, -124.612315 49.278108, -124.612283 49.27815, -124.612268 49.278184, -124.612204 49.27819, -124.612197 49.278172, -124.612095 49.278162, -124.612041 49.278231, -124.612014 49.278268, -124.612005 49.278289, -124.611979 49.2783, -124.611964 49.278427, -124.611844 49.278459, -124.611786 49.278453, -124.611751 49.278464, -124.611729 49.278488, -124.611696 49.278499, -124.611655 49.278531, -124.61164 49.27855, -124.611653 49.278569, -124.611654 49.278604, -124.611645 49.278628, -124.611601 49.278662, -124.611553 49.278682, -124.611524 49.278673, -124.611501 49.278686, -124.611497 49.278705, -124.611509 49.278724, -124.611493 49.278746, -124.611379 49.27883, -124.611378 49.278853, -124.61136 49.278885, -124.611273 49.278915, -124.611242 49.278911, -124.611244 49.27893, -124.611265 49.278957, -124.611285 49.278969, -124.611286 49.27899, -124.611281 49.279049, -124.611314 49.279044, -124.611349 49.279058, -124.611358 49.279077, -124.611392 49.279086, -124.61143 49.279135, -124.611481 49.279153, -124.611482 49.279173, -124.611506 49.279179, -124.611601 49.279203, -124.611626 49.279219, -124.611653 49.279225, -124.61168 49.279223, -124.611709 49.279247, -124.611784 49.279288, -124.611797 49.279308, -124.611825 49.279315, -124.611853 49.27931, -124.611885 49.279319, -124.611889 49.279338, -124.611913 49.279365, -124.611912 49.279392, -124.611978 49.279419, -124.611992 49.279442, -124.612028 49.279436, -124.612071 49.279471, -124.612165 49.279486, -124.612219 49.279512, -124.612249 49.27951, -124.612278 49.279518, -124.612283 49.279538, -124.612313 49.279534, -124.612334 49.279593, -124.612328 49.279613, -124.612369 49.279618, -124.612406 49.279662, -124.612458 49.279695, -124.612579 49.279735, -124.612656 49.279729, -124.612707 49.27974, -124.612728 49.279742, -124.612757 49.27975, -124.612784 49.279753, -124.612821 49.279759, -124.61285 49.27975, -124.612885 49.279754, -124.612914 49.279742, -124.612934 49.27972, -124.612952 49.279706, -124.612965 49.279686, -124.613 49.279684, -124.613018 49.279668, -124.613042 49.279653, -124.613066 49.27964, -124.613096 49.279641, -124.61313 49.279641, -124.613167 49.279641, -124.613205 49.279626, -124.613226 49.279609, -124.613246 49.279592, -124.613279 49.279583, -124.613305 49.279575, -124.613319 49.279558, -124.613335 49.27954, -124.613341 49.279517, -124.613344 49.279493, -124.613332 49.279477, -124.613317 49.27946, -124.613293 49.27944, -124.613266 49.279433, -124.613255 49.279414, -124.613235 49.279391, -124.613231 49.279365, -124.613231 49.279352, -124.613236 49.279345, -124.61326 49.279339, -124.613298 49.279335, -124.613304 49.27931, -124.613305 49.279291, -124.61333 49.279278, -124.613365 49.279258, -124.61339 49.279245, -124.613407 49.27923, -124.613422 49.279214, -124.613448 49.279206, -124.613475 49.279191, -124.613501 49.279172, -124.61352 49.279157, -124.613542 49.279141, -124.61357 49.279136, -124.613602 49.279137, -124.613636 49.27914, -124.613666 49.279145, -124.613695 49.27915, -124.613723 49.279153, -124.613757 49.279154, -124.613779 49.279135, -124.61381 49.279127, -124.613844 49.279121, -124.613884 49.279119, -124.613908 49.279108, -124.613926 49.279093, -124.61393 49.279061, -124.613955 49.279037, -124.613972 49.279022, -124.61397 49.278999, -124.613982 49.278983, -124.614015 49.278964, -124.614036 49.278945, -124.614064 49.278943, -124.614086 49.278925, -124.61411 49.278916, -124.614131 49.278893, -124.614157 49.278881, -124.614188 49.278869, -124.614214 49.27885, -124.614238 49.278838, -124.614236 49.278819, -124.614248 49.278802, -124.614245 49.278783, -124.614244 49.278758, -124.614268 49.278746, -124.614304 49.278734, -124.614343 49.278708, -124.614359 49.278689, -124.614379 49.278673, -124.614403 49.278652, -124.614417 49.278609, -124.614427 49.278586, -124.614424 49.278563, -124.614402 49.278532, -124.614402 49.278506, -124.614401 49.278484, -124.614398 49.278461, -124.614416 49.278438, -124.614423 49.278421, -124.614403 49.278408, -124.614384 49.278392, -124.614375 49.278362, -124.614363 49.278336, -124.614353 49.278161, -124.61444 49.278, -124.61456 49.27782, -124.61471 49.27774, -124.61493 49.27778, -124.61518 49.27787, -124.61586 49.27822, -124.61606 49.27835, -124.61622 49.27849, -124.61633 49.27864, -124.61637 49.27882, -124.61633 49.27918, -124.6164 49.27966, -124.61667 49.28046, -124.61686 49.28075, -124.61693 49.28084, -124.61705 49.28104, -124.61714 49.28125, -124.61722 49.28148, -124.61722 49.28172, -124.61721 49.28186, -124.61718 49.28275, -124.61722 49.28292, -124.6173 49.28306, -124.61804 49.28328, -124.61832 49.28335, -124.61862 49.28345, -124.61886 49.28368, -124.61902 49.28399, -124.61921 49.28428, -124.61944 49.28455, -124.61972 49.28483, -124.61997 49.28512, -124.62017 49.28542, -124.62062 49.285931))"
237,2023-07-29 10:30:57,2023070302,2023,16.6,Non-corrected airborne GPS,1688367600000,1688940403000,Under Control,JA70003000,165557.1904,3091.9172,420,62987e36-8212-4c80-a4a6-b3af5240c033,380914.140625,4692.18444771233,https://wildfiresituation.nrs.gov.bc.ca/incidents?fireYear=2023&incidentNumber=V71098,"POLYGON ((-124.881978 48.774713, -124.881973 48.774742, -124.881963 48.77477, -124.881948 48.774802, -124.881934 48.774825, -124.881919 48.77485, -124.881881 48.774886, -124.881873 48.774978, -124.881866 48.77501, -124.881861 48.775039, -124.88187 48.775075, -124.881887 48.775106, -124.881896 48.775138, -124.881914 48.775157, -124.881926 48.775178, -124.881941 48.775202, -124.881958 48.775219, -124.881989 48.775245, -124.882027 48.775277, -124.882062 48.775313, -124.882059 48.775334, -124.882046 48.775352, -124.882032 48.775369, -124.882002 48.775379, -124.881964 48.775376, -124.881925 48.775372, -124.881828 48.775429, -124.881805 48.775456, -124.881779 48.775466, -124.881752 48.775472, -124.881721 48.775473, -124.881671 48.775476, -124.881637 48.775467, -124.881607 48.775462, -124.881561 48.775448, -124.881534 48.775456, -124.881494 48.775468, -124.881454 48.775472, -124.881427 48.775479, -124.881394 48.775479, -124.881353 48.775479, -124.881321 48.775487, -124.881289 48.775502, -124.881286 48.775521, -124.881258 48.775525, -124.881228 48.775528, -124.881203 48.775538, -124.881175 48.775552, -124.881151 48.775563, -124.881128 48.775585, -124.881115 48.775606, -124.881118 48.775644, -124.881123 48.775651, -124.881137 48.77567, -124.881147 48.775695, -124.881163 48.775728, -124.881178 48.775747, -124.881181 48.775771, -124.881223 48.775816, -124.881241 48.775849, -124.881261 48.775872, -124.88126 48.775893, -124.881274 48.775917, -124.881294 48.775939, -124.881293 48.775986, -124.881277 48.776002, -124.881272 48.776025, -124.881263 48.776043, -124.881254 48.776062, -124.881244 48.776089, -124.881243 48.77611, -124.881213 48.776142, -124.881222 48.776165, -124.881221 48.776184, -124.881213 48.776208, -124.881219 48.776253, -124.881209 48.776329, -124.881214 48.776347, -124.881228 48.776373, -124.881223 48.776399, -124.88122 48.776504, -124.88123 48.776531, -124.881216 48.776552, -124.881194 48.776572, -124.881201 48.776597, -124.881205 48.776616, -124.881194 48.77664, -124.881198 48.77666, -124.881204 48.776679, -124.881188 48.776691, -124.881184 48.776694, -124.881157 48.776696, -124.881124 48.776685, -124.881088 48.776689, -124.881055 48.776692, -124.881028 48.77669, -124.880991 48.77669, -124.880963 48.776681, -124.880927 48.776671, -124.880851 48.77667, -124.880843 48.776673, -124.880816 48.776684, -124.880785 48.776679, -124.880761 48.776671, -124.880725 48.776654, -124.880682 48.776663, -124.880643 48.776657, -124.880601 48.776634, -124.880569 48.776629, -124.88053 48.776627, -124.880496 48.776644, -124.880487 48.776674, -124.880488 48.776716, -124.880483 48.776752, -124.880469 48.776789, -124.880467 48.776824, -124.880461 48.776864, -124.880455 48.776904, -124.880463 48.776947, -124.880475 48.776985, -124.880487 48.777023, -124.880483 48.777065, -124.88051 48.777099, -124.880545 48.777125, -124.880576 48.777154, -124.880612 48.77718, -124.880653 48.777202, -124.880687 48.777225, -124.880723 48.777249, -124.88076 48.777275, -124.880791 48.777301, -124.880818 48.777329, -124.880854 48.777353, -124.880881 48.777381, -124.880916 48.777406, -124.880951 48.777433, -124.880972 48.777465, -124.880995 48.777495, -124.881021 48.777516, -124.881033 48.777535, -124.88107 48.777558, -124.881096 48.77759, -124.881116 48.777619, -124.881136 48.777639, -124.881145 48.777648, -124.881182 48.777671, -124.881209 48.777703, -124.881246 48.777721, -124.881284 48.777744, -124.881324 48.777757, -124.88136 48.777777, -124.881392 48.777789, -124.881421 48.77779, -124.88146 48.7778, -124.881501 48.777812, -124.881525 48.777826, -124.881557 48.77785, -124.881588 48.777875, -124.881619 48.777898, -124.881643 48.777926, -124.881665 48.777957, -124.881666 48.777983, -124.881686 48.778003, -124.881704 48.77802, -124.881706 48.778052, -124.881714 48.778081, -124.881721 48.778119, -124.881723 48.778156, -124.881726 48.778187, -124.881739 48.778217, -124.881733 48.778249, -124.881726 48.778275, -124.881726 48.778306, -124.881717 48.778335, -124.881707 48.778364, -124.881692 48.778387, -124.881687 48.778417, -124.881674 48.778446, -124.881658 48.778472, -124.881642 48.778496, -124.881627 48.778521, -124.881615 48.778547, -124.881597 48.778573, -124.881586 48.778607, -124.881565 48.778639, -124.881544 48.778669, -124.881526 48.7787, -124.881507 48.778732, -124.881486 48.778763, -124.881465 48.77879, -124.881442 48.778817, -124.881422 48.778848, -124.881403 48.778874, -124.881389 48.778891, -124.881379 48.77891, -124.881364 48.778928, -124.881346 48.778945, -124.881332 48.778969, -124.881319 48.779011, -124.881242 48.779035, -124.881202 48.779055, -124.881155 48.779066, -124.881105 48.77908, -124.881064 48.779101, -124.881011 48.779122, -124.880952 48.779117, -124.880876 48.779109, -124.880851 48.779095, -124.880822 48.779083, -124.8808 48.779051, -124.880773 48.779035, -124.880762 48.779009, -124.880793 48.778987, -124.880819 48.77898, -124.880842 48.778961, -124.880865 48.778949, -124.880892 48.77894, -124.880922 48.778935, -124.880947 48.778916, -124.880982 48.778904, -124.881006 48.778891, -124.881047 48.778859, -124.881048 48.778838, -124.881042 48.77882, -124.881013 48.778803, -124.881011 48.778785, -124.880979 48.778782, -124.880951 48.778767, -124.880944 48.778742, -124.880953 48.778721, -124.880974 48.778705, -124.881 48.778687, -124.881016 48.778664, -124.881047 48.778648, -124.881073 48.778632, -124.881072 48.778592, -124.881086 48.778571, -124.88109 48.778552, -124.881077 48.778535, -124.881049 48.778521, -124.881014 48.778508, -124.880962 48.778498, -124.88092 48.778502, -124.88088 48.778504, -124.880859 48.778491, -124.880867 48.778474, -124.880862 48.778454, -124.880847 48.778434, -124.880837 48.778413, -124.880833 48.778393, -124.88083 48.778386, -124.880827 48.778374, -124.880828 48.778349, -124.880837 48.77832, -124.880834 48.778295, -124.880784 48.778285, -124.880775 48.778257, -124.880745 48.778251, -124.880704 48.778261, -124.880701 48.778281, -124.880674 48.77829, -124.880639 48.778307, -124.880611 48.778319, -124.880593 48.778343, -124.880579 48.778358, -124.880584 48.778377, -124.880583 48.778401, -124.880587 48.77843, -124.880579 48.778442, -124.88056 48.778466, -124.880544 48.77849, -124.880513 48.778488, -124.880481 48.778487, -124.880444 48.77849, -124.880415 48.778491, -124.880379 48.778503, -124.880344 48.7785, -124.880323 48.778487, -124.880289 48.778488, -124.88026 48.778486, -124.880225 48.77848, -124.880223 48.778465, -124.880214 48.778421, -124.880194 48.778403, -124.880185 48.778383, -124.880185 48.778365, -124.880184 48.778345, -124.880158 48.778323, -124.880122 48.778319, -124.880084 48.778335, -124.880055 48.778352, -124.880024 48.778356, -124.880012 48.77838, -124.879989 48.77839, -124.879976 48.778413, -124.879965 48.778431, -124.879944 48.778443, -124.879933 48.778462, -124.879918 48.778477, -124.879895 48.778498, -124.879881 48.778514, -124.879845 48.778532, -124.879835 48.778551, -124.879832 48.778579, -124.879843 48.778596, -124.879886 48.778613, -124.879927 48.778647, -124.87996 48.778651, -124.879992 48.778656, -124.880003 48.778674, -124.880003 48.778692, -124.880009 48.778712, -124.880003 48.778734, -124.880015 48.778753, -124.880035 48.778769, -124.880058 48.778784, -124.880076 48.778798, -124.880075 48.778799, -124.880001 48.778832, -124.879982 48.778816, -124.879915 48.778816, -124.879919 48.778788, -124.879921 48.778754, -124.87989 48.77875, -124.87987 48.778772, -124.879838 48.778768, -124.8798 48.778784, -124.879771 48.778791, -124.879761 48.778789, -124.879737 48.778794, -124.879746 48.778819, -124.879744 48.778845, -124.87974 48.778865, -124.879717 48.778886, -124.879685 48.778888, -124.879629 48.778877, -124.879608 48.778865, -124.879599 48.778846, -124.879552 48.778855, -124.879546 48.778884, -124.87953 48.778912, -124.879523 48.778917, -124.879421 48.778929, -124.879418 48.778927, -124.879413 48.778904, -124.87937 48.778897, -124.879343 48.778911, -124.879302 48.778903, -124.879274 48.778895, -124.879276 48.778875, -124.879271 48.778855, -124.879243 48.778856, -124.879218 48.778841, -124.879184 48.778845, -124.879158 48.778864, -124.879129 48.778871, -124.879102 48.778881, -124.87905 48.778905, -124.879027 48.778925, -124.879 48.778929, -124.878973 48.778942, -124.878959 48.77895, -124.878888 48.778947, -124.878864 48.778927, -124.878885 48.778913, -124.878896 48.778879, -124.878889 48.778858, -124.878896 48.778839, -124.878869 48.778829, -124.878842 48.778833, -124.878809 48.778822, -124.87878 48.778816, -124.878759 48.778803, -124.878736 48.778786, -124.878739 48.778766, -124.878757 48.778751, -124.878766 48.778731, -124.878737 48.778724, -124.878709 48.778725, -124.87868 48.778726, -124.878652 48.778727, -124.87862 48.778723, -124.878594 48.778699, -124.878567 48.778691, -124.878531 48.778713, -124.878507 48.778727, -124.878483 48.778741, -124.878461 48.778753, -124.878442 48.77877, -124.878427 48.778792, -124.878417 48.778817, -124.87841 48.778836, -124.878418 48.778859, -124.878438 48.778873, -124.878424 48.778889, -124.878399 48.778898, -124.878379 48.778916, -124.878367 48.77892, -124.878348 48.778926, -124.878318 48.778929, -124.878288 48.77894, -124.878261 48.77895, -124.878235 48.77896, -124.878216 48.778976, -124.878191 48.778989, -124.878166 48.778998, -124.878137 48.778997, -124.878108 48.778993, -124.878074 48.779001, -124.878048 48.77901, -124.878037 48.779027, -124.878043 48.77905, -124.878044 48.779069, -124.878061 48.779094, -124.878087 48.779125, -124.878091 48.779123, -124.878071 48.779145, -124.87806 48.779163, -124.878069 48.779184, -124.878062 48.779196, -124.87804 48.779222, -124.878006 48.779247, -124.877987 48.779268, -124.878013 48.779277, -124.878046 48.779272, -124.878027 48.779334, -124.877988 48.779386, -124.878 48.779407, -124.877996 48.779432, -124.878008 48.77945, -124.878008 48.779477, -124.877998 48.779496, -124.878007 48.779518, -124.878007 48.77954, -124.878007 48.779565, -124.877981 48.779576, -124.877975 48.779598, -124.877962 48.779619, -124.877964 48.779638, -124.877956 48.779658, -124.877925 48.779656, -124.877894 48.779647, -124.877866 48.779635, -124.877831 48.779622, -124.877806 48.779612, -124.877782 48.779623, -124.877749 48.779627, -124.87771 48.779634, -124.87769 48.779653, -124.877674 48.779673, -124.877682 48.779693, -124.877703 48.779711, -124.877713 48.779728, -124.877726 48.779746, -124.877749 48.779796, -124.877739 48.779823, -124.877717 48.779846, -124.877695 48.779872, -124.877674 48.779891, -124.877676 48.77991, -124.877681 48.779929, -124.87768 48.779952, -124.877638 48.779961, -124.877616 48.779979, -124.877641 48.779995, -124.877665 48.78001, -124.877695 48.780013, -124.877717 48.780035, -124.877735 48.780051, -124.877743 48.780071, -124.877763 48.780095, -124.877764 48.78012, -124.877784 48.780138, -124.87779 48.780157, -124.877785 48.78018, -124.877773 48.780198, -124.877748 48.780216, -124.87772 48.780219, -124.877699 48.780232, -124.877676 48.780247, -124.877666 48.780271, -124.877654 48.78029, -124.877654 48.780316, -124.877622 48.780337, -124.877612 48.780357, -124.877566 48.780371, -124.877549 48.780399, -124.877531 48.780417, -124.877505 48.780432, -124.877477 48.780439, -124.87744 48.780441, -124.877406 48.780436, -124.877386 48.780451, -124.877399 48.780475, -124.8774 48.780493, -124.877416 48.78051, -124.877458 48.780529, -124.87749 48.780523, -124.877528 48.78052, -124.877558 48.780525, -124.877586 48.780516, -124.877612 48.780502, -124.877639 48.780507, -124.877656 48.780529, -124.877668 48.780549, -124.877688 48.780562, -124.877716 48.780576, -124.877729 48.780599, -124.877748 48.780613, -124.877762 48.780636, -124.877786 48.780646, -124.877787 48.780665, -124.877781 48.780682, -124.877784 48.780708, -124.877782 48.780732, -124.877772 48.780751, -124.87776 48.780772, -124.877751 48.780795, -124.877722 48.780804, -124.877697 48.780813, -124.877661 48.780834, -124.877621 48.780843, -124.877585 48.780875, -124.877599 48.780894, -124.877595 48.780917, -124.877577 48.780933, -124.877563 48.780956, -124.877544 48.780978, -124.877535 48.780998, -124.877535 48.781019, -124.877549 48.781084, -124.877521 48.781083, -124.877479 48.781087, -124.877447 48.781088, -124.877416 48.781095, -124.877388 48.781085, -124.877369 48.7811, -124.87734 48.781095, -124.877306 48.781105, -124.877304 48.781125, -124.877293 48.781152, -124.877264 48.781167, -124.877252 48.781186, -124.877261 48.781213, -124.877266 48.781235, -124.877276 48.781254, -124.877276 48.781276, -124.877278 48.781295, -124.877275 48.781313, -124.877291 48.781335, -124.877272 48.781352, -124.87724 48.781365, -124.877239 48.781384, -124.877216 48.781397, -124.877211 48.781415, -124.877198 48.781431, -124.877192 48.78145, -124.877205 48.78147, -124.87717 48.781486, -124.877162 48.781504, -124.877131 48.781523, -124.877093 48.781519, -124.877065 48.781517, -124.877034 48.781516, -124.876998 48.781518, -124.87697 48.781514, -124.876938 48.781519, -124.876919 48.781531, -124.876904 48.781553, -124.87689 48.781568, -124.876874 48.781584, -124.876845 48.781597, -124.876814 48.781609, -124.876796 48.781622, -124.876773 48.781638, -124.876737 48.781658, -124.876701 48.781646, -124.876676 48.781635, -124.876647 48.781615, -124.876601 48.781594, -124.876556 48.781576, -124.876514 48.781557, -124.876466 48.78154, -124.876431 48.781515, -124.876405 48.781494, -124.876368 48.781474, -124.876342 48.78145, -124.876314 48.78143, -124.876282 48.78141, -124.876244 48.781404, -124.876205 48.781395, -124.876177 48.781383, -124.876113 48.781373, -124.876074 48.78138, -124.876031 48.781378, -124.875998 48.781376, -124.875951 48.781381, -124.875904 48.78138, -124.875867 48.781385, -124.875825 48.781395, -124.875793 48.781402, -124.875748 48.781408, -124.875719 48.781424, -124.875669 48.781433, -124.87562 48.781444, -124.875564 48.781449, -124.875523 48.781442, -124.87548 48.781441, -124.875446 48.781443, -124.875412 48.781422, -124.875402 48.781403, -124.875384 48.781371, -124.875363 48.781353, -124.875355 48.781327, -124.87536 48.781299, -124.875366 48.781269, -124.875375 48.781241, -124.875398 48.781228, -124.875418 48.781209, -124.875428 48.781184, -124.875429 48.781152, -124.875436 48.78112, -124.875445 48.781087, -124.875438 48.781053, -124.875441 48.781023, -124.875426 48.780988, -124.875408 48.780952, -124.875392 48.780921, -124.875383 48.780889, -124.875367 48.780856, -124.875357 48.780821, -124.875341 48.780788, -124.875331 48.780754, -124.875326 48.78072, -124.875323 48.780685, -124.875312 48.780651, -124.875308 48.780614, -124.875303 48.780581, -124.875295 48.780547, -124.875293 48.780513, -124.875292 48.780478, -124.875291 48.780448, -124.875284 48.780418, -124.875273 48.780385, -124.875256 48.780358, -124.875264 48.780328, -124.875272 48.780305, -124.875275 48.780272, -124.875291 48.780241, -124.875297 48.780205, -124.87531 48.780174, -124.875329 48.780145, -124.875344 48.780117, -124.875371 48.780093, -124.875397 48.78007, -124.875423 48.780044, -124.875441 48.780029, -124.875464 48.780004, -124.875482 48.779973, -124.87551 48.779939, -124.875528 48.779911, -124.875544 48.779881, -124.87555 48.779852, -124.87556 48.779819, -124.875568 48.779792, -124.875565 48.779758, -124.875568 48.779733, -124.875561 48.779703, -124.87556 48.77968, -124.875546 48.779661, -124.875535 48.779633, -124.875522 48.779611, -124.875486 48.779592, -124.875466 48.779568, -124.875344 48.779467, -124.875331 48.779447, -124.875346 48.779429, -124.875386 48.779396, -124.875413 48.779367, -124.875439 48.77934, -124.875464 48.779308, -124.875474 48.779273, -124.875491 48.779238, -124.875501 48.779206, -124.875522 48.779176, -124.875544 48.779143, -124.875563 48.77911, -124.875585 48.779085, -124.875593 48.779061, -124.875575 48.779042, -124.875596 48.779017, -124.875625 48.778995, -124.875658 48.77897, -124.875688 48.778944, -124.87571 48.778919, -124.875739 48.778894, -124.875767 48.778873, -124.875789 48.77885, -124.875813 48.778822, -124.875842 48.778791, -124.875864 48.778755, -124.875884 48.778733, -124.875898 48.778702, -124.875913 48.778672, -124.875927 48.778645, -124.875943 48.77862, -124.875951 48.778591, -124.875969 48.778566, -124.875977 48.778539, -124.875992 48.77851, -124.876004 48.778484, -124.876023 48.778463, -124.876022 48.778444, -124.876036 48.778425, -124.876065 48.778411, -124.876083 48.778397, -124.876096 48.778377, -124.876104 48.778354, -124.876108 48.77833, -124.876118 48.77831, -124.876129 48.77828, -124.876137 48.778247, -124.876158 48.778222, -124.876172 48.7782, -124.87619 48.778173, -124.876206 48.778148, -124.876215 48.778123, -124.876223 48.778099, -124.876239 48.778076, -124.876254 48.778052, -124.876269 48.778026, -124.876294 48.777998, -124.87631 48.777976, -124.876327 48.777954, -124.876348 48.777927, -124.876367 48.777894, -124.876389 48.777869, -124.876411 48.777845, -124.876434 48.777825, -124.876461 48.7778, -124.876477 48.777784, -124.876496 48.777762, -124.87651 48.777729, -124.876529 48.777707, -124.876545 48.777679, -124.876561 48.777654, -124.876573 48.777633, -124.876606 48.777642, -124.876625 48.777658, -124.876634 48.777678, -124.876636 48.777685, -124.876664 48.777687, -124.876677 48.777666, -124.876698 48.777684, -124.87673 48.777688, -124.876714 48.777714, -124.876682 48.777712, -124.876649 48.77773, -124.876682 48.777765, -124.876708 48.777778, -124.87674 48.777777, -124.876769 48.777774, -124.87681 48.777781, -124.876803 48.777804, -124.876826 48.777818, -124.876839 48.777836, -124.876838 48.777855, -124.876835 48.777875, -124.87683 48.777893, -124.876849 48.777908, -124.876881 48.777904, -124.876924 48.777889, -124.87696 48.777892, -124.876995 48.777886, -124.877022 48.777873, -124.877026 48.777874, -124.87703 48.777896, -124.877025 48.777914, -124.877056 48.777925, -124.877089 48.777954, -124.877121 48.777968, -124.877147 48.778002, -124.877149 48.778032, -124.877138 48.778053, -124.877128 48.778081, -124.877143 48.778097, -124.877182 48.778102, -124.877211 48.778095, -124.877249 48.778092, -124.877284 48.778085, -124.87729 48.778085, -124.877324 48.778079, -124.877357 48.778072, -124.877374 48.778056, -124.877404 48.778057, -124.877431 48.778047, -124.877457 48.778041, -124.877475 48.778027, -124.877504 48.778011, -124.877536 48.77799, -124.877552 48.777963, -124.877575 48.777946, -124.877592 48.777926, -124.877589 48.777903, -124.877596 48.777879, -124.877589 48.777859, -124.877603 48.77784, -124.877589 48.777814, -124.877571 48.7778, -124.877538 48.777786, -124.877511 48.777774, -124.877501 48.777755, -124.877491 48.777737, -124.877457 48.777732, -124.877427 48.777719, -124.877411 48.777699, -124.877395 48.777684, -124.877367 48.77767, -124.877369 48.77765, -124.877366 48.777627, -124.877365 48.777609, -124.877361 48.777586, -124.87736 48.777562, -124.877361 48.77754, -124.877372 48.77752, -124.877382 48.7775, -124.877381 48.777478, -124.877378 48.77746, -124.877383 48.777441, -124.877396 48.777424, -124.877454 48.777383, -124.877467 48.777372, -124.877504 48.777367, -124.877532 48.777357, -124.877576 48.777345, -124.877607 48.777333, -124.877613 48.777331, -124.877639 48.777304, -124.877651 48.777275, -124.877653 48.777255, -124.877663 48.777236, -124.877658 48.777216, -124.877656 48.777196, -124.877638 48.777177, -124.877665 48.777151, -124.877701 48.77714, -124.877738 48.777123, -124.877754 48.777101, -124.877784 48.77709, -124.877761 48.777074, -124.877741 48.777058, -124.877709 48.777043, -124.87771 48.777024, -124.87773 48.777012, -124.877767 48.777014, -124.877823 48.777007, -124.877861 48.776995, -124.877888 48.777, -124.877941 48.776995, -124.877969 48.777009, -124.87801 48.777004, -124.878034 48.776991, -124.87806 48.776976, -124.878074 48.776959, -124.878077 48.776936, -124.87806 48.776921, -124.878068 48.776901, -124.878037 48.776888, -124.87803 48.77687, -124.878014 48.776851, -124.878009 48.776828, -124.878022 48.776808, -124.878013 48.77679, -124.877977 48.776775, -124.877938 48.776777, -124.877906 48.776771, -124.877864 48.776765, -124.877839 48.776777, -124.877804 48.776758, -124.877817 48.776735, -124.877857 48.776713, -124.87788 48.776691, -124.87788 48.776665, -124.877895 48.776648, -124.87795 48.776638, -124.877975 48.776625, -124.877994 48.776609, -124.877987 48.776591, -124.877968 48.776578, -124.877948 48.776558, -124.877911 48.776558, -124.877884 48.776561, -124.877864 48.776578, -124.877856 48.776603, -124.877833 48.776615, -124.877807 48.776619, -124.877786 48.776623, -124.877754 48.776624, -124.877726 48.776624, -124.877689 48.776621, -124.877674 48.776604, -124.877656 48.77659, -124.877631 48.776575, -124.87761 48.776562, -124.877604 48.776537, -124.877575 48.776543, -124.877541 48.776552, -124.877512 48.776547, -124.877507 48.776523, -124.877537 48.776508, -124.87757 48.77651, -124.877582 48.776485, -124.877593 48.776467, -124.877613 48.776453, -124.877623 48.776434, -124.877607 48.77641, -124.877611 48.776386, -124.877601 48.776364, -124.877583 48.776339, -124.877577 48.776315, -124.877566 48.776293, -124.877578 48.776272, -124.877541 48.776254, -124.877536 48.776224, -124.877533 48.776199, -124.877544 48.776163, -124.877573 48.77614, -124.877586 48.776104, -124.877569 48.776071, -124.877598 48.776042, -124.877637 48.776012, -124.877675 48.775982, -124.87772 48.775956, -124.877764 48.77593, -124.877824 48.775904, -124.877886 48.775876, -124.877942 48.775855, -124.877992 48.775843, -124.878041 48.775833, -124.878097 48.775819, -124.878136 48.775807, -124.878172 48.775806, -124.878208 48.775799, -124.878271 48.775788, -124.878327 48.77578, -124.878382 48.775771, -124.878441 48.775767, -124.878501 48.775759, -124.878553 48.775747, -124.878608 48.775745, -124.87867 48.77574, -124.87873 48.775732, -124.878794 48.775722, -124.878855 48.775717, -124.878923 48.775713, -124.878989 48.775705, -124.87905 48.775696, -124.879099 48.77568, -124.879158 48.77567, -124.879223 48.775657, -124.879287 48.775639, -124.879341 48.775619, -124.879369 48.77559, -124.87939 48.775556, -124.879419 48.775526, -124.879456 48.775494, -124.879496 48.775464, -124.879537 48.775438, -124.879585 48.77541, -124.879626 48.775378, -124.879662 48.775345, -124.879709 48.775314, -124.879752 48.775283, -124.879799 48.775255, -124.879858 48.775221, -124.879887 48.775187, -124.879914 48.775157, -124.87995 48.775128, -124.879989 48.775096, -124.880019 48.775065, -124.880059 48.775029, -124.880102 48.774997, -124.880131 48.774971, -124.880141 48.774952, -124.880159 48.774935, -124.880192 48.774918, -124.880221 48.774893, -124.880242 48.774871, -124.880248 48.774851, -124.880272 48.774818, -124.880281 48.774785, -124.880296 48.774754, -124.88031 48.774721, -124.880338 48.774691, -124.880381 48.774665, -124.88042 48.774639, -124.880465 48.774614, -124.88052 48.774601, -124.880581 48.774594, -124.880642 48.774593, -124.8807 48.774591, -124.880753 48.774595, -124.880811 48.774601, -124.880862 48.774607, -124.880908 48.774614, -124.88097 48.774619, -124.881018 48.774626, -124.881057 48.77464, -124.881104 48.774644, -124.881163 48.774641, -124.881199 48.774648, -124.881241 48.774643, -124.881271 48.774642, -124.881304 48.774633, -124.881338 48.774632, -124.881366 48.774629, -124.881403 48.774635, -124.881445 48.774633, -124.881492 48.774625, -124.881526 48.77462, -124.881556 48.774619, -124.881599 48.774615, -124.881635 48.774604, -124.88168 48.774599, -124.881723 48.774596, -124.881757 48.774593, -124.881785 48.774591, -124.881837 48.774591, -124.881868 48.7746, -124.881896 48.774609, -124.881921 48.774622, -124.88195 48.774631, -124.881989 48.774655, -124.881978 48.774713))"
