,agency,firename,lat,lon,startdate,hectares,stage_of_control,timezone,timestamp
0,ab,EWF-015-2023,53.6828,-115.948, 2023-04-29 20:20:00,46.57, UC,,2023-06-24 04:39:54
1,ab,LWF-047-2023,54.6685,-111.908, 2023-04-26 18:09:00,0.1, UC,,2023-06-24 04:39:54
2,ab,HWF-008-2023,58.4787,-114.536, 2023-04-17 23:22:00,0.01, UC,,2023-06-24 04:39:54
3,ab,EWF-014-2023,53.1571,-116.952, 2023-04-27 02:43:00,0.79, UC,,2023-06-24 04:39:54
4,ab,WWF-015-2023,54.0948,-115.322, 2023-04-29 23:00:00,47.0, UC,,2023-06-24 04:39:54
5,ab,LWF-084-2023,54.6224,-111.829, 2023-05-04 03:35:00,153.0, UC, MDT,2023-06-24 04:39:54
6,ab,LWF-091-2023,54.5023,-113.654, 2023-05-04 22:50:00,200.0, UC, MDT,2023-06-24 04:39:54
7,ab,PWF-008-2023,56.4749,-117.295, 2023-04-17 01:50:00,64.6, UC,,2023-06-24 04:39:54
8,ab,HWF-002-2023,58.5221,-115.167, 2023-03-30 20:05:00,0.1, UC,,2023-06-24 04:39:54
9,ak,Windfall Mountain Coal Seam,65.0282,-141.246, 2023-05-08 00:00:00,0.04, Unstaffed/Uncontaine,,2023-06-24 04:39:54
10,sk,23LA-DECEPTION,56.5541,-104.258, 2023-05-12 17:58:36,1000.0, OC, CST,2023-06-24 04:39:54
11,ak,Trout Creek Coal Seam,65.0973,-141.639, 2023-05-08 00:00:00,0.04, Unstaffed/Uncontaine,,2023-06-24 04:39:54
12,ab,EWF-039-2023,53.4706,-115.871, 2023-05-06 03:51:00,165.0, BH, MDT,2023-06-24 04:39:54
13,ak,Stuart Creek Rx,64.7068,-146.606, 2023-05-03 00:00:00,5908.4, Pre,,2023-06-24 04:39:54
14,ab,SWF-063-2023,54.9577,-115.681, 2023-05-04 22:05:00,123670.0, OC, MDT,2023-06-24 04:39:54
15,ab,SWF-064-2023,54.896,-116.1, 2023-05-04 23:03:00,40060.0, OC, MDT,2023-06-24 04:39:54
16,bc,2023-G80175,56.5319,-121.925, 2023-05-03 04:05:00,385.0, UC, PDT,2023-06-24 04:39:54
17,bc,2023-G80220,56.2688,-119.93, 2023-05-05 21:37:00,6171.0, UC, PDT,2023-06-24 04:39:54
18,ab,EWF-038-2023,53.6919,-116.081, 2023-05-06 02:38:00,1.2, UC, MDT,2023-06-24 04:39:54
19,ab,PWF-036-2023,56.5305,-118.855, 2023-05-05 20:30:00,13.0, UC, MDT,2023-06-24 04:39:54
20,bc,2023-G30210,53.2884,-120.071, 2023-05-05 00:01:00,1100.0, UC, PDT,2023-06-24 04:39:54
21,bc,2023-G40324,53.9544,-124.519, 2023-05-15 21:42:00,142.0, UC, PDT,2023-06-24 04:39:54
22,ab,LWF-114-2023,55.181,-111.994, 2023-05-12 20:47:00,5.0, UC, MDT,2023-06-24 04:39:54
23,ab,SWF-060-2023,55.9564,-115.056, 2023-05-04 22:09:00,43981.0, BH, MDT,2023-06-24 04:39:54
24,bc,2023-G80291,56.5112,-121.222, 2023-05-13 23:03:00,29222.0, BH, PDT,2023-06-24 04:39:54
25,ab,LSZ-001-2023,55.272,-110.026, 2023-05-24 13:00:00,4900.0, OC, MDT,2023-06-24 04:39:54
26,on,COC_FIRE_001,51.5566,-85.3216, 2023-05-28 20:52:00,45.0, OC, GMT,2023-06-24 04:39:54
27,bc,2023-G80223,56.4112,-121.233, 2023-05-05 22:06:00,2947.0, UC, PDT,2023-06-24 04:39:54
28,ab,PWF-035-2023,56.537,-118.874, 2023-05-05 20:30:00,0.3, UC, MDT,2023-06-24 04:39:54
29,nt,FS005-23,62.8533,-124.842, 2023-05-19 22:25:00,540.0, OC, MDT,2023-06-24 04:39:54
30,nt,FS004-23,63.2583,-125.12, 2023-05-17 14:30:00,10335.0, OC, MDT,2023-06-24 04:39:54
31,nt,FS003-23,62.554,-124.644, 2023-05-17 14:30:00,12453.0, OC, MDT,2023-06-24 04:39:54
32,mb,NO007,54.5228,-97.7611, 2023-05-15 05:00:00,3436.1, UC, CDT,2023-06-24 04:39:54
33,nt,FS002-23,61.8247,-123.87, 2023-05-19 21:49:00,14550.0, OC, MDT,2023-06-24 04:39:54
34,pc,2023NA1,61.8325,-123.936, 2023-05-16 19:52:18,57130.0, OC, MDT,2023-06-24 04:39:54
35,pc,2023WB13,58.841,-113.196, 2023-05-31 01:25:47,0.2, OC, MDT,2023-06-24 04:39:54
36,bc,2023-G70472,54.8899,-120.98, 2023-05-21 22:07:00,4.0, UC, PDT,2023-06-24 04:39:54
37,ab,PWF-034-2023,56.5452,-119.479, 2023-05-05 19:33:00,587.0, BH, MDT,2023-06-24 04:39:54
38,nt,SS004-23,60.9536,-119.188, 2023-05-12 23:30:00,5356.0, OC, MDT,2023-06-24 04:39:54
39,ab,SWF-085-2023,55.2233,-114.243, 2023-05-17 02:11:00,39.4, UC, MDT,2023-06-24 04:39:54
40,ab,PWF-038-2023,56.3832,-116.808, 2023-05-06 05:24:00,6129.85, UC, MDT,2023-06-24 04:39:54
41,ab,LCU-003-2023,54.8075,-113.08, 2023-05-03 22:55:00,2553.1, UC, MDT,2023-06-24 04:39:54
42,ab,GWF-017-2023,55.0666,-117.391, 2023-05-05 18:04:00,5478.53, UC, MDT,2023-06-24 04:39:54
43,ab,GWF-023-2023,55.1575,-117.331, 2023-05-06 21:14:00,3888.9, UC, MDT,2023-06-24 04:39:54
44,qc,165,49.0486,-75.8294, 2023-05-27 22:45:00,79.1, UC, EDT,2023-06-24 04:39:54
45,bc,2023-V30293,50.0628,-123.331, 2023-05-13 23:33:00,38.0, UC, PDT,2023-06-24 04:39:54
46,pc,2023WB11,59.2167,-113.423, 2023-05-30 23:53:22,6844.0, OC, MDT,2023-06-24 04:39:54
47,pc,2023WB10,58.7334,-111.507, 2023-05-30 21:13:40,369.0, OC, MDT,2023-06-24 04:39:54
48,pc,2023WB9,58.8869,-113.232, 2023-05-29 21:07:31,100.0, OC, MDT,2023-06-24 04:39:54
49,pc,2023WB8,58.9604,-112.99, 2023-05-29 19:03:21,1480.0, OC, MDT,2023-06-24 04:39:54
50,ak,Barley Way,63.9789,-145.35, 2023-05-20 00:00:00,125.49, Unstaffed/Contained,,2023-06-24 04:39:54
51,sk,23LX-PAWR03,55.2417,-109.689, 2023-05-16 13:30:17,8075.8, OC, CST,2023-06-24 04:39:54
52,qc,307,49.4628,-76.1267, 2023-06-01 23:19:00,0.0, BH, EDT,2023-06-24 04:39:54
53,sk,23BN-VOLD,55.8379,-109.774, 2023-06-02 16:41:36,4125.0, OC, CST,2023-06-24 04:39:54
54,on,RED_FIRE_005,53.4689,-93.2176, 2023-05-25 16:20:00,12742.4, OC, GMT,2023-06-24 04:39:54
55,bc,2023-C30446,52.8373,-120.466, 2023-05-21 01:42:00,150.0, OC, PDT,2023-06-24 04:39:54
56,bc,2023-C30572,52.6924,-120.486, 2023-06-03 00:28:00,25.0, OC, PDT,2023-06-24 04:39:54
57,ab,LWF-120-2023,56.2228,-110.948, 2023-05-16 21:25:00,5.6, UC, MDT,2023-06-24 04:39:54
58,nt,FS007-23,60.7851,-121.359, 2023-06-05 19:24:00,5.0, OC, MDT,2023-06-24 04:39:54
59,ab,MWF-030-2023,59.2466,-110.953, 2023-06-04 16:25:00,7.4, BH, MDT,2023-06-24 04:39:54
60,ab,MWF-026-2023,57.8825,-111.054, 2023-05-28 19:05:00,1705.0, BH, MDT,2023-06-24 04:39:54
61,conus,2023 Klamath NF Spring Lightni,41.7067,-122.645, ,0.0, 0% contained,,2023-06-24 04:39:54
62,qc,294,49.4994,-69.5892, 2023-06-02 00:00:00,0.0, UC, EDT,2023-06-24 04:39:54
63,nt,SS005-23,60.8492,-115.694, 2023-05-14 15:45:00,3208.9, UC, MDT,2023-06-24 04:39:54
64,nb,61884,45.1808,-66.9748, 2023-05-28 20:27:06,540.0, BH, ADT,2023-06-24 04:39:54
65,qc,430,49.3747,-69.7864, 2023-06-04 19:00:00,48.5, BH, EDT,2023-06-24 04:39:54
66,ab,HWF-056-2023,59.8411,-118.705, 2023-06-04 21:35:00,33.5, UC, MDT,2023-06-24 04:39:54
67,nt,FS008-23,61.15,-121.217, 2023-06-05 22:04:00,1.0, OC, MDT,2023-06-24 04:39:54
68,qc,261,49.5064,-69.6569, 2023-06-01 20:22:00,15431.9, BH, EDT,2023-06-24 04:39:54
69,qc,326,49.66,-69.9722, 2023-06-02 01:00:00,809.9, BH, EDT,2023-06-24 04:39:54
70,ab,PWF-050-2023,57.523,-119.03, 2023-06-04 21:35:00,0.35, UC, MDT,2023-06-24 04:39:54
71,qc,385,49.7144,-69.0931, 2023-06-03 05:00:00,531.2, BH, EDT,2023-06-24 04:39:54
72,qc,238,47.5953,-76.5986, 2023-06-01 18:06:00,328.2, UC, EDT,2023-06-24 04:39:54
73,on,COC_FIRE_006,48.9088,-80.3046, 2023-06-02 20:40:00,1239.0, OC, GMT,2023-06-24 04:39:54
74,ab,PWF-049-2023,57.0816,-118.129, 2023-05-29 20:20:00,2.77, UC, MDT,2023-06-24 04:39:54
75,ab,PWF-052-2023,57.1156,-119.538, 2023-06-05 21:15:00,0.35, UC, MDT,2023-06-24 04:39:54
76,on,SLK_FIRE_016,52.5516,-89.1452, 2023-06-05 23:41:00,6.0, OC, GMT,2023-06-24 04:39:54
77,nt,VQ002-23,64.3496,-122.732, 2023-06-03 00:55:00,132.0, OC, MDT,2023-06-24 04:39:54
78,nt,SS008-23,60.325,-119.086, 2023-05-23 18:00:00,108203.0, OC, MDT,2023-06-24 04:39:54
79,qc,272,47.6158,-75.7881, 2023-06-01 18:53:00,17.3, UC, EDT,2023-06-24 04:39:54
80,qc,350,48.1392,-75.3078, 2023-06-01 22:51:00,516.0, UC, EDT,2023-06-24 04:39:54
81,bc,2023-C30399,52.6166,-121.071, 2023-05-19 21:10:00,900.0, OC, PDT,2023-06-24 04:39:54
82,yt,2023OC001,67.1006,-137.348, 2023-06-09 23:29:00,70.0, UC, PDT,2023-06-24 04:39:54
83,ab,EWF-037-2023,53.91,-117.559, 2023-05-06 16:47:00,578.0, BH, MDT,2023-06-24 04:39:54
84,on,SLK_FIRE_010,52.2171,-90.7581, 2023-05-31 00:59:00,15.0, OC, GMT,2023-06-24 04:39:54
85,on,NIP_FIRE_011,53.0194,-87.5135, 2023-06-07 18:10:00,0.1, OC, GMT,2023-06-24 04:39:54
86,qc,346,46.8397,-76.9475, 2023-01-07 01:20:00,121.0, UC, EDT,2023-06-24 04:39:54
87,yt,2023DA002,65.4731,-138.159, 2023-06-09 23:13:00,100.0, OC, PDT,2023-06-24 04:39:54
88,on,CHA_FIRE_006,48.166,-83.8425, 2023-06-04 14:52:00,1229.0, OC, GMT,2023-06-24 04:39:54
89,on,CHA_FIRE_003,47.7236,-82.4194, 2023-06-01 19:30:00,3916.9, OC, GMT,2023-06-24 04:39:54
90,ab,GWF-019-2023,54.7357,-119.033, 2023-05-05 20:57:00,19435.0, UC, MDT,2023-06-24 04:39:54
91,qc,235,49.3883,-77.0656, 2023-06-01 19:47:00,10.9, BH, EDT,2023-06-24 04:39:54
92,ab,PWF-051-2023,56.4375,-119.181, 2023-06-05 18:38:00,0.01, UC, MDT,2023-06-24 04:39:54
93,bc,2023-K50624,49.8203,-119.789, 2023-06-05 03:07:00,33.0, UC, PDT,2023-06-24 04:39:54
94,bc,2023-G60651,56.3722,-124.745, 2023-06-07 00:04:00,1453.0, OC, PDT,2023-06-24 04:39:54
95,ns,09-013-2023,44.7292,-63.7225, 2023-05-30 20:00:00,7.21, UC, ADT,2023-06-24 04:39:54
96,pc,2023WB15,59.4837,-111.957, 2023-06-10 16:37:08,11.5, OC, MDT,2023-06-24 04:39:54
97,ns,04-022-2023,43.6089,-65.7526, 2023-05-30 00:00:00,138.0, UC, ADT,2023-06-24 04:39:54
98,qc,404,47.2269,-74.8572, 2023-06-04 13:47:00,221.8, UC, EDT,2023-06-24 04:39:54
99,qc,424,49.5353,-68.5503, 2023-06-01 21:00:00,158.5, UC, EDT,2023-06-24 04:39:54
100,on,COC_FIRE_010,52.2184,-81.6945, 2023-06-09 20:17:00,1.0, UC, GMT,2023-06-24 04:39:54
101,qc,433,49.0639,-75.0464, 2023-06-05 23:13:00,726.3, OC, EDT,2023-06-24 04:39:54
102,ab,MWF-023-2023,57.9763,-113.215, 2023-05-28 17:15:00,54639.0, BH, MDT,2023-06-24 04:39:54
103,ab,SWF-093-2023,56.6716,-115.94, 2023-06-07 20:07:00,23.9, UC, MDT,2023-06-24 04:39:54
104,qc,382,48.2969,-76.1019, 2023-06-01 23:41:00,2267.7, OC, EDT,2023-06-24 04:39:54
105,qc,274,49.5083,-75.2878, 2023-06-01 20:52:00,42457.6, OC, EDT,2023-06-24 04:39:54
106,on,SLK_FIRE_022,52.2732,-90.594, 2023-06-08 16:51:00,10.0, OC, GMT,2023-06-24 04:39:54
107,qc,370,49.2325,-75.31, 2023-06-03 11:27:00,2934.1, OC, EDT,2023-06-24 04:39:54
108,ab,SWF-095-2023,54.8679,-116.662, 2023-06-08 00:08:00,8500.0, OC, MDT,2023-06-24 04:39:54
109,qc,215,50.3747,-66.3844, 2023-05-31 05:00:00,800.4, UC, EDT,2023-06-24 04:39:54
110,ab,MWF-021-2023,57.6939,-113.296, 2023-05-28 01:40:00,14760.0, BH, MDT,2023-06-24 04:39:54
111,bc,2023-G90713,59.9467,-123.863, 2023-06-10 23:51:00,51.0, OC, PDT,2023-06-24 04:39:54
112,mb,NO023,56.5839,-91.1519, 2023-06-11 05:00:00,41.0, OC, CDT,2023-06-24 04:39:54
113,qc,365,48.3983,-74.8239, 2023-06-02 20:17:00,302.7, BH, EDT,2023-06-24 04:39:54
114,bc,2023-G60654,55.9288,-124.142, 2023-06-07 02:15:00,20.5, UC, PDT,2023-06-24 04:39:54
115,mb,NO028,55.7414,-92.8822, 2023-06-11 05:00:00,1.0, OC, CDT,2023-06-24 04:39:54
116,mb,NO022,56.5608,-90.9489, 2023-06-11 05:00:00,44.0, OC, CDT,2023-06-24 04:39:54
117,mb,NO024,56.24,-91.5425, 2023-06-11 05:00:00,713.0, OC, CDT,2023-06-24 04:39:54
118,ab,GWF-040-2023,54.5067,-117.18, 2023-06-08 01:00:00,1.3, UC, MDT,2023-06-24 04:39:54
119,mb,NO017,56.5533,-90.8742, 2023-06-09 05:00:00,211.0, OC, CDT,2023-06-24 04:39:54
120,bc,2023-G60666,55.9468,-124.545, 2023-06-08 02:14:00,13000.0, OC, PDT,2023-06-24 04:39:54
121,mb,NO025,56.4772,-92.2878, 2023-06-11 05:00:00,294.0, OC, CDT,2023-06-24 04:39:54
122,mb,NO018,57.0122,-90.3681, 2023-06-10 05:00:00,9.0, OC, CDT,2023-06-24 04:39:54
123,mb,NO019,56.6264,-91.7167, 2023-06-10 05:00:00,271.0, OC, CDT,2023-06-24 04:39:54
124,mb,NO020,56.8867,-90.0383, 2023-06-10 05:00:00,35.0, OC, CDT,2023-06-24 04:39:54
125,mb,NO021,56.9533,-93.1547, 2023-06-10 05:00:00,2175.0, OC, CDT,2023-06-24 04:39:54
126,mb,NO031,57.1206,-100.683, 2023-06-12 05:00:00,21.0, OC, CDT,2023-06-24 04:39:54
127,on,SLK_FIRE_036,51.689,-89.301, 2023-06-12 19:45:00,4.0, OC, GMT,2023-06-24 04:39:54
128,sk,23SR-JACKFISH,58.9644,-109.956, 2023-06-12 08:08:22,7163.9, OC, CST,2023-06-24 04:39:54
129,qc,352,49.1883,-72.0819, 2023-06-01 05:00:00,390.0, UC, EDT,2023-06-24 04:39:54
130,pc,2023WB6,59.7478,-112.071, 2023-05-28 06:19:35,0.2, UC, MDT,2023-06-24 04:39:54
131,pc,2023WB5,59.7391,-112.058, 2023-05-28 06:17:28,0.2, UC, MDT,2023-06-24 04:39:54
132,qc,213,49.7425,-74.9861, 2023-05-31 19:10:00,1043.0, UC, EDT,2023-06-24 04:39:54
133,ab,LWF-138-2023,55.6255,-110.357, 2023-05-29 21:53:00,4800.0, BH, MDT,2023-06-24 04:39:54
134,mb,NO032,56.2092,-90.6069, 2023-06-12 05:00:00,1598.0, OC, CDT,2023-06-24 04:39:54
135,mb,NO033,55.5628,-92.9303, 2023-06-12 05:00:00,23.0, OC, CDT,2023-06-24 04:39:54
136,sk,23BN-SHAD,56.4411,-107.966, 2023-05-29 12:10:42,24000.0, OC, CST,2023-06-24 04:39:54
137,qc,476,51.2297,-72.4511, 2023-06-10 21:56:00,251.4, OC, EDT,2023-06-24 04:39:54
138,ab,MWF-024-2023,57.7123,-110.647, 2023-05-28 18:05:00,28204.0, BH, MDT,2023-06-24 04:39:54
139,qc,299,49.2889,-72.4139, 2023-06-01 19:30:00,7241.2, UC, EDT,2023-06-24 04:39:54
140,ab,HWF-030-2023,58.468,-114.484, 2023-05-02 21:29:00,96582.0, OC, MDT,2023-06-24 04:39:54
141,on,SLK_FIRE_018,52.2693,-90.2512, 2023-06-06 21:34:00,3833.0, OC, GMT,2023-06-24 04:39:54
142,ab,GWF-039-2023,54.533,-119.276, 2023-06-07 21:43:00,93.9, BH, MDT,2023-06-24 04:39:54
143,qc,461,50.9978,-73.2606, 2023-06-05 22:30:00,3242.8, OC, EDT,2023-06-24 04:39:54
144,qc,459,51.5558,-71.4264, 2023-06-05 21:35:00,549.3, OC, EDT,2023-06-24 04:39:54
145,qc,478,50.9456,-73.2964, 2023-06-11 19:00:00,2124.5, OC, EDT,2023-06-24 04:39:54
146,qc,306,50.7044,-70.7317, 2023-06-01 20:00:00,2309.2, OC, EDT,2023-06-24 04:39:54
147,ab,EWF-066-2023,53.544,-116.552, 2023-06-09 19:22:00,0.2, UC, MDT,2023-06-24 04:39:54
148,ak,Lake Mansfield,63.5607,-143.343, 2023-06-11 00:00:00,11.17, Unstaffed/Contained,,2023-06-24 04:39:54
149,qc,458,51.6536,-71.695, 2023-06-05 20:15:00,397.4, OC, EDT,2023-06-24 04:39:54
150,on,WAW_FIRE_003,48.5366,-85.1704, 2023-05-27 18:36:00,6678.1, BH, GMT,2023-06-24 04:39:54
151,ab,GWF-018-2023,56.2818,-119.162, 2023-05-05 19:25:00,49327.7, BH, MDT,2023-06-24 04:39:54
152,on,SLK_FIRE_032,52.9571,-89.2777, 2023-06-11 18:26:00,37.0, OC, GMT,2023-06-24 04:39:54
153,qc,480,51.6803,-73.2594, 2023-06-11 05:00:00,9915.4, OC, EDT,2023-06-24 04:39:54
154,qc,479,52.5225,-70.4006, 2023-06-12 05:00:00,1156.6, OC, EDT,2023-06-24 04:39:54
155,sk,23SR-RIACH,59.7405,-109.309, 2023-05-19 17:58:10,18547.6, OC, CST,2023-06-24 04:39:54
156,sk,23LX-BOLDING,57.8766,-107.046, 2023-05-20 08:53:09,42844.3, OC, CST,2023-06-24 04:39:54
157,sk,23SR-KAY,59.6572,-109.611, 2023-05-19 18:13:18,8645.5, OC, CST,2023-06-24 04:39:54
158,ab,SWF-068-2023,55.8778,-116.408, 2023-05-05 19:12:00,132316.0, OC, MDT,2023-06-24 04:39:54
159,ab,HWF-066-2023,57.4107,-115.221, 2023-06-11 21:02:00,11.2, UC, MDT,2023-06-24 04:39:54
160,on,SUD_FIRE_017,46.6328,-82.2622, 2023-06-04 14:35:00,5857.0, OC, GMT,2023-06-24 04:39:54
161,bc,2023-G90790,57.8996,-123.61, 2023-06-15 03:22:00,10.0, OC, PDT,2023-06-24 04:39:54
162,qc,225,48.0569,-75.2647, 2023-06-01 18:30:00,9749.0, BH, EDT,2023-06-24 04:39:54
163,qc,226,47.9914,-75.0175, 2023-06-01 17:52:00,1851.3, BH, EDT,2023-06-24 04:39:54
164,qc,248,47.9144,-75.7328, 2023-06-01 18:04:00,6438.5, BH, EDT,2023-06-24 04:39:54
165,qc,360,47.4275,-75.9203, 2023-06-02 01:30:00,233.7, BH, EDT,2023-06-24 04:39:54
166,qc,236,49.3775,-72.0669, 2023-06-01 19:45:00,9866.7, BH, EDT,2023-06-24 04:39:54
167,on,SUD_FIRE_010,46.5705,-81.8123, 2023-06-02 23:03:00,1370.0, OC, GMT,2023-06-24 04:39:54
168,qc,375,49.5828,-68.4406, 2023-06-03 12:27:00,1883.1, BH, EDT,2023-06-24 04:39:54
169,ab,MNZ-001-2023,58.0639,-112.669, 2023-06-03 15:25:00,2595.0, BH, MDT,2023-06-24 04:39:54
170,sk,23LX-LSZ001,55.2829,-110.001, 2023-05-13 13:59:14,64112.2, OC, CST,2023-06-24 04:39:54
171,ab,GWF-041-2023,55.9095,-119.335, 2023-06-12 21:10:00,6.5, BH, MDT,2023-06-24 04:39:54
172,bc,2023-V10618,49.3533,-122.021, 2023-06-05 00:46:00,63.3, UC, PDT,2023-06-24 04:39:54
173,on,THU_FIRE_018,50.925,-89.8494, 2023-06-12 19:59:00,13.8, UC, GMT,2023-06-24 04:39:54
174,yt,2023WL003,60.46,-125.972, 2023-06-02 16:27:00,1728.86, OC, PDT,2023-06-24 04:39:54
175,sk,23LA-PINK,56.6895,-104.15, 2023-06-14 09:59:07,25.0, OC, CST,2023-06-24 04:39:54
176,bc,2023-V10588,49.4821,-121.991, 2023-06-03 23:12:00,767.2, BH, PDT,2023-06-24 04:39:54
177,sk,23LX-CENTIPEDE,56.258,-107.312, 2023-06-02 20:33:39,1148.0, OC, CST,2023-06-24 04:39:54
178,on,SLK_FIRE_039,51.9926,-91.317, 2023-06-15 20:33:00,1.0, OC, GMT,2023-06-24 04:39:54
179,bc,2023-G70645,55.154,-120.67, 2023-06-06 20:41:00,25095.0, OC, PDT,2023-06-24 04:39:54
180,bc,2023-G60603,55.912,-123.135, 2023-06-04 16:12:00,151.17, OC, PDT,2023-06-24 04:39:54
181,qc,462,50.6786,-72.8358, 2023-06-08 12:14:00,15466.1, BH, EDT,2023-06-24 04:39:54
182,on,KLK_FIRE_005,47.5769,-80.248, 2023-06-07 19:20:00,2300.0, OC, GMT,2023-06-24 04:39:54
183,qc,361,47.1303,-73.7275, 2023-06-02 20:00:00,1441.9, UC, EDT,2023-06-24 04:39:54
184,qc,449,49.2592,-74.985, 2023-06-05 20:00:00,26513.6, OC, EDT,2023-06-24 04:39:54
185,qc,372,48.7817,-75.2447, 2023-06-03 11:33:00,2873.4, BH, EDT,2023-06-24 04:39:54
186,qc,270,49.7389,-68.6347, 2023-06-01 05:00:00,3045.0, UC, EDT,2023-06-24 04:39:54
187,qc,378,50.5236,-66.0692, 2023-06-01 20:00:00,0.0, UC, EDT,2023-06-24 04:39:54
188,ak,Ridgetop,63.9306,-149.148, 2023-06-12 00:00:00,101.17, Staffed/Uncontained,,2023-06-24 04:39:54
189,bc,2023-K40665,51.4401,-118.64, 2023-06-07 23:24:00,25.0, BH, PDT,2023-06-24 04:39:54
190,bc,2023-V70600,49.2773,-124.615, 2023-06-04 07:53:00,229.0, UC, PDT,2023-06-24 04:39:54
191,pc,2023WB2,59.3952,-112.452, 2023-05-28 20:27:16,18911.0, OC, MDT,2023-06-24 04:39:54
192,bc,2023-G90292,58.0517,-123.325, 2023-05-13 23:28:00,22413.0, OC, PDT,2023-06-24 04:39:54
193,bc,2023-G30612,52.3739,-119.328, 2023-06-04 23:34:00,272.0, BH, PDT,2023-06-24 04:39:54
194,bc,2023-C30675,52.2524,-120.836, 2023-06-08 22:18:00,226.0, UC, PDT,2023-06-24 04:39:54
195,qc,314,49.5558,-76.7642, 2023-06-02 02:35:00,47576.2, OC, EDT,2023-06-24 04:39:54
196,on,HEA_FIRE_005,49.1387,-82.1934, 2023-06-06 15:10:00,90.0, UC, GMT,2023-06-24 04:39:54
197,sk,23LA-SUTTLE,56.5294,-105.531, 2023-06-13 17:13:17,600.0, OC, CST,2023-06-24 04:39:54
198,bc,2023-G90288,59.9636,-120.987, 2023-05-13 20:30:00,107425.0, OC, PDT,2023-06-24 04:39:54
199,on,SLK_FIRE_020,50.6653,-90.9121, 2023-06-07 18:35:00,70.0, UC, GMT,2023-06-24 04:39:54
200,bc,2023-G70644,55.3792,-120.083, 2023-06-06 20:15:00,4427.0, BH, PDT,2023-06-24 04:39:54
201,bc,2023-G90709,59.8265,-123.552, 2023-06-10 19:55:00,5506.0, OC, PDT,2023-06-24 04:39:54
202,nt,VQ004-23,64.9371,-124.199, 2023-06-16 21:25:00,200.37, OC, MDT,2023-06-24 04:39:54
203,nt,VQ003-23,65.4754,-126.708, 2023-06-15 22:41:00,159.07, OC, MDT,2023-06-24 04:39:54
204,on,NIP_FIRE_009,53.0395,-88.3788, 2023-06-05 21:56:00,16583.0, OC, GMT,2023-06-24 04:39:54
205,on,SLK_FIRE_023,53.7625,-90.7008, 2023-06-08 22:57:00,11537.2, OC, GMT,2023-06-24 04:39:54
206,on,SLK_FIRE_007,51.7644,-91.8501, 2023-05-26 21:52:00,16002.8, OC, GMT,2023-06-24 04:39:54
207,qc,319,48.7861,-74.2297, 2023-06-01 19:30:00,438.2, UC, EDT,2023-06-24 04:39:54
208,bc,2023-V80527,50.3705,-126.037, 2023-05-29 21:34:00,230.0, BH, PDT,2023-06-24 04:39:54
209,on,SLK_FIRE_040,52.0766,-91.5473, 2023-06-15 20:37:00,28.1, OC, GMT,2023-06-24 04:39:54
210,qc,249,49.3578,-71.0489, 2023-06-01 20:00:00,6645.7, BH, EDT,2023-06-24 04:39:54
211,ab,EWF-035-2023,53.8368,-115.783, 2023-05-05 20:03:00,19672.0, BH, MDT,2023-06-24 04:39:54
212,on,SLK_FIRE_030,53.5838,-91.8239, 2023-06-10 21:34:00,33.3, OC, GMT,2023-06-24 04:39:54
213,on,SLK_FIRE_019,52.0922,-89.2822, 2023-06-06 23:35:00,824.8, OC, GMT,2023-06-24 04:39:54
214,ab,HWF-058-2023,58.1671,-118.42, 2023-06-05 01:03:00,21356.0, OC, MDT,2023-06-24 04:39:54
215,yt,2023XY014,60.6247,-134.023, 2023-06-18 20:14:00,0.0, OC, PDT,2023-06-24 04:39:54
216,qc,308,47.0047,-73.4128, 2023-06-01 20:00:00,411.3, BH, EDT,2023-06-24 04:39:54
217,bc,2023-C50811,51.9234,-123.119, 2023-06-17 04:06:00,0.01, UC, PDT,2023-06-24 04:39:54
218,on,RED_FIRE_026,51.3788,-92.9906, 2023-06-10 19:44:00,169.7, UC, GMT,2023-06-24 04:39:54
219,bc,2023-G60705,55.6292,-124.459, 2023-06-10 01:04:00,8.6, UC, PDT,2023-06-24 04:39:54
220,qc,359,46.9411,-73.3522, 2023-06-02 19:00:00,477.2, BH, EDT,2023-06-24 04:39:54
221,sk,23LA-FOSTER,56.438,-105.719, 2023-06-14 10:44:29,971.0, OC, CST,2023-06-24 04:39:54
222,mb,NO029,56.5225,-99.6622, 2023-06-12 05:00:00,10564.4, OC, CDT,2023-06-24 04:39:54
223,mb,NO039,55.4353,-98.3072, 2023-06-18 05:00:00,2.0, UC, CDT,2023-06-24 04:39:54
224,ab,PWF-057-2023,56.4472,-116.098, 2023-06-15 02:16:00,0.1, UC, MDT,2023-06-24 04:39:54
225,ab,PWF-055-2023,56.423,-119.962, 2023-06-06 21:23:00,0.01, UC, MDT,2023-06-24 04:39:54
226,ab,PWF-054-2023,56.4231,-119.969, 2023-06-06 19:55:00,1.46, UC, MDT,2023-06-24 04:39:54
227,yt,2023XY013,60.7285,-135.077, 2023-06-17 04:09:00,1.0, UC, PDT,2023-06-24 04:39:54
228,mb,NO040,55.5694,-99.6867, 2023-06-18 05:00:00,10.0, OC, CDT,2023-06-24 04:39:54
229,ak,Ladue Overwinter 1,63.4454,-141.929, 2023-06-17 00:00:00,0.04, Unstaffed/Uncontaine,,2023-06-24 04:39:54
230,bc,2023-G90358,59.1388,-120.334, 2023-05-18 00:50:00,36295.1, OC, PDT,2023-06-24 04:39:54
231,bc,2023-G90628,58.5021,-120.412, 2023-06-05 15:50:00,11077.8, OC, PDT,2023-06-24 04:39:54
232,bc,2023-G90635,58.195,-120.083, 2023-06-05 20:10:00,4687.96, OC, PDT,2023-06-24 04:39:54
233,mb,NO041,56.7092,-98.4792, 2023-06-18 05:00:00,215.0, OC, CDT,2023-06-24 04:39:54
234,mb,NO042,56.6606,-98.3983, 2023-06-18 05:00:00,123.0, OC, CDT,2023-06-24 04:39:54
235,sk,23LA-KENNY,55.0362,-104.087, 2023-06-07 10:28:38,36937.0, OC, CST,2023-06-24 04:39:54
236,qc,337,46.5953,-77.3606, 2023-06-02 00:03:00,805.1, UC, EDT,2023-06-24 04:39:54
237,qc,229,47.6956,-74.0675, 2023-06-01 17:20:00,307.2, UC, EDT,2023-06-24 04:39:54
238,mb,NO038,57.0575,-100.511, 2023-06-18 05:00:00,54.0, OC, CDT,2023-06-24 04:39:54
239,qc,287,49.4581,-72.5764, 2023-06-01 22:00:00,3009.1, UC, EDT,2023-06-24 04:39:54
240,qc,381,48.4286,-69.8294, 2023-06-03 17:00:00,1027.1, UC, EDT,2023-06-24 04:39:54
241,ab,MSZ-001-2023,58.9446,-110.006, 2023-06-03 15:00:00,75.0, BH, MDT,2023-06-24 04:39:54
242,ab,WWF-023-2023,54.3939,-116.341, 2023-05-05 20:03:00,66436.7, BH, MDT,2023-06-24 04:39:54
243,on,SUD_FIRE_019,46.7506,-81.9973, 2023-06-04 16:40:00,459.0, UC, GMT,2023-06-24 04:39:54
244,sk,23LX-ELLERAAS,56.8301,-106.595, 2023-05-30 12:47:09,18342.2, OC, CST,2023-06-24 04:39:54
245,sk,23LX-HAULTAIN,56.8612,-106.427, 2023-06-02 20:44:40,5664.0, OC, CST,2023-06-24 04:39:54
246,nt,ZF002-23,61.9053,-112.745, 2023-06-19 22:20:00,1.0, OC, MDT,2023-06-24 04:39:54
247,mb,NO016,53.3303,-94.7756, 2023-06-10 05:00:00,181.0, OC, CDT,2023-06-24 04:39:54
248,on,RED_FIRE_032,52.1375,-94.6138, 2023-06-11 21:47:00,535.6, OC, GMT,2023-06-24 04:39:54
249,ab,MWF-025-2023,58.8671,-111.146, 2023-05-28 18:30:00,60568.4, BH, MDT,2023-06-24 04:39:54
250,on,COC_FIRE_005,48.847,-79.5585, 2023-06-01 21:44:00,9.5, UC, GMT,2023-06-24 04:39:54
251,bc,2023-K20469,52.1381,-119.569, 2023-05-21 21:12:00,1270.0, UC, PDT,2023-06-24 04:39:54
252,ab,EWF-031-2023,53.1452,-115.687, 2023-05-04 19:21:00,204318.0, BH, MDT,2023-06-24 04:39:54
253,ab,RWF-034-2023,52.8151,-115.45, 2023-05-04 22:59:00,87492.0, BH, MDT,2023-06-24 04:39:54
254,ab,RWF-040-2023,52.8087,-116.204, 2023-05-05 20:45:00,5089.0, BH, MDT,2023-06-24 04:39:54
255,mb,NO043,55.8589,-94.3678, 2023-06-19 05:00:00,200.0, OC, CDT,2023-06-24 04:39:54
256,mb,NO037,57.0006,-100.587, 2023-06-18 05:00:00,500.0, OC, CDT,2023-06-24 04:39:54
257,nl,607,53.0856,-64.3624, 2023-06-12 00:00:00,6760.0, UC, NDT,2023-06-24 04:39:54
258,qc,474,51.5289,-63.1692, 2023-06-11 19:16:00,269.5, OC, EDT,2023-06-24 04:39:54
259,bc,2023-G60649,55.6615,-123.897, 2023-06-06 22:45:00,100.0, UC, PDT,2023-06-24 04:39:54
260,bc,2023-G60770,56.848,-124.979, 2023-06-14 00:12:00,60.0, UC, PDT,2023-06-24 04:39:54
261,qc,388,48.0128,-75.8644, 2023-06-01 22:23:00,80.0, UC, EDT,2023-06-24 04:39:54
262,qc,394,46.2269,-76.4597, 2023-06-02 01:08:00,73.7, UC, EDT,2023-06-24 04:39:54
263,bc,2023-G60325,57.3534,-124.844, 2023-05-15 21:48:00,17215.0, BH, PDT,2023-06-24 04:39:54
264,bc,2023-N50763,50.0067,-117.441, 2023-06-13 19:05:00,0.01, UC, PDT,2023-06-24 04:39:54
265,ab,GWF-035-2023,55.5859,-119.403, 2023-06-04 21:41:00,871.4, BH, MDT,2023-06-24 04:39:54
266,ab,GWF-038-2023,55.655,-119.485, 2023-06-06 19:46:00,7139.0, OC, MDT,2023-06-24 04:39:54
267,bc,2023-N40726,51.7026,-116.696, 2023-06-11 01:52:00,8.0, UC, PDT,2023-06-24 04:39:54
268,bc,2023-G90273,58.0617,-121.912, 2023-05-12 20:25:00,37869.0, OC, PDT,2023-06-24 04:39:54
269,sk,23LX-SHAW,55.5584,-108.38, 2023-05-04 17:17:17,191310.0, OC, CST,2023-06-24 04:39:54
270,ab,LWF-148-2023,55.9353,-111.105, 2023-06-07 22:19:00,2317.0, UC, MDT,2023-06-24 04:39:54
271,bc,2023-N70201,50.6038,-117.011, 2023-05-04 03:08:00,13.0, UC, PDT,2023-06-24 04:39:54
272,bc,2023-N70648,50.6624,-117.072, 2023-06-06 19:02:00,0.13, UC, PDT,2023-06-24 04:39:54
273,on,COC_FIRE_012,52.9385,-82.5542, 2023-06-17 17:49:00,68.2, OC, GMT,2023-06-24 04:39:54
274,sk,23LX-HARRY,55.4895,-107.305, 2023-06-18 15:25:31,5.0, UC, CST,2023-06-24 04:39:54
275,qc,339,48.4889,-74.8294, 2023-06-01 22:33:00,2339.5, BH, EDT,2023-06-24 04:39:54
276,mb,NO044,54.9658,-98.4706, 2023-06-20 05:00:00,0.3, UC, CDT,2023-06-24 04:39:54
277,on,COC_FIRE_011,52.1823,-81.8548, 2023-06-17 16:40:00,300.0, OC, GMT,2023-06-24 04:39:54
278,on,SLK_FIRE_031,50.9728,-89.1258, 2023-06-11 18:23:00,20000.0, OC, GMT,2023-06-24 04:39:54
279,bc,2023-K20662,51.0277,-120.762, 2023-06-07 01:35:00,0.01, UC, PDT,2023-06-24 04:39:54
280,bc,2023-G70755,54.5387,-120.686, 2023-06-13 01:11:00,11.11, BH, PDT,2023-06-24 04:39:54
281,bc,2023-G90565,57.9132,-123.931, 2023-06-02 18:14:00,208.0, UC, PDT,2023-06-24 04:39:54
282,bc,2023-G70759,54.302,-120.243, 2023-06-13 03:06:00,23.28, BH, PDT,2023-06-24 04:39:54
283,bc,2023-G90776,58.2226,-123.885, 2023-06-14 04:03:00,793.0, OC, PDT,2023-06-24 04:39:54
284,bc,2023-G90810,57.6618,-123.44, 2023-06-17 04:47:00,500.0, OC, PDT,2023-06-24 04:39:54
285,bc,2023-V80829,49.8649,-126.674, 2023-06-20 21:55:00,0.04, UC, PDT,2023-06-24 04:39:54
286,sk,23LX-SMITH,55.9848,-106.587, 2023-05-11 17:55:13,449225.0, OC, CST,2023-06-24 04:39:54
287,qc,439,49.5486,-70.8086, 2023-06-01 19:30:00,64.8, UC, EDT,2023-06-24 04:39:54
288,qc,271,50.2925,-70.5722, ,6524.7, UC, EDT,2023-06-24 04:39:54
289,qc,279,50.7486,-70.1975, 2023-06-01 21:00:00,145.7, UC, EDT,2023-06-24 04:39:54
290,qc,408,49.6006,-71.6014, 2023-06-01 19:30:00,1154.5, UC, EDT,2023-06-24 04:39:54
291,qc,431,49.0792,-75.0025, 2023-06-04 22:22:00,841.1, OC, EDT,2023-06-24 04:39:54
292,mb,NO046,54.4289,-97.7244, 2023-06-21 05:00:00,0.1, UC, CDT,2023-06-24 04:39:54
293,ab,GWF-027-2023,54.5201,-117.357, 2023-05-13 18:44:00,54988.4, BH, MDT,2023-06-24 04:39:54
294,on,RED_FIRE_027,51.2427,-92.707, 2023-06-10 19:53:00,527.8, BH, GMT,2023-06-24 04:39:54
295,on,NIP_FIRE_013,50.8433,-87.3543, 2023-06-11 18:30:00,15872.8, OC, GMT,2023-06-24 04:39:54
296,ab,SWF-103-2023,56.8033,-115.089, 2023-06-21 22:36:00,15.3, BH, MDT,2023-06-24 04:39:54
297,qc,483,54.0569,-74.6378, 2023-06-15 12:13:00,113959.0, OC, EDT,2023-06-24 04:39:54
298,on,SLK_FIRE_033,50.5579,-90.1077, 2023-06-11 23:07:00,41548.1, OC, GMT,2023-06-24 04:39:54
299,qc,265,49.4403,-71.5572, 2023-06-01 20:30:00,6052.3, UC, EDT,2023-06-24 04:39:54
300,nt,SS015-23,60.9826,-107.099, 2023-05-31 21:29:00,2.0, OC, MDT,2023-06-24 04:39:54
301,qc,504,54.4117,-76.0108, 2023-06-22 18:09:00,1.0, OC, EDT,2023-06-24 04:39:54
302,bc,2023-V90779,50.2894,-126.927, 2023-06-14 16:12:00,7.9, UC, PDT,2023-06-24 04:39:54
303,bc,2023-G60655,55.9945,-124.082, 2023-06-07 02:16:00,1453.0, OC, PDT,2023-06-24 04:39:54
304,bc,2023-N40596,52.0451,-118.702, 2023-06-04 01:42:00,1138.93, BH, PDT,2023-06-24 04:39:54
305,mb,EA041,52.5019,-95.5689, 2023-06-04 05:00:00,850.0, UC, CDT,2023-06-24 04:39:54
306,mb,EA059,52.6308,-95.7336, 2023-06-11 05:00:00,1940.0, OC, CDT,2023-06-24 04:39:54
307,qc,487,58.745,-65.9844, 2023-06-18 00:32:00,7.9, OC, EDT,2023-06-24 04:39:54
308,qc,490,54.8631,-70.9075, 2023-06-17 20:00:00,410.6, OC, EDT,2023-06-24 04:39:54
309,qc,496,48.5811,-75.7872, 2023-06-12 23:33:00,0.0, BH, EDT,2023-06-24 04:39:54
310,qc,468,53.9519,-72.4031, 2023-09-10 16:00:00,6897.9, OC, EDT,2023-06-24 04:39:54
311,ab,SWF-086-2023,55.1798,-114.116, 2023-05-17 02:17:00,4742.0, UC, MDT,2023-06-24 04:39:54
312,ab,SWF-087-2023,55.2281,-114.275, 2023-05-17 02:29:00,1036.0, UC, MDT,2023-06-24 04:39:54
313,ab,LWF-157-2023,55.9231,-110.71, 2023-06-22 14:40:00,0.01, UC, MDT,2023-06-24 04:39:54
314,pc,2023WB14,58.96,-113.29, 2023-05-31 01:32:46,97230.0, OC, MDT,2023-06-24 04:39:54
315,ab,PWF-060-2023,56.4357,-119.793, 2023-06-22 16:35:00,0.52, UC, MDT,2023-06-24 04:39:54
316,qc,501,54.4906,-77.3303, 2023-06-21 15:00:00,1.0, OC, EDT,2023-06-24 04:39:54
317,qc,503,54.5308,-77.6772, 2023-06-21 15:45:00,1.0, OC, EDT,2023-06-24 04:39:54
318,qc,481,49.0325,-75.3522, 2023-06-14 23:35:00,101.6, BH, EDT,2023-06-24 04:39:54
319,qc,502,54.5136,-77.1606, 2023-06-21 16:00:00,1.1, OC, EDT,2023-06-24 04:39:54
320,qc,302,48.7011,-74.1394, 2023-06-01 19:00:00,2659.9, UC, EDT,2023-06-24 04:39:54
321,qc,283,49.5558,-68.6725, 2023-06-01 05:00:00,9318.1, OC, EDT,2023-06-24 04:39:54
322,on,RED_FIRE_028,50.7161,-92.2131, 2023-06-10 19:56:00,16040.0, OC, GMT,2023-06-24 04:39:54
323,bc,2023-G80839,57.9621,-121.044, 2023-06-22 20:12:00,75.0, OC, PDT,2023-06-24 04:39:54
324,on,COC_FIRE_016,51.159,-80.6632, 2023-06-22 18:34:00,4.0, OC, GMT,2023-06-24 04:39:54
325,qc,351,49.1106,-74.62, 2023-06-02 00:00:00,6459.0, OC, EDT,2023-06-24 04:39:54
326,on,SLK_FIRE_046,51.2207,-91.8938, 2023-06-21 18:46:00,0.3, UC, GMT,2023-06-24 04:39:54
327,qc,295,49.6947,-72.5819, 2023-06-01 19:15:00,980.9, UC, EDT,2023-06-24 04:39:54
328,qc,277,49.5189,-72.6156, 2023-06-01 19:20:00,3276.6, UC, EDT,2023-06-24 04:39:54
329,qc,233,49.4347,-77.2211, 2023-06-01 19:33:00,4933.7, OC, EDT,2023-06-24 04:39:54
330,ab,PWF-061-2023,57.6607,-118.839, 2023-06-22 20:09:00,12.0, BH, MDT,2023-06-24 04:39:54
331,sk,23LA-WISTIGO,55.2572,-106.375, 2023-05-11 17:27:38,64309.8, OC, CST,2023-06-24 04:39:54
332,sk,23LA-BLACK,55.7225,-105.849, 2023-06-16 16:21:13,2426.0, OC, CST,2023-06-24 04:39:54
333,sk,23LA-SHARP,55.4241,-105.122, 2023-05-19 13:48:02,19782.0, UC, CST,2023-06-24 04:39:54
334,sk,23DB-KPIR02,54.8537,-103.39, 2023-05-18 15:13:07,9213.0, OC, CST,2023-06-24 04:39:54
335,qc,305,49.7236,-72.6042, 2023-06-01 23:30:00,1524.2, UC, EDT,2023-06-24 04:39:54
336,sk,23LA-MCCRAE,56.0684,-105.852, 2023-05-11 17:13:38,80000.0, OC, CST,2023-06-24 04:39:54
337,ab,LWF-158-2023,55.9235,-110.689, 2023-06-22 16:42:00,0.01, UC, MDT,2023-06-24 04:39:54
338,qc,488,50.2325,-78.3942, 2023-06-18 21:13:00,26394.9, OC, EDT,2023-06-24 04:39:54
339,mb,WE023,55.1442,-99.3611, 2023-06-21 05:00:00,152.8, OC, CDT,2023-06-24 04:39:54
340,nt,SS012-23,60.5739,-118.027, 2023-06-05 23:30:00,18.2, BH, MDT,2023-06-24 04:39:54
341,ak,Louise Creek Coal Seam,63.921,-148.87, 2023-06-14 00:00:00,100.97, Unstaffed/Uncontaine,,2023-06-24 04:39:54
342,qc,379,50.1667,-73.4733, 2023-06-02 15:00:00,37375.6, OC, EDT,2023-06-24 04:39:54
343,qc,454,50.3847,-72.1808, 2023-06-05 19:06:00,3390.4, UC, EDT,2023-06-24 04:39:54
344,qc,469,54.0028,-72.1719, 2023-06-10 16:00:00,5910.4, OC, EDT,2023-06-24 04:39:54
345,qc,281,49.0622,-79.3578, 2023-06-01 21:58:00,9327.4, OC, EDT,2023-06-24 04:39:54
346,qc,498,54.5289,-77.7439, 2023-06-21 13:00:00,1.0, OC, EDT,2023-06-24 04:39:54
347,qc,500,54.5533,-77.8639, 2023-06-21 13:15:00,1.0, OC, EDT,2023-06-24 04:39:54
348,pc,2023WB12,58.1171,-112.644, 2023-05-31 01:08:52,15992.0, OC, MDT,2023-06-24 04:39:54
349,pc,2023WB7,59.6748,-112.425, 2023-05-29 22:09:23,41104.0, OC, MDT,2023-06-24 04:39:54
350,mb,EA055,53.2792,-96.9242, 2023-06-10 05:00:00,2910.0, OC, CDT,2023-06-24 04:39:54
351,ab,SWF-057-2023,55.0343,-115.148, 2023-05-04 18:04:00,16728.0, UC, MDT,2023-06-24 04:39:54
352,sk,23LA-MCKENNA,55.0688,-104.409, 2023-06-14 18:48:28,5.5, OC, CST,2023-06-24 04:39:54
353,nt,FS010-23,61.0082,-119.992, 2023-06-12 23:11:00,8.0, UC, MDT,2023-06-24 04:39:54
354,nt,FS009-23,60.1275,-123.822, 2023-06-10 22:08:00,0.5, UC, MDT,2023-06-24 04:39:54
355,nt,FS001-23,60.0514,-120.976, 2023-05-13 21:30:00,450803.0, OC, MDT,2023-06-24 04:39:54
356,on,COC_FIRE_013,52.9259,-82.4079, 2023-06-18 19:25:00,1.0, UC, GMT,2023-06-24 04:39:54
357,ab,EWF-040-2023,53.9356,-117.776, 2023-05-06 17:05:00,12073.4, BH, MDT,2023-06-24 04:39:54
358,pc,2023WB1,58.6371,-114.002, 2023-05-16 22:51:58,20.67, OC, MDT,2023-06-24 04:39:54
359,ab,HWF-065-2023,57.5528,-114.925, 2023-06-10 21:30:00,756.0, BH, MDT,2023-06-24 04:39:54
360,qc,297,48.1811,-76.9086, 2023-06-01 22:55:00,18773.0, OC, EDT,2023-06-24 04:39:54
361,on,COC_FIRE_007,48.9843,-79.6735, 2023-06-02 21:35:00,18400.0, OC, GMT,2023-06-24 04:39:54
362,qc,508,54.6819,-74.8561, 2023-06-21 21:30:00,1.0, OC, EDT,2023-06-24 04:39:54
363,mb,NO035,55.8719,-101.201, 2023-06-16 05:00:00,154.0, UC, CDT,2023-06-24 04:39:54
364,mb,WE018,55.4372,-101.673, 2023-06-16 05:00:00,1100.0, OC, CDT,2023-06-24 04:39:54
365,mb,WE022,54.7789,-100.964, 2023-06-21 05:00:00,0.5, UC, CDT,2023-06-24 04:39:54
366,on,KEN_FIRE_026,50.2155,-93.5907, 2023-06-21 22:11:00,0.7, UC, GMT,2023-06-24 04:39:54
367,on,RED_FIRE_029,50.6102,-92.5964, 2023-06-10 20:11:00,3668.0, OC, GMT,2023-06-24 04:39:54
368,ab,SWF-081-2023,56.9909,-113.459, 2023-05-14 18:37:00,33138.0, BH, MDT,2023-06-24 04:39:54
369,mb,EA050,53.0383,-96.8603, 2023-06-07 05:00:00,554.0, OC, CDT,2023-06-24 04:39:54
370,mb,EA057,53.1078,-96.5069, 2023-06-11 05:00:00,394.0, OC, CDT,2023-06-24 04:39:54
371,on,SLK_FIRE_048,53.3889,-90.4112, 2023-06-21 21:20:00,622.0, OC, GMT,2023-06-24 04:39:54
372,on,SLK_FIRE_047,53.1217,-90.366, 2023-06-21 21:11:00,1627.0, OC, GMT,2023-06-24 04:39:54
373,on,TIM_FIRE_007,47.9984,-81.9443, 2023-06-04 21:07:00,149.0, UC, GMT,2023-06-24 04:39:54
374,qc,467,50.7289,-76.2622, 2023-06-11 18:55:00,59800.4, OC, EDT,2023-06-24 04:39:54
375,qc,237,48.6086,-76.6356, 2023-06-01 20:06:00,19164.4, OC, EDT,2023-06-24 04:39:54
376,qc,334,50.4528,-74.1314, 2023-06-01 15:00:00,153211.0, OC, EDT,2023-06-24 04:39:54
377,qc,457,51.1356,-72.7747, 2023-06-05 23:15:00,3191.2, OC, EDT,2023-06-24 04:39:54
378,qc,473,50.5739,-75.0111, 2023-06-13 17:57:00,13201.3, OC, EDT,2023-06-24 04:39:54
379,qc,492,51.1867,-74.0806, 2023-06-13 21:22:00,3801.2, OC, EDT,2023-06-24 04:39:54
380,pc,2023WB4,58.3837,-112.247, 2023-05-28 21:44:23,435.0, OC, MDT,2023-06-24 04:39:54
381,qc,450,50.6519,-73.1058, 2023-06-06 01:00:00,20672.4, BH, EDT,2023-06-24 04:39:54
382,qc,460,51.0942,-73.1653, 2023-06-05 23:40:00,6337.1, OC, EDT,2023-06-24 04:39:54
383,on,NIP_FIRE_019,51.0052,-87.5622, 2023-06-13 21:01:00,6031.0, OC, GMT,2023-06-24 04:39:54
384,qc,369,49.1686,-75.6703, 2023-06-03 11:27:00,20027.7, OC, EDT,2023-06-24 04:39:54
385,qc,373,48.8433,-75.1025, 2023-06-03 11:34:00,16809.6, OC, EDT,2023-06-24 04:39:54
386,qc,451,49.7681,-73.3861, 2023-06-06 17:26:00,851.4, OC, EDT,2023-06-24 04:39:54
387,ab,HWF-070-2023,57.9192,-117.075, 2023-06-23 16:42:00,0.01, UC, MDT,2023-06-24 04:39:54
388,qc,453,50.7172,-72.555, 2023-06-05 23:40:00,14557.1, OC, EDT,2023-06-24 04:39:54
389,qc,357,52.8964,-73.4064, 2023-06-01 21:00:00,178233.0, OC, EDT,2023-06-24 04:39:54
390,qc,509,48.6911,-78.2256, 2023-06-23 17:08:00,0.0, BH, EDT,2023-06-24 04:39:54
391,ns,03-010-2023,43.6286,-65.5833, 2023-05-27 20:00:00,23379.2, UC, ADT,2023-06-24 04:39:54
392,ns,09-011-2023,44.7233,-63.8765, 2023-05-28 20:00:00,969.53, UC, ADT,2023-06-24 04:39:54
393,ns,03-012-2023,43.7384,-65.2876, 2023-05-31 20:00:00,114.08, UC, ADT,2023-06-24 04:39:54
394,qc,172,50.6178,-66.0056, 2023-05-28 15:30:00,42573.0, OC, EDT,2023-06-24 04:39:54
395,qc,218,53.0506,-75.3258, 2023-05-27 19:43:00,475008.0, OC, EDT,2023-06-24 04:39:54
396,qc,470,51.1608,-66.1956, 2023-06-11 19:29:00,23959.6, OC, EDT,2023-06-24 04:39:54
397,on,PAR_FIRE_009,45.6367,-80.4176, 2023-06-22 20:09:00,1.2, UC, GMT,2023-06-24 04:39:54
398,qc,256,49.3014,-76.9186, 2023-06-01 20:18:00,6908.3, OC, EDT,2023-06-24 04:39:54
399,ab,PWF-063-2023,57.2651,-118.109, 2023-06-23 03:17:00,0.01, UC, MDT,2023-06-24 04:39:54
400,sk,23LX-YOST,55.5612,-106.681, 2023-06-15 16:33:11,2.0, OC, CST,2023-06-24 04:39:54
401,sk,23BN-VERMETTE,55.6443,-109.219, 2023-04-29 19:52:08,88446.0, UC, CST,2023-06-24 04:39:54
402,qc,485,53.3839,-76.1125, 2023-06-16 22:42:00,92244.1, OC, EDT,2023-06-24 04:39:54
403,qc,353,49.8558,-70.0192, 2023-06-01 19:30:00,11802.2, OC, EDT,2023-06-24 04:39:54
404,on,SLK_FIRE_050,51.5431,-91.9393, 2023-06-23 19:30:00,0.3, BH, GMT,2023-06-24 04:39:54
405,on,SLK_FIRE_029,52.106,-89.8102, 2023-06-10 18:39:00,998.0, OC, GMT,2023-06-24 04:39:54
406,sk,23LA-GOW,56.458,-104.383, 2023-06-07 15:01:05,907.0, OC, CST,2023-06-24 04:39:54
407,on,KLK_FIRE_013,48.1959,-80.5848, 2023-06-23 20:45:00,0.2, OC, GMT,2023-06-24 04:39:54
408,on,KLK_FIRE_012,48.2004,-80.5834, 2023-06-23 20:43:00,0.4, OC, GMT,2023-06-24 04:39:54
409,qc,497,48.0011,-77.9289, 2023-06-22 18:23:00,0.8, UC, EDT,2023-06-24 04:39:54
410,sk,23LA-DALY,56.5009,-105.609, 2023-06-13 17:07:28,456.0, OC, CST,2023-06-24 04:39:54
411,bc,2023-G80280,57.6187,-122.012, 2023-05-13 00:58:00,564806.0, OC, PDT,2023-06-24 04:39:54
412,on,KEN_FIRE_027,49.9903,-93.92, 2023-06-23 23:14:00,1.0, OC, GMT,2023-06-24 04:39:54
413,on,WAW_FIRE_007,48.6019,-85.3241, 2023-06-23 21:08:00,0.2, UC, GMT,2023-06-24 04:39:54
414,on,DRY_FIRE_022,49.9673,-91.1934, 2023-06-23 17:30:00,1.2, BH, GMT,2023-06-24 04:39:54
415,on,SLK_FIRE_044,51.0888,-90.8216, 2023-06-19 20:40:00,900.0, OC, GMT,2023-06-24 04:39:54
416,ab,HWF-064-2023,59.2838,-119.067, 2023-06-09 21:47:00,5200.0, OC, MDT,2023-06-24 04:39:54
417,pc,2023WB3,58.2736,-112.839, 2023-05-28 20:30:43,7063.0, OC, MDT,2023-06-24 04:39:54
418,qc,245,48.4708,-76.8569, 2023-06-01 18:45:00,5565.5, OC, EDT,2023-06-24 04:39:54
419,ab,HWF-036-2023,58.4906,-119.403, 2023-05-03 22:26:00,168614.0, OC, MDT,2023-06-24 04:39:54
420,ab,WCU-001-2023,53.5614,-114.903, 2023-04-29 22:40:00,6284.0, UC, MDT,2023-06-24 04:39:54
421,ab,WCU-002-2023,53.6246,-115.101, 2023-04-30 01:37:00,2478.0, UC, MDT,2023-06-24 04:39:54
422,bc,2023-G90845,58.4824,-121.889, 2023-06-23 21:35:00,25.0, OC, PDT,2023-06-24 04:39:54
423,on,COC_FIRE_017,49.2095,-80.888, 2023-06-24 01:04:00,0.1, OC, GMT,2023-06-24 04:39:54
424,on,NIP_FIRE_026,53.8073,-88.7836, 2023-06-23 19:58:00,800.0, OC, GMT,2023-06-24 04:39:54
425,on,SLK_FIRE_052,53.8636,-90.8169, 2023-06-23 19:53:00,1.0, OC, GMT,2023-06-24 04:39:54
426,on,NIP_FIRE_025,52.9961,-88.2433, 2023-06-23 19:08:00,5.0, OC, GMT,2023-06-24 04:39:54
427,on,SLK_FIRE_051,52.4784,-89.2153, 2023-06-23 17:44:00,80.0, OC, GMT,2023-06-24 04:39:54
428,on,SLK_FIRE_045,51.6691,-90.2371, 2023-06-20 20:53:00,10.0, BH, GMT,2023-06-24 04:39:54
429,qc,344,49.1222,-76.7867, 2023-06-02 18:23:00,380143.0, OC, EDT,2023-06-24 04:39:54
430,sk,23LA-WAPA,54.7295,-104.651, 2023-06-10 16:52:03,17500.0, OC, CST,2023-06-24 04:39:54
431,bc,2023-G90841,58.8547,-123.451, 2023-06-23 02:34:00,25.0, OC, PDT,2023-06-24 04:39:54
432,on,NIP_FIRE_024,52.2812,-86.2882, 2023-06-23 23:32:00,824.6, OC, GMT,2023-06-24 04:39:54
433,bc,2023-R90852,58.4139,-129.329, 2023-06-24 02:34:00,0.1, OC, PDT,2023-06-24 04:39:54
434,bc,2023-G60853,55.2382,-123.682, 2023-06-24 02:48:00,1.5, OC, PDT,2023-06-24 04:39:54
435,bc,2023-G60854,55.1012,-123.243, 2023-06-24 02:54:00,0.01, OC, PDT,2023-06-24 04:39:54
436,bc,2023-G60855,55.0965,-123.242, 2023-06-24 02:54:00,0.01, OC, PDT,2023-06-24 04:39:54
437,on,RED_FIRE_039,51.1809,-94.3112, 2023-06-24 01:19:00,0.2, OC, GMT,2023-06-24 04:39:54
438,on,KLK_FIRE_011,48.2265,-80.5886, 2023-06-23 20:39:00,0.2, OC, GMT,2023-06-24 04:39:54
439,on,KLK_FIRE_010,48.265,-80.56, 2023-06-23 20:32:00,0.4, OC, GMT,2023-06-24 04:39:54
440,on,KLK_FIRE_009,48.2773,-80.5449, 2023-06-23 20:26:00,0.1, OC, GMT,2023-06-24 04:39:54
441,on,KLK_FIRE_008,48.2803,-80.5504, 2023-06-23 19:50:00,1.0, OC, GMT,2023-06-24 04:39:54
442,ab,HWF-072-2023,57.6928,-116.02, 2023-06-24 01:46:00,57.9, OC, MDT,2023-06-24 04:39:54
443,yt,2023WL004,60.132,-129.024, 2023-06-24 04:36:00,0.0, OC, PDT,2023-06-24 04:39:54
444,yt,2023WL005,60.3013,-128.986, 2023-06-24 04:46:00,0.0, OC, PDT,2023-06-24 04:39:54
445,bc,2023-V70849,49.0963,-123.963, 2023-06-24 01:24:00,0.4, OC, PDT,2023-06-24 04:39:54
446,bc,2023-R90857,57.5945,-129.047, 2023-06-24 02:58:00,0.01, OC, PDT,2023-06-24 04:39:54
447,bc,2023-G80848,56.9137,-122.592, 2023-06-23 23:48:00,0.01, BH, PDT,2023-06-24 04:39:54
448,bc,2023-G80850,56.6032,-121.568, 2023-06-24 01:42:00,5.8, OC, PDT,2023-06-24 04:39:54
449,bc,2023-G50856,55.8735,-126.421, 2023-06-24 03:36:00,3.0, OC, PDT,2023-06-24 04:39:54
450,bc,2023-G60859,54.9695,-123.429, 2023-06-24 04:04:00,0.01, OC, PDT,2023-06-24 04:39:54
